1000 5000 500
1 0 361
2 0 257
3 0 436
4 0 136
5 4 110
6 1 72
7 2 226
8 7 481
9 6 428
10 0 346
11 4 93
12 9 457
13 3 467
14 7 162
15 8 56
16 2 154
17 0 412
18 9 248
19 14 222
20 16 155
21 16 159
22 20 45
23 15 51
24 6 392
25 22 109
26 19 326
27 17 478
28 18 24
29 11 355
30 26 320
31 27 272
32 20 170
33 2 341
34 10 241
35 34 164
36 12 475
37 12 24
38 20 82
39 29 394
40 7 459
41 7 347
42 9 485
43 11 282
44 18 297
45 18 319
46 38 1
47 39 119
48 42 147
49 41 463
50 22 355
51 39 121
52 28 135
53 22 143
54 33 463
55 25 15
56 18 422
57 19 205
58 55 371
59 28 173
60 57 414
61 28 200
62 40 58
63 4 182
64 47 126
65 59 231
66 27 34
67 50 445
68 55 439
69 63 344
70 29 352
71 55 124
72 17 63
73 9 307
74 30 62
75 72 360
76 15 272
77 72 79
78 14 255
79 4 487
80 76 496
81 54 391
82 79 384
83 73 286
84 7 252
85 72 339
86 38 114
87 40 363
88 25 126
89 50 475
90 82 174
91 19 484
92 4 187
93 59 387
94 29 229
95 40 441
96 59 274
97 94 301
98 62 339
99 56 121
100 11 241
101 24 141
102 19 91
103 13 121
104 77 203
105 45 362
106 38 435
107 24 252
108 71 491
109 60 126
110 7 224
111 97 257
112 30 443
113 17 112
114 71 296
115 28 290
116 105 326
117 49 2
118 30 20
119 103 117
120 42 191
121 51 46
122 8 179
123 100 405
124 0 260
125 108 404
126 82 383
127 48 386
128 56 485
129 87 234
130 97 429
131 46 62
132 8 168
133 38 189
134 78 230
135 36 152
136 48 335
137 99 189
138 21 392
139 138 42
140 104 500
141 127 418
142 62 133
143 113 70
144 45 360
145 88 17
146 56 43
147 107 356
148 115 314
149 100 342
150 94 496
151 97 451
152 22 167
153 44 399
154 73 47
155 47 468
156 80 172
157 49 219
158 17 316
159 123 280
160 140 107
161 18 321
162 150 389
163 130 118
164 13 259
165 11 14
166 148 57
167 62 254
168 88 500
169 122 399
170 83 354
171 85 83
172 66 33
173 81 254
174 44 391
175 148 378
176 123 466
177 161 452
178 47 412
179 9 81
180 158 197
181 96 339
182 56 134
183 83 412
184 60 484
185 6 458
186 99 444
187 58 311
188 148 267
189 10 321
190 5 455
191 158 380
192 144 47
193 121 426
194 65 283
195 136 364
196 34 222
197 190 74
198 153 100
199 135 33
200 129 86
201 130 362
202 57 184
203 104 12
204 195 285
205 105 488
206 89 73
207 4 255
208 102 344
209 132 351
210 129 358
211 188 447
212 112 261
213 95 400
214 94 461
215 85 327
216 5 182
217 195 306
218 52 106
219 98 419
220 117 278
221 217 80
222 128 494
223 170 275
224 189 305
225 17 231
226 154 445
227 29 192
228 215 56
229 12 57
230 84 112
231 159 63
232 72 456
233 94 386
234 86 284
235 171 47
236 7 258
237 2 398
238 76 116
239 101 87
240 59 169
241 78 439
242 221 78
243 159 300
244 29 346
245 43 158
246 42 333
247 200 18
248 36 295
249 240 156
250 28 319
251 56 179
252 243 229
253 169 175
254 91 123
255 1 228
256 250 324
257 245 447
258 111 176
259 230 479
260 43 38
261 70 481
262 178 296
263 133 140
264 132 86
265 111 9
266 125 96
267 57 122
268 218 372
269 190 96
270 86 222
271 225 31
272 200 59
273 118 72
274 8 310
275 117 326
276 214 225
277 186 404
278 62 267
279 108 371
280 200 30
281 54 37
282 274 480
283 81 128
284 214 486
285 42 467
286 159 442
287 7 88
288 93 478
289 109 161
290 169 188
291 2 324
292 40 219
293 47 98
294 152 377
295 292 242
296 148 172
297 19 155
298 290 300
299 161 151
300 212 192
301 237 150
302 56 477
303 162 447
304 200 181
305 136 485
306 14 237
307 211 477
308 181 158
309 260 442
310 151 96
311 191 100
312 17 57
313 309 352
314 39 25
315 280 17
316 243 44
317 97 181
318 185 323
319 261 11
320 88 149
321 1 436
322 55 483
323 228 65
324 220 118
325 257 274
326 282 486
327 40 447
328 303 455
329 128 246
330 310 102
331 178 369
332 321 133
333 73 135
334 274 385
335 191 479
336 113 70
337 201 34
338 304 141
339 9 144
340 4 204
341 121 56
342 131 100
343 16 126
344 337 379
345 269 6
346 142 163
347 179 278
348 211 255
349 170 225
350 15 299
351 238 409
352 196 189
353 271 318
354 96 372
355 178 492
356 231 16
357 271 8
358 201 446
359 106 75
360 4 267
361 307 286
362 136 278
363 215 305
364 136 373
365 235 219
366 194 493
367 163 499
368 34 228
369 177 174
370 22 466
371 192 195
372 333 351
373 340 464
374 109 68
375 277 330
376 241 103
377 241 117
378 65 349
379 18 422
380 243 476
381 305 1
382 251 460
383 381 294
384 176 346
385 168 488
386 36 144
387 334 286
388 184 206
389 336 321
390 50 67
391 80 151
392 83 259
393 12 146
394 80 409
395 386 449
396 350 49
397 157 201
398 80 460
399 222 444
400 221 426
401 77 308
402 185 368
403 104 216
404 237 294
405 51 412
406 197 417
407 382 142
408 11 441
409 341 184
410 110 434
411 152 237
412 231 36
413 2 163
414 61 428
415 179 239
416 5 268
417 253 480
418 249 410
419 18 373
420 140 57
421 293 310
422 296 154
423 157 115
424 124 128
425 323 233
426 155 180
427 20 169
428 131 469
429 268 185
430 235 308
431 13 331
432 243 247
433 361 441
434 427 232
435 42 74
436 291 478
437 407 478
438 3 176
439 262 317
440 346 100
441 249 463
442 249 89
443 393 25
444 324 136
445 55 61
446 206 393
447 337 274
448 425 179
449 68 57
450 41 344
451 302 469
452 116 428
453 420 459
454 453 92
455 247 424
456 349 147
457 191 196
458 281 207
459 344 497
460 434 117
461 192 479
462 330 265
463 176 394
464 251 111
465 31 84
466 151 40
467 19 332
468 72 389
469 468 88
470 289 249
471 122 334
472 368 235
473 111 461
474 473 142
475 220 191
476 248 167
477 198 331
478 190 497
479 27 163
480 450 25
481 33 268
482 62 465
483 39 100
484 308 81
485 171 209
486 393 114
487 199 183
488 352 210
489 63 220
490 432 321
491 114 236
492 178 101
493 390 23
494 187 378
495 316 119
496 441 350
497 363 79
498 85 369
499 89 282
500 162 3
501 95 316
502 402 125
503 53 377
504 5 311
505 177 152
506 31 221
507 397 267
508 301 38
509 201 159
510 396 61
511 143 449
512 361 410
513 188 304
514 212 134
515 133 48
516 370 256
517 34 91
518 262 481
519 2 299
520 429 335
521 375 220
522 510 159
523 6 362
524 74 153
525 111 315
526 261 433
527 380 368
528 457 58
529 69 232
530 160 10
531 466 401
532 324 419
533 522 41
534 527 249
535 436 311
536 403 145
537 472 300
538 327 405
539 220 319
540 274 79
541 229 385
542 336 323
543 114 380
544 153 83
545 442 187
546 247 311
547 513 340
548 110 169
549 477 437
550 467 217
551 283 446
552 96 71
553 274 51
554 369 392
555 5 361
556 201 205
557 122 432
558 302 59
559 502 320
560 5 390
561 139 274
562 483 63
563 178 189
564 344 355
565 246 106
566 113 302
567 177 368
568 363 211
569 249 224
570 510 52
571 517 378
572 326 44
573 490 88
574 132 370
575 164 105
576 249 250
577 377 165
578 9 331
579 152 491
580 56 108
581 93 289
582 210 371
583 436 165
584 55 203
585 176 439
586 5 439
587 488 294
588 402 498
589 317 402
590 554 452
591 441 76
592 495 280
593 122 410
594 426 434
595 10 250
596 175 313
597 164 22
598 111 369
599 321 349
600 273 329
601 415 233
602 52 336
603 63 141
604 479 49
605 135 113
606 398 468
607 113 238
608 444 283
609 449 199
610 127 391
611 324 416
612 80 132
613 472 429
614 204 456
615 539 355
616 285 82
617 263 68
618 69 360
619 580 394
620 414 175
621 101 81
622 541 359
623 346 182
624 622 13
625 355 163
626 48 388
627 602 210
628 299 243
629 568 410
630 193 8
631 120 197
632 357 125
633 419 267
634 484 97
635 631 155
636 194 226
637 434 143
638 22 239
639 535 95
640 586 189
641 499 244
642 123 282
643 119 41
644 38 118
645 264 9
646 486 40
647 534 5
648 458 438
649 288 469
650 482 266
651 158 292
652 235 348
653 171 12
654 114 189
655 570 419
656 44 73
657 414 95
658 22 326
659 157 64
660 25 238
661 533 76
662 241 53
663 99 380
664 624 442
665 628 99
666 213 121
667 48 384
668 344 243
669 216 150
670 40 34
671 14 384
672 621 104
673 311 233
674 571 455
675 297 413
676 164 213
677 631 235
678 238 115
679 95 311
680 472 360
681 389 151
682 5 6
683 582 138
684 471 362
685 66 444
686 548 34
687 97 50
688 18 343
689 149 165
690 46 469
691 339 482
692 211 68
693 593 107
694 674 454
695 10 270
696 676 103
697 477 394
698 288 272
699 479 109
700 7 75
701 695 69
702 23 421
703 534 315
704 660 478
705 447 55
706 35 113
707 229 443
708 571 79
709 190 83
710 106 379
711 112 408
712 702 423
713 496 89
714 682 373
715 36 219
716 225 342
717 247 118
718 506 415
719 250 372
720 44 470
721 247 158
722 466 364
723 686 291
724 422 55
725 171 452
726 154 260
727 690 465
728 300 261
729 192 202
730 204 110
731 230 301
732 549 498
733 13 1
734 112 77
735 62 107
736 434 466
737 254 200
738 230 365
739 77 264
740 729 173
741 148 443
742 254 247
743 652 74
744 167 222
745 585 429
746 662 314
747 427 134
748 130 299
749 388 464
750 466 337
751 495 190
752 181 289
753 494 125
754 561 4
755 87 28
756 258 296
757 162 355
758 693 208
759 168 294
760 177 51
761 93 494
762 319 73
763 262 405
764 371 179
765 607 384
766 322 424
767 66 30
768 87 63
769 406 325
770 710 274
771 621 125
772 538 320
773 489 71
774 18 327
775 675 209
776 597 178
777 610 330
778 86 213
779 148 485
780 234 238
781 2 432
782 183 142
783 80 109
784 671 373
785 400 414
786 363 423
787 745 466
788 33 30
789 681 135
790 581 194
791 210 174
792 754 360
793 59 381
794 454 127
795 693 65
796 59 415
797 106 180
798 554 254
799 275 57
800 291 405
801 567 325
802 113 370
803 538 273
804 381 349
805 76 494
806 742 402
807 148 193
808 361 398
809 154 196
810 461 471
811 388 459
812 452 446
813 109 7
814 3 483
815 41 383
816 368 390
817 764 345
818 41 116
819 182 17
820 680 448
821 286 451
822 194 72
823 147 27
824 125 213
825 317 230
826 599 30
827 484 216
828 425 135
829 402 488
830 688 141
831 281 475
832 288 440
833 573 74
834 571 360
835 830 415
836 589 262
837 532 9
838 654 89
839 226 258
840 58 264
841 133 48
842 755 155
843 373 272
844 278 113
845 33 190
846 509 127
847 814 230
848 162 325
849 652 4
850 297 144
851 58 379
852 797 241
853 797 410
854 158 86
855 347 153
856 248 440
857 811 290
858 743 494
859 101 329
860 718 377
861 454 82
862 827 188
863 119 432
864 169 3
865 436 27
866 35 263
867 365 85
868 698 442
869 204 168
870 458 440
871 167 409
872 812 192
873 566 52
874 477 281
875 522 54
876 867 352
877 561 134
878 428 356
879 481 227
880 757 353
881 140 21
882 166 427
883 558 430
884 822 246
885 552 491
886 453 178
887 613 378
888 696 302
889 257 143
890 528 73
891 183 111
892 683 26
893 129 410
894 786 464
895 551 181
896 869 250
897 387 127
898 515 175
899 603 403
900 490 373
901 568 436
902 594 372
903 765 449
904 173 108
905 161 277
906 3 116
907 329 32
908 367 13
909 814 370
910 21 242
911 610 475
912 237 49
913 770 200
914 811 224
915 914 469
916 89 434
917 314 402
918 163 350
919 111 156
920 513 451
921 813 411
922 33 438
923 613 133
924 21 15
925 660 412
926 828 218
927 605 377
928 95 122
929 291 251
930 631 199
931 530 255
932 316 164
933 210 217
934 417 55
935 237 173
936 766 370
937 283 128
938 677 181
939 562 338
940 601 341
941 12 487
942 834 395
943 11 365
944 337 304
945 197 473
946 191 57
947 589 346
948 117 281
949 527 84
950 668 194
951 483 24
952 414 99
953 354 357
954 618 347
955 786 21
956 726 190
957 760 224
958 558 18
959 903 468
960 153 75
961 233 421
962 269 306
963 681 354
964 469 200
965 672 30
966 751 271
967 617 123
968 634 206
969 800 458
970 270 484
971 119 142
972 857 361
973 567 14
974 515 147
975 92 285
976 660 393
977 110 211
978 564 456
979 969 286
980 6 395
981 641 348
982 871 298
983 672 43
984 752 12
985 160 100
986 299 345
987 39 32
988 226 140
989 322 465
990 939 65
991 357 200
992 325 64
993 707 397
994 751 454
995 765 107
996 78 162
997 932 349
998 409 409
999 475 304
592 891 492
457 454 118
909 209 328
203 520 146
773 821 139
638 68 132
776 887 55
449 374 419
307 148 76
483 924 157
848 898 229
414 754 364
500 997 92
847 499 328
359 306 105
601 189 43
874 438 428
645 655 10
606 39 323
885 219 500
771 905 171
897 983 156
148 381 159
851 270 270
921 685 250
154 631 420
205 189 257
334 523 385
671 95 158
561 817 369
905 592 497
447 494 337
493 27 184
970 53 367
499 297 360
286 984 178
144 405 234
569 778 342
112 565 96
38 407 318
778 60 345
233 712 228
771 569 171
845 934 382
941 131 126
310 765 93
207 188 194
592 917 199
946 981 184
487 5 60
103 542 196
553 338 413
287 170 54
51 753 398
305 348 373
56 574 60
704 951 198
767 986 293
85 473 384
612 663 151
313 370 237
586 89 105
131 182 238
71 516 349
660 856 190
945 68 204
775 225 25
49 533 255
27 601 122
263 816 139
59 741 294
168 521 135
6 737 468
58 640 438
824 74 327
584 606 479
100 627 39
966 703 177
883 329 115
951 361 16
381 254 28
388 844 378
761 735 287
848 975 433
195 85 51
126 262 498
735 921 468
389 414 18
502 634 47
23 297 343
50 742 411
742 826 311
665 333 245
669 766 2
917 977 214
200 677 383
597 109 412
640 41 415
85 195 367
897 791 102
121 915 424
828 18 279
251 553 264
417 165 490
706 712 188
621 618 49
457 961 364
844 165 21
197 60 460
181 857 406
892 474 397
153 519 27
401 704 65
546 327 377
649 710 262
850 243 226
453 268 435
483 442 142
478 710 424
712 239 110
570 31 274
59 655 225
989 961 226
654 730 460
540 960 152
316 395 73
94 473 303
212 885 344
265 337 353
16 516 360
362 512 132
185 189 363
931 556 395
55 59 420
586 893 29
404 985 151
531 961 219
785 584 493
496 729 120
121 894 342
975 264 322
268 358 346
416 701 59
184 427 474
238 383 430
31 736 148
212 741 220
555 298 244
390 778 97
38 710 431
302 954 436
883 943 69
666 738 278
679 555 497
152 784 378
66 497 290
866 406 8
802 757 356
118 78 149
33 815 170
418 112 269
160 646 397
5 635 26
115 896 302
518 937 270
375 991 390
677 212 304
606 208 251
280 595 377
280 98 489
841 41 112
315 614 187
599 45 41
214 898 64
530 40 105
865 167 342
126 823 332
544 252 133
455 478 481
365 284 175
816 986 120
335 13 385
948 410 493
307 962 179
390 123 60
221 34 483
654 809 388
893 64 311
844 322 345
433 785 254
192 518 454
557 253 365
903 749 347
249 312 306
67 566 498
645 408 463
491 770 280
0 977 210
159 238 294
728 787 381
693 977 260
62 195 238
500 995 392
516 612 462
874 23 327
425 583 277
920 566 289
235 865 166
658 107 15
264 48 491
908 595 139
183 440 336
719 974 47
402 452 180
251 982 327
94 305 106
784 239 292
655 28 232
359 721 408
258 758 277
342 817 291
64 985 363
306 387 22
799 211 150
984 589 391
866 270 94
628 147 409
643 1 452
458 702 165
635 538 192
559 52 191
526 701 140
459 351 15
277 198 294
296 179 253
270 749 363
881 764 167
326 902 118
574 665 392
599 284 314
624 997 167
331 538 59
660 673 292
236 827 367
311 914 166
829 398 98
844 610 343
430 964 425
396 230 454
755 691 86
399 576 124
761 837 346
464 813 43
697 498 295
568 428 316
832 60 162
316 245 105
826 658 293
747 198 419
64 722 151
789 99 169
784 550 270
117 30 90
390 138 265
185 46 465
381 624 2
387 895 463
485 622 162
631 153 204
280 482 461
816 664 375
340 129 259
585 97 255
360 955 66
158 972 2
902 870 364
441 746 6
827 736 148
895 209 233
826 878 89
392 869 253
608 450 492
155 599 486
703 569 301
910 863 77
988 461 130
656 73 286
136 172 262
361 764 21
446 712 8
346 931 457
798 663 91
340 341 326
186 473 476
566 718 321
451 292 136
215 751 3
900 506 138
202 243 154
652 322 57
498 32 34
986 581 407
272 142 196
814 295 308
365 921 231
247 171 428
229 755 82
300 977 64
736 511 234
789 421 281
418 169 171
592 696 16
275 467 92
511 763 490
486 203 108
790 341 425
721 248 450
551 398 225
115 61 468
459 483 319
851 197 388
196 436 38
261 529 394
362 548 277
421 578 256
20 247 451
643 745 269
588 464 448
666 668 305
975 125 171
139 43 437
5 29 122
295 814 111
301 955 247
741 651 454
569 362 163
194 563 410
486 711 366
711 390 265
593 87 345
550 792 452
171 640 271
364 108 143
379 39 79
386 182 432
547 432 437
698 936 128
897 741 33
393 430 35
361 212 273
590 654 244
190 599 388
240 375 272
89 600 369
160 191 490
921 387 487
996 993 208
901 233 370
703 528 491
97 386 214
807 691 103
640 609 221
187 709 218
976 202 245
352 339 254
48 746 44
880 748 245
909 811 184
978 289 159
286 272 284
157 187 359
377 405 445
604 346 292
632 887 17
755 446 101
350 629 425
435 505 53
897 395 21
622 491 20
123 135 268
527 888 323
604 466 174
454 747 243
462 20 396
944 847 437
288 169 427
26 692 313
99 881 92
900 968 232
638 168 166
665 962 163
313 261 280
133 775 470
695 984 49
807 922 107
856 598 61
24 105 77
980 817 479
387 774 104
113 538 467
7 901 112
714 261 277
900 810 314
280 70 444
782 681 273
862 630 90
851 654 352
113 303 235
625 629 464
99 592 397
643 533 8
767 65 201
397 27 222
863 104 440
485 393 493
990 116 391
418 190 221
789 472 240
913 639 287
605 755 458
515 785 63
320 61 64
49 297 500
105 466 25
325 871 26
181 200 199
770 485 198
795 858 457
825 901 298
495 411 238
819 831 217
387 701 440
657 918 437
769 627 160
336 130 31
311 416 290
741 880 304
592 913 246
165 430 359
129 213 280
135 512 291
200 661 198
408 553 330
185 580 119
515 912 38
17 586 286
92 115 193
2 362 136
21 11 244
44 852 19
194 917 182
630 217 187
419 360 337
974 524 402
748 41 281
996 441 217
500 593 257
267 164 394
844 427 494
576 229 224
836 755 215
528 178 288
547 559 169
817 838 395
223 313 166
419 148 340
919 888 453
591 813 21
293 681 128
402 240 245
755 531 400
534 195 212
242 979 164
382 153 421
853 801 221
284 812 232
558 79 473
561 392 320
632 274 231
799 849 70
858 427 4
495 2 129
757 327 406
276 278 164
590 704 133
977 605 310
397 753 371
860 223 11
461 486 428
632 290 276
276 811 136
330 654 235
273 845 203
78 519 280
344 897 376
729 738 316
617 622 88
315 374 239
368 89 79
147 172 54
216 289 429
671 496 392
467 184 110
721 224 227
281 955 90
91 916 328
621 579 176
140 621 221
657 566 156
148 663 38
458 151 403
941 190 144
744 351 272
493 190 209
375 918 438
500 463 316
24 990 110
984 908 292
371 139 166
964 443 4
231 846 297
699 24 215
410 862 310
173 819 426
168 364 357
258 927 474
10 365 343
781 118 58
751 271 434
952 657 242
71 8 497
152 676 266
450 236 490
487 499 11
563 712 98
464 985 96
422 859 375
139 490 402
761 216 159
489 229 18
970 488 113
186 454 18
794 759 67
464 859 406
37 634 77
431 673 82
114 426 190
754 1 483
820 131 138
553 504 303
292 453 275
871 217 377
881 118 93
104 636 148
521 475 159
720 399 288
586 780 30
623 878 80
644 776 251
364 735 467
549 756 68
145 943 415
980 388 62
129 736 399
306 216 157
616 193 94
831 551 36
321 21 319
769 668 127
214 399 52
516 824 16
188 843 175
564 412 334
995 478 496
71 883 418
204 824 79
343 207 445
82 928 288
700 56 396
427 794 341
57 360 83
313 507 494
814 701 110
960 884 221
183 764 235
632 211 7
841 236 121
981 34 7
337 906 257
30 968 489
878 114 45
228 349 157
393 235 317
19 110 475
509 845 207
3 759 37
355 617 283
367 382 23
261 5 318
773 870 73
619 382 183
496 331 10
755 638 166
85 962 390
641 106 423
981 297 309
778 227 28
942 257 453
402 398 325
526 464 422
78 459 485
787 419 341
816 170 256
249 660 192
315 997 326
669 537 105
612 993 147
898 878 347
682 577 209
292 928 199
995 532 363
347 588 31
796 584 460
572 620 484
440 207 50
382 560 308
792 996 300
90 116 58
904 238 147
993 122 110
343 246 443
655 424 390
875 800 101
49 836 185
659 513 199
216 442 284
521 746 172
210 322 119
820 86 49
552 66 467
173 510 368
354 583 261
605 707 365
311 479 128
673 56 495
132 758 344
282 420 127
657 133 287
629 174 345
47 537 225
536 949 168
504 661 179
44 43 212
319 507 10
789 253 347
945 103 136
761 893 266
679 553 307
595 217 252
329 592 303
577 795 236
763 406 62
577 171 150
642 812 19
643 299 121
125 918 48
862 154 353
169 176 346
474 189 149
35 755 98
16 341 13
393 41 263
484 566 201
857 996 76
39 201 156
274 666 310
816 753 52
264 260 412
464 455 102
93 585 328
445 205 251
687 405 252
241 964 305
480 850 14
696 75 264
912 231 319
80 242 111
981 589 284
160 740 111
291 489 358
760 351 294
301 702 330
584 995 431
945 547 481
232 650 167
554 326 81
480 657 281
848 230 428
802 345 56
289 887 139
549 138 43
479 853 447
334 487 445
967 667 9
304 257 42
659 298 405
768 424 51
54 444 104
308 174 117
837 731 186
316 920 105
174 381 352
828 346 326
934 808 138
870 10 492
370 359 78
739 792 375
199 305 332
141 496 147
296 604 112
728 401 230
948 536 169
517 609 197
537 614 320
627 863 361
439 82 119
198 639 196
7 117 90
204 457 11
534 780 231
171 803 364
170 828 411
278 860 168
707 262 176
537 236 19
526 251 35
520 714 357
23 868 448
688 750 189
301 400 401
379 653 394
131 64 96
243 514 481
231 463 305
111 392 90
224 247 293
859 356 388
990 380 231
586 41 171
335 145 66
355 255 446
0 887 423
419 259 323
899 756 298
31 334 77
168 178 217
826 799 53
534 512 100
905 593 99
996 60 265
851 394 218
443 585 454
735 452 246
296 540 356
199 38 237
533 378 212
804 238 173
908 849 72
557 755 17
243 129 93
858 389 494
34 628 414
253 313 44
218 478 358
122 510 453
645 547 496
494 961 155
369 689 9
653 651 446
30 705 355
212 523 101
592 32 78
180 873 263
521 843 252
247 504 85
439 562 425
432 711 240
348 774 213
751 359 282
735 752 65
697 334 274
453 882 441
271 492 261
139 31 407
947 399 21
504 397 125
702 694 46
860 8 165
623 536 296
643 558 360
718 34 142
884 698 10
622 869 149
743 524 103
810 84 381
714 30 153
437 295 251
913 110 388
829 997 40
796 473 223
148 619 19
639 219 31
539 52 205
53 26 354
953 982 9
469 80 348
828 334 266
920 112 433
40 295 79
290 314 236
380 465 322
371 550 304
165 474 343
501 617 457
631 967 40
861 675 310
892 68 54
903 95 28
945 869 273
715 287 323
509 7 480
788 599 449
465 571 150
936 489 330
409 839 165
545 490 227
366 581 268
852 425 273
588 683 278
457 256 136
348 198 109
175 416 295
876 551 246
290 204 329
822 709 56
459 571 386
527 733 357
908 195 332
783 54 337
368 677 328
78 831 122
648 520 71
916 540 71
466 360 290
783 480 395
419 977 258
369 535 187
661 607 234
314 460 393
814 692 289
732 615 34
362 698 382
131 74 417
907 536 365
906 352 83
483 637 492
169 232 485
523 696 54
735 916 8
269 838 358
652 751 6
972 384 67
592 250 310
958 923 500
999 737 217
346 121 254
827 200 146
560 241 193
458 9 252
402 49 463
415 720 263
397 775 24
271 609 31
859 637 401
668 30 116
407 9 180
668 265 147
492 979 234
899 382 472
325 208 261
343 596 468
487 271 398
416 324 341
297 232 408
799 620 144
525 255 285
540 470 83
678 858 76
290 538 491
470 916 464
895 536 95
71 620 495
540 610 349
950 844 12
962 171 10
17 156 297
441 694 24
845 277 305
492 851 335
838 317 44
100 282 26
351 709 215
684 347 115
629 276 119
381 669 23
90 688 320
972 677 378
807 559 68
912 382 24
871 832 370
267 46 107
437 329 200
41 190 88
419 118 394
14 454 469
992 271 22
971 948 223
868 868 141
466 758 380
228 729 459
903 949 283
664 223 236
974 117 89
876 360 451
80 395 326
981 814 218
667 903 134
67 999 336
209 603 242
101 955 410
282 827 470
912 230 12
669 623 278
706 668 391
245 295 285
201 687 110
859 178 84
148 636 372
220 506 135
370 504 355
817 112 212
900 760 48
151 255 63
802 466 282
945 646 66
607 240 434
27 31 131
604 95 177
506 657 66
877 179 247
33 97 296
78 174 283
325 17 284
979 827 211
99 799 497
456 949 427
460 11 66
615 47 221
643 217 349
687 695 339
638 442 281
251 231 37
521 781 489
696 84 312
742 399 79
345 150 180
616 517 251
550 955 78
763 982 106
92 951 445
116 669 452
516 188 313
143 205 209
429 703 398
398 300 312
325 842 499
333 173 474
421 201 163
360 691 428
819 527 179
255 963 300
859 72 224
96 335 389
39 817 176
720 837 467
321 130 197
694 443 313
574 55 257
408 456 145
807 292 194
681 429 471
899 60 485
859 835 9
388 71 366
896 149 342
698 287 212
994 892 188
908 583 380
533 131 183
140 543 373
67 451 276
741 227 60
365 569 89
420 834 427
3 11 236
135 645 125
339 478 425
829 857 109
745 744 185
483 658 70
804 558 139
918 139 312
27 26 460
392 444 232
223 708 298
693 18 227
219 76 29
152 442 473
920 801 133
198 53 248
274 718 146
911 159 334
411 516 89
676 219 132
639 301 479
157 439 406
453 696 3
567 771 309
282 383 433
270 499 173
799 939 14
40 556 218
642 864 485
191 127 468
696 85 173
416 393 413
220 364 120
930 384 414
894 543 483
429 170 62
333 349 452
224 143 474
499 358 124
312 296 448
583 390 480
787 515 116
549 378 303
296 824 453
480 861 29
852 158 313
467 747 411
358 463 75
92 179 295
506 10 162
473 295 307
924 371 275
350 236 347
670 819 408
242 726 22
957 600 476
862 431 415
456 923 388
635 859 358
930 431 181
609 772 473
791 466 348
213 884 91
680 71 415
862 317 232
211 499 147
953 5 92
765 936 386
318 123 216
699 748 242
816 966 239
56 393 94
111 906 274
196 828 1
533 29 388
770 934 103
934 502 199
618 187 437
394 818 500
447 864 370
495 215 288
358 62 55
124 960 358
696 559 445
816 62 91
763 730 72
279 484 205
27 61 99
589 640 72
111 204 112
655 276 31
927 684 61
321 815 99
726 16 281
980 483 372
172 951 158
552 247 8
422 342 426
453 113 276
148 38 98
838 451 170
557 451 461
33 188 245
804 187 479
480 318 199
288 847 29
642 749 25
819 712 6
212 253 479
772 863 276
681 259 338
605 482 146
979 905 422
805 392 258
166 9 22
646 292 13
275 770 3
943 644 362
148 608 136
123 449 211
255 47 371
573 430 122
730 823 193
799 685 487
16 160 213
300 819 240
213 157 472
47 502 214
761 674 381
121 170 376
677 448 221
442 634 386
525 513 276
286 336 335
620 175 144
82 654 165
886 171 37
944 733 443
163 455 348
29 593 483
428 127 334
278 882 435
483 753 228
420 309 39
417 23 271
144 623 58
936 676 27
706 282 61
445 177 17
81 361 297
713 838 13
142 743 216
766 147 63
5 69 179
147 126 318
420 816 260
339 578 147
449 407 235
919 226 435
194 732 216
763 916 339
838 502 192
827 265 333
939 741 389
262 779 23
205 738 328
334 860 87
488 425 237
246 674 457
611 291 500
472 976 2
747 628 490
885 434 467
224 100 263
445 63 405
50 252 141
791 293 119
175 438 123
352 266 126
138 223 150
184 104 335
773 482 385
759 217 265
489 197 314
735 457 25
440 45 462
481 325 422
252 304 276
314 456 35
337 851 420
51 65 489
555 688 209
894 253 375
352 482 65
622 408 184
398 879 59
363 397 331
946 240 358
480 344 207
540 101 28
454 89 166
284 194 282
316 18 156
823 990 426
415 607 494
230 172 145
646 948 135
132 424 403
1 686 266
859 177 279
137 626 26
26 662 173
942 248 230
689 940 122
586 400 227
617 642 36
154 518 348
29 715 406
943 947 162
918 937 401
168 426 49
784 537 157
510 712 116
181 714 322
670 239 113
414 412 59
744 990 232
450 678 287
12 439 336
830 549 497
75 29 416
902 917 452
869 270 207
997 235 353
304 625 458
451 868 205
69 149 476
653 865 268
855 973 126
994 89 306
880 895 265
832 702 197
269 311 447
922 781 361
587 364 421
392 716 391
536 915 129
583 674 299
733 516 180
725 480 403
130 770 269
490 614 167
492 600 261
488 889 130
10 758 106
503 115 49
371 255 321
234 464 407
333 750 16
245 34 489
101 350 256
912 877 325
924 884 161
694 507 346
772 738 130
423 332 263
327 311 268
231 620 253
493 686 45
565 803 71
460 10 496
8 347 277
691 76 270
977 838 351
240 869 152
521 463 495
20 52 448
255 983 15
291 833 203
319 378 3
98 912 176
401 931 252
488 523 488
385 559 397
854 232 230
339 919 158
253 389 230
754 98 109
936 339 484
679 176 330
633 913 131
947 725 66
973 369 325
228 888 341
237 961 418
654 10 272
242 462 456
103 374 386
838 238 127
22 36 446
361 275 226
292 54 15
669 213 393
942 912 363
725 12 71
645 362 463
30 672 106
204 650 476
856 663 117
133 961 208
570 293 333
124 475 262
32 334 173
128 479 401
271 15 404
351 371 160
935 984 243
975 752 102
261 414 67
741 445 7
850 247 289
590 285 450
594 234 406
957 512 438
932 490 104
969 557 76
757 102 385
604 832 171
615 912 400
950 869 364
31 336 228
884 336 237
574 98 12
322 340 41
536 54 17
217 925 32
609 787 411
723 673 219
636 582 393
477 72 69
163 234 141
610 233 253
563 344 309
695 181 267
629 931 459
595 105 84
55 975 420
715 165 382
802 420 407
118 642 90
67 231 265
115 951 168
625 67 70
885 416 396
472 46 81
885 347 145
943 642 487
971 373 348
150 987 376
713 554 473
368 590 137
693 659 260
318 593 140
603 514 319
172 325 194
671 87 270
336 555 102
231 579 228
32 453 411
747 786 435
678 905 161
765 134 473
753 454 352
915 430 242
74 146 312
133 244 187
927 365 214
174 975 433
788 784 379
636 305 354
426 210 469
687 247 461
831 794 398
385 968 365
589 570 285
942 729 303
547 296 137
228 907 174
602 852 341
881 338 453
724 449 211
781 417 207
833 729 101
515 217 239
59 535 275
879 145 350
722 761 490
418 222 473
387 31 193
69 858 158
545 216 329
778 342 213
819 595 393
547 551 160
937 265 367
594 230 446
328 214 489
904 605 393
68 977 135
95 396 410
291 508 34
50 76 439
593 239 40
573 833 479
340 672 350
2 979 104
867 660 84
818 777 235
542 902 338
928 625 213
492 288 431
745 404 263
268 249 55
738 480 216
170 205 149
385 21 233
71 245 226
646 962 154
965 97 253
883 647 279
530 698 252
742 329 480
70 189 367
353 314 224
475 392 460
475 256 157
804 108 113
976 682 187
103 734 270
253 234 193
690 537 343
289 127 206
202 996 206
715 677 352
876 363 241
86 265 186
593 617 65
288 475 141
859 153 273
143 714 37
557 401 241
841 594 164
507 19 245
213 47 359
698 163 152
918 88 205
535 243 88
153 198 78
24 382 116
434 305 311
45 757 421
915 608 204
212 951 175
35 943 379
192 815 253
511 204 182
436 427 205
414 34 404
817 762 307
431 109 271
245 608 345
856 27 87
460 210 324
593 166 286
812 512 196
169 689 234
201 252 391
290 20 414
755 627 75
283 438 55
241 9 27
934 167 364
129 726 208
330 852 290
695 78 466
833 568 487
844 682 120
288 430 71
888 322 25
231 125 409
614 723 222
388 482 247
945 45 430
209 829 165
846 616 235
685 462 268
784 964 322
782 917 209
366 915 340
376 162 97
157 543 62
297 391 480
375 867 366
566 581 184
314 104 133
480 275 168
806 413 114
121 188 221
321 833 167
753 372 476
848 137 71
189 64 191
299 776 275
318 168 24
829 751 301
682 967 461
702 883 413
670 20 368
357 412 27
618 825 361
520 46 164
38 460 445
258 80 417
631 701 426
80 578 193
849 794 396
899 982 226
401 409 259
391 757 292
119 669 44
409 60 161
528 850 88
690 329 254
499 603 168
909 320 294
571 581 271
831 599 462
187 587 92
94 709 416
96 977 321
59 490 438
447 338 396
477 964 271
268 323 499
871 564 470
23 449 290
614 622 423
696 693 355
650 716 153
998 889 430
74 645 234
876 535 246
611 423 118
969 826 1
911 304 322
113 59 317
852 969 470
702 527 495
147 525 205
841 119 496
690 170 374
524 62 28
741 2 389
475 971 109
143 842 3
98 113 413
758 958 195
825 353 38
244 457 395
833 891 436
452 855 331
586 371 101
463 397 399
482 416 451
494 165 215
272 960 375
488 596 366
687 8 348
689 657 210
550 774 276
693 690 91
396 967 220
723 33 215
503 850 175
419 898 286
109 490 117
14 470 448
376 471 131
144 100 64
113 742 431
205 187 434
285 536 37
202 644 101
893 163 408
774 179 128
765 974 136
912 477 42
275 183 206
115 537 295
889 402 414
165 529 59
778 634 153
94 311 255
180 464 449
709 579 318
206 856 119
394 408 66
302 311 366
663 337 167
428 554 140
10 58 148
49 309 23
519 117 14
299 757 404
497 25 462
906 495 424
412 116 467
900 228 409
279 616 309
23 976 330
579 505 80
812 69 415
741 912 32
280 942 30
417 3 247
0 172 420
832 164 84
303 613 244
726 403 420
716 882 46
442 438 417
52 217 363
693 124 301
503 116 413
770 112 46
111 52 299
409 376 365
255 349 266
469 158 259
16 56 268
50 573 218
120 961 45
218 530 453
472 765 249
759 451 122
44 313 25
100 944 355
490 212 489
428 326 380
699 193 477
644 375 255
165 35 484
453 860 424
19 103 289
793 773 187
125 352 93
963 906 64
567 343 240
685 587 274
207 857 29
887 641 160
687 136 93
397 95 495
867 774 69
706 699 406
424 764 54
173 738 445
201 711 491
969 995 475
639 18 381
751 997 316
551 269 129
962 326 50
577 495 138
185 465 293
927 322 300
934 563 73
718 355 23
927 151 454
877 64 7
38 729 324
762 914 115
275 329 423
625 450 258
519 806 204
75 335 58
956 870 42
764 189 304
734 782 462
727 871 16
785 589 104
891 293 331
232 35 98
466 585 202
601 853 289
631 719 478
755 662 25
686 608 61
726 79 15
738 995 126
940 157 11
260 333 473
181 916 487
862 492 260
236 149 433
462 96 174
123 769 478
453 281 363
532 532 42
313 228 340
694 718 157
807 782 4
467 245 90
922 468 279
973 823 472
853 717 19
232 674 132
681 895 439
940 927 107
992 639 145
152 585 225
702 90 442
760 342 55
537 529 2
593 728 177
155 981 413
398 889 202
785 792 222
670 723 120
206 555 395
276 349 341
76 958 303
883 744 249
24 740 380
932 739 324
115 567 53
354 690 99
36 552 76
798 849 22
59 927 484
461 597 396
726 565 267
811 41 376
940 281 20
995 587 201
367 521 442
362 723 200
985 49 390
985 336 499
342 902 30
281 606 37
514 11 492
508 602 382
421 526 313
324 787 125
245 333 449
872 119 257
232 16 460
670 803 302
51 162 309
917 616 195
633 276 131
489 246 265
208 174 436
853 875 487
650 852 56
343 815 374
639 170 430
613 184 36
471 389 321
287 372 26
49 604 489
876 543 309
882 295 92
581 927 195
449 997 323
768 883 435
996 931 256
82 819 138
940 419 291
155 325 53
63 126 386
25 154 269
718 100 115
232 120 396
222 914 12
810 605 87
16 65 229
526 203 306
716 959 283
464 797 469
261 256 29
696 571 235
305 177 114
725 117 437
251 387 163
442 469 482
174 850 447
253 334 488
359 578 145
167 1 445
31 306 338
393 21 260
481 13 455
779 103 369
39 114 431
924 488 97
271 971 209
929 415 404
747 316 116
675 87 459
428 760 40
313 52 63
491 101 9
766 842 205
488 991 113
545 388 325
98 921 342
227 132 84
315 972 24
701 777 461
774 659 466
45 559 496
895 162 402
201 133 324
883 211 178
15 548 56
578 55 18
497 216 343
788 592 216
295 121 392
491 377 94
210 957 327
92 272 161
38 51 497
989 449 293
998 504 50
392 152 85
785 221 277
875 101 267
365 20 451
61 378 191
217 849 450
478 957 106
67 973 182
818 122 466
860 376 263
216 497 212
987 306 350
587 770 440
319 156 398
119 63 89
120 519 402
608 508 436
802 452 476
878 29 351
856 873 206
487 966 387
108 283 207
284 501 488
421 84 366
485 844 190
121 696 356
296 929 355
60 158 471
596 239 120
117 333 211
875 320 249
165 186 201
866 140 368
168 438 496
239 48 236
318 38 206
766 114 60
854 879 474
32 520 362
500 665 384
134 763 115
277 727 284
608 865 244
697 157 253
183 206 458
89 511 97
353 963 289
922 213 438
9 130 210
173 797 266
31 881 7
499 172 6
336 614 46
410 170 193
494 824 2
578 790 183
951 615 475
519 253 80
930 448 271
937 1 387
606 494 467
611 765 112
306 39 413
382 322 207
373 88 87
684 404 14
923 750 351
351 715 263
963 895 343
982 739 82
161 377 455
598 511 344
36 717 174
91 244 210
327 284 431
808 582 114
441 398 419
429 254 376
853 349 472
950 46 297
535 75 422
780 243 407
648 436 297
493 750 384
233 991 367
582 563 442
409 752 92
278 899 102
280 937 267
589 227 344
168 459 374
566 91 441
956 714 87
684 363 127
893 554 140
920 619 180
443 765 74
29 608 114
814 288 395
847 902 444
137 193 5
670 304 156
722 408 59
202 760 300
695 51 254
398 917 41
254 9 167
491 217 188
642 116 93
48 937 323
989 855 215
953 157 403
70 318 481
532 216 419
248 809 115
201 16 142
330 721 116
166 963 397
730 193 389
400 171 482
29 339 398
956 745 62
642 381 429
13 8 76
101 920 154
448 197 279
287 181 361
321 743 350
842 613 358
581 2 246
617 220 241
252 774 173
982 321 97
298 557 453
866 524 138
653 611 204
364 676 181
482 471 387
278 558 293
268 878 302
758 413 51
838 114 146
430 916 483
196 556 409
290 307 143
519 373 499
381 967 133
956 581 427
249 308 193
105 660 385
178 763 219
355 679 458
105 331 281
472 198 482
110 699 222
318 115 387
685 684 81
126 582 256
932 991 172
646 715 472
415 594 441
506 736 39
748 142 373
167 523 118
748 846 155
664 356 315
335 862 329
498 891 486
118 85 301
112 646 170
835 873 377
780 428 34
746 938 188
872 983 176
483 233 181
519 883 39
958 986 6
521 92 332
256 31 174
857 981 253
713 84 318
794 25 164
213 410 30
285 723 213
792 822 104
198 436 283
761 971 223
43 495 276
984 452 151
383 205 296
85 455 152
725 698 200
448 91 101
153 951 134
421 299 119
773 401 394
559 749 456
667 337 375
753 637 103
284 790 170
304 781 135
914 624 63
37 713 269
47 139 306
576 447 298
941 68 320
537 862 381
964 278 70
338 255 387
647 327 106
502 78 268
116 368 5
835 749 376
862 59 234
102 248 42
375 346 269
57 342 456
286 883 280
66 698 348
244 644 417
464 801 305
185 463 80
333 278 356
6 149 311
560 778 408
54 108 333
973 103 214
178 695 389
915 282 499
145 33 169
335 583 114
114 750 382
622 751 354
927 1 83
947 25 427
814 34 238
359 509 229
4 376 387
612 325 385
503 919 307
787 389 155
2 764 297
457 612 344
3 528 274
758 441 314
531 776 6
538 689 345
921 828 71
665 264 26
265 533 412
986 615 98
476 725 261
917 706 435
688 600 202
477 698 33
729 38 91
938 244 473
948 838 67
171 310 231
938 49 318
811 895 21
932 713 354
818 371 424
377 206 152
359 503 357
889 814 335
876 283 492
833 631 5
881 822 41
383 527 418
908 677 86
450 535 125
771 970 98
396 274 122
132 640 288
990 368 284
535 445 213
20 372 70
99 305 333
375 55 87
573 673 277
387 256 348
110 618 382
980 489 285
293 517 177
990 794 299
765 435 404
209 721 288
761 415 346
313 444 371
356 178 72
601 2 459
193 754 131
361 411 180
754 726 227
635 222 354
912 464 272
288 635 16
166 838 109
642 552 210
361 473 192
581 123 326
253 36 332
727 718 259
99 690 305
158 959 441
358 34 108
854 672 478
596 517 176
581 167 183
790 786 131
449 0 321
760 676 324
795 250 228
208 764 498
636 189 238
58 834 186
814 644 1
44 196 399
283 381 325
835 105 317
773 106 345
548 476 17
369 594 462
146 430 237
202 876 377
816 585 446
621 135 105
710 359 423
564 670 121
323 744 117
694 410 298
830 120 246
759 545 388
198 492 285
531 450 190
948 744 215
906 7 450
895 645 353
467 980 335
353 188 157
39 348 186
353 220 383
69 940 157
542 426 213
365 324 248
795 358 1
614 941 459
476 739 97
208 168 322
368 769 149
571 87 387
816 614 162
752 79 327
788 591 85
21 195 132
922 615 297
362 861 16
547 945 32
894 949 146
943 604 239
400 661 141
52 298 7
739 901 396
542 916 328
666 704 413
867 470 372
164 248 296
697 518 284
426 627 121
727 704 174
857 189 337
615 963 53
437 656 36
598 296 256
941 191 197
953 859 418
742 342 35
607 496 258
389 971 29
37 307 315
957 710 129
26 942 481
826 320 414
901 330 357
654 587 208
651 988 277
237 589 208
634 158 390
515 503 189
163 838 339
166 882 37
260 993 400
46 298 306
955 967 335
677 547 244
434 359 236
434 556 209
335 405 33
654 638 198
699 941 245
1 601 161
311 151 315
957 834 338
100 488 482
724 11 298
848 561 2
215 563 140
422 179 299
685 968 15
326 628 150
922 594 201
895 130 166
280 724 368
43 800 312
73 809 462
890 465 411
477 992 318
743 514 117
4 804 331
660 757 195
900 284 123
187 51 70
132 454 204
142 846 9
113 682 124
469 826 271
189 239 191
311 466 195
20 951 140
884 770 212
242 220 438
386 838 210
870 244 261
392 5 332
525 364 217
710 517 138
182 1 263
167 816 402
367 559 448
594 296 323
758 153 257
876 0 22
776 486 316
952 211 333
554 864 78
808 581 493
748 91 220
863 157 477
120 233 46
629 324 465
603 937 218
74 903 455
886 209 110
682 27 346
484 569 20
204 928 407
45 312 103
444 877 99
787 697 223
522 340 53
591 667 419
968 779 450
394 255 320
814 816 450
79 167 77
934 474 148
732 620 108
5 17 126
703 120 160
293 595 329
309 949 214
352 409 488
829 765 113
357 844 187
278 394 408
99 467 227
295 590 361
950 964 102
367 552 433
484 835 490
696 201 128
274 430 481
653 973 259
391 781 497
75 726 206
933 23 414
654 786 154
903 564 42
895 156 99
727 75 132
171 210 401
463 235 411
725 574 282
397 887 338
615 815 265
645 293 450
332 753 317
321 562 182
564 261 424
380 735 67
34 183 479
341 101 474
817 627 242
714 760 262
390 573 262
795 266 13
929 373 262
573 971 35
61 762 302
926 362 353
796 92 434
797 360 53
13 129 5
663 398 66
46 546 14
542 192 198
383 425 123
657 36 486
759 295 68
649 268 339
159 581 199
240 878 317
140 536 54
571 121 329
802 126 317
156 600 129
519 274 70
301 832 431
812 504 130
555 309 139
936 386 359
722 480 191
742 483 333
115 421 203
373 306 367
315 252 423
500 394 3
371 745 186
556 525 236
715 952 416
413 95 288
868 73 28
731 381 381
206 882 80
629 448 248
862 182 431
503 498 149
573 181 196
878 340 430
813 69 50
304 43 427
172 375 216
747 485 238
46 470 344
899 163 369
125 412 49
121 774 266
558 143 199
872 643 48
274 408 218
172 228 43
244 631 62
154 249 287
763 161 179
200 410 396
638 74 259
800 725 404
604 997 378
8 411 60
374 490 397
931 244 258
971 638 183
963 1 433
283 86 36
840 188 416
525 981 270
286 971 273
611 539 251
517 239 233
851 169 474
353 679 108
750 293 288
698 587 449
394 939 185
149 261 332
719 85 300
227 463 250
200 439 354
275 763 168
606 867 453
780 77 324
7 180 183
494 787 41
971 860 418
642 708 402
563 833 248
513 961 108
770 898 451
223 210 426
474 728 226
709 516 328
591 365 461
705 10 23
856 22 351
474 462 457
572 527 219
929 132 32
169 853 1
661 78 132
918 518 301
269 873 148
146 386 475
358 554 74
255 263 334
238 627 186
926 651 463
420 993 39
101 298 315
252 800 428
844 3 177
777 987 4
310 425 282
384 851 494
498 310 480
201 529 499
371 721 352
534 191 356
575 152 240
431 987 490
363 871 19
728 968 52
20 318 269
685 228 442
148 7 94
779 394 454
554 875 86
328 837 485
38 963 125
806 233 416
20 47 360
226 12 140
702 788 12
476 731 492
472 954 126
393 836 443
722 501 374
54 300 89
922 284 247
685 602 27
824 849 304
753 98 236
375 840 326
876 102 56
830 453 461
822 735 296
141 7 209
996 4 349
877 964 307
939 257 337
12 258 303
286 563 102
50 414 419
662 470 273
543 117 196
877 320 79
916 219 97
440 771 248
712 409 383
113 0 429
523 92 188
6 444 450
873 44 336
150 189 100
421 377 43
385 32 69
234 486 69
705 40 384
534 234 495
927 800 275
606 194 59
358 916 414
389 148 283
146 364 470
703 778 408
157 512 452
134 168 2
301 210 151
247 590 100
281 613 242
432 114 367
176 45 60
333 903 150
285 347 489
660 442 351
821 603 303
767 257 381
298 603 120
576 104 155
249 792 237
632 650 135
424 932 368
635 354 306
782 582 375
323 138 492
799 159 347
677 157 50
258 965 459
995 842 198
156 486 20
211 259 4
81 123 359
830 666 144
579 227 95
428 730 7
311 381 178
368 550 480
657 640 221
229 759 202
716 150 204
394 176 48
417 652 172
827 664 146
699 508 425
239 19 85
620 446 495
658 286 105
180 230 156
960 553 144
905 937 281
645 6 198
678 515 324
865 534 382
851 141 73
529 692 78
942 952 456
761 164 215
623 932 260
221 10 185
145 148 223
173 446 498
141 288 440
292 52 22
147 335 5
280 432 58
685 887 204
218 357 107
546 710 212
550 605 208
529 817 336
101 615 80
476 666 369
204 20 244
567 565 240
451 810 173
295 198 78
55 374 164
238 396 425
585 442 171
95 679 399
65 668 296
694 418 82
570 798 477
859 784 362
187 26 8
345 613 390
604 629 239
810 277 66
359 584 256
624 201 254
343 263 68
170 337 131
317 339 153
211 486 295
25 310 69
149 478 290
219 449 493
549 676 486
351 356 451
457 996 216
734 602 282
496 587 330
459 216 142
26 235 54
554 430 145
201 584 77
837 862 28
742 489 305
51 470 189
314 729 154
767 135 291
680 629 466
317 652 500
645 417 122
190 387 196
541 732 244
909 280 421
392 582 258
705 503 287
321 422 420
864 381 134
956 273 327
909 410 455
867 493 23
216 268 310
239 441 207
867 851 197
447 840 313
769 750 386
412 319 180
395 782 264
985 126 18
612 558 100
674 595 111
844 162 380
414 69 130
601 107 198
355 253 253
911 516 10
138 633 477
21 784 447
869 134 456
340 361 311
999 886 350
433 95 54
990 931 139
322 416 156
270 693 319
326 851 404
779 132 478
526 132 74
864 111 29
472 487 500
631 199 429
416 290 241
74 105 83
203 753 204
956 118 319
469 257 218
830 782 229
675 813 68
302 389 138
286 212 442
639 100 464
929 805 397
194 488 415
278 53 297
210 19 301
683 175 280
982 475 406
569 279 7
249 708 223
353 204 103
130 53 473
264 775 365
896 547 160
718 955 39
667 61 67
939 497 38
859 286 130
771 662 35
561 981 350
411 357 386
683 703 47
476 457 362
980 220 37
673 866 428
384 267 437
160 555 87
3 71 124
846 625 471
287 209 406
815 625 154
695 430 308
193 785 306
473 775 301
271 749 70
461 209 289
90 963 84
529 921 365
892 869 465
327 479 66
816 9 446
417 471 94
820 863 166
925 738 280
446 49 215
558 453 496
920 649 455
818 756 407
428 347 107
955 485 270
384 700 483
797 786 328
199 752 282
492 833 149
386 594 227
643 890 324
995 797 82
863 592 444
161 261 372
769 27 191
556 697 171
441 206 195
424 700 414
894 585 499
375 619 91
983 648 189
341 200 454
480 906 158
297 636 493
86 337 373
334 365 370
790 766 374
614 146 54
347 735 251
276 469 67
443 341 64
795 56 84
214 560 419
42 33 95
292 408 83
410 244 471
872 301 457
935 357 53
446 594 150
283 31 482
225 729 383
685 11 364
879 292 474
840 993 32
823 6 27
707 194 247
592 171 143
108 856 18
595 585 307
224 951 408
338 484 347
852 363 196
638 721 337
82 129 129
967 999 496
990 527 48
285 150 81
98 78 268
23 414 399
185 566 443
119 854 261
259 246 202
978 932 420
987 615 495
657 260 266
826 180 262
349 623 165
214 108 45
468 475 120
591 577 10
940 42 310
685 546 175
173 764 124
798 809 350
673 79 491
585 987 416
119 705 230
433 861 432
531 376 228
625 379 158
751 408 458
336 519 342
656 319 325
392 430 340
921 922 105
535 987 3
774 968 75
250 926 181
63 199 237
277 212 416
975 347 81
646 192 356
405 949 65
608 758 422
641 887 197
796 345 19
67 767 13
188 64 302
110 939 182
595 384 260
762 879 81
493 12 308
565 13 458
292 882 243
743 666 69
311 629 404
829 569 410
382 706 436
578 506 417
989 857 202
788 553 3
901 343 137
678 5 403
699 488 446
20 947 396
597 331 56
163 723 14
946 830 239
898 630 491
505 965 177
484 369 40
416 253 441
340 816 316
647 576 82
556 307 354
555 440 476
875 256 76
338 348 460
604 257 459
623 391 435
832 420 207
903 138 314
65 430 275
400 829 148
813 248 470
691 429 229
232 105 31
414 154 313
881 537 86
182 754 58
136 417 381
545 903 188
997 112 41
709 105 214
970 670 407
66 991 11
422 283 168
838 28 329
398 798 400
197 172 172
480 736 470
255 321 401
420 357 245
79 488 259
6 71 262
50 150 220
794 231 359
58 37 136
765 205 15
210 653 398
931 576 206
196 919 250
316 81 257
636 843 498
814 819 106
312 323 291
59 422 409
741 861 339
6 80 450
354 358 195
168 212 232
674 325 109
118 990 45
425 658 127
363 873 46
430 591 382
908 438 368
541 189 116
127 28 34
730 690 400
488 0 422
632 682 486
860 46 47
788 1 28
548 364 374
318 731 2
329 887 403
540 897 340
379 285 112
811 368 178
344 281 61
323 404 80
310 716 197
216 893 201
597 490 430
757 26 378
91 800 375
108 978 5
330 484 333
374 241 158
373 266 47
779 572 495
792 310 95
887 965 394
594 205 359
412 72 430
287 467 366
7 682 33
687 994 320
506 955 305
876 447 46
757 175 250
780 612 290
221 98 43
810 15 341
374 790 335
881 686 411
640 937 45
779 491 15
688 941 299
133 60 210
15 139 429
975 672 298
792 564 211
81 683 383
700 450 297
962 504 319
293 213 498
83 837 411
827 686 312
908 556 120
946 554 433
519 194 340
912 609 51
610 286 4
696 88 123
134 814 417
140 173 432
300 891 171
471 952 278
125 968 12
419 890 39
792 906 296
863 272 46
14 26 31
606 715 464
479 955 255
769 585 152
364 330 36
971 630 283
61 758 243
555 295 61
85 354 192
87 677 176
100 578 370
785 613 159
939 985 338
631 227 388
341 879 131
25 739 160
867 847 224
147 484 279
519 778 185
17 343 421
702 239 161
867 14 1
890 233 405
183 356 236
241 631 401
747 15 464
15 865 149
733 749 429
953 261 20
783 770 362
14 377 130
95 7 153
606 887 309
548 703 163
531 73 392
706 757 462
666 98 327
302 710 37
354 191 223
155 551 68
166 769 155
28 133 315
427 14 383
383 186 343
427 902 329
205 334 33
482 237 480
682 905 272
792 457 131
160 530 85
564 197 465
630 798 50
631 258 484
54 676 95
196 791 382
786 475 374
260 953 232
681 205 291
344 890 143
920 540 172
569 29 447
715 274 390
458 636 417
271 356 228
471 316 458
712 477 344
917 766 36
564 389 287
644 297 249
283 353 379
594 339 400
173 341 309
320 195 120
61 391 471
609 106 434
902 456 481
697 19 391
311 78 499
131 318 456
457 16 448
769 759 211
392 24 163
48 514 157
973 406 375
907 666 69
652 732 67
439 922 13
943 369 375
877 27 457
910 952 123
294 16 186
291 546 382
572 25 231
48 775 227
832 400 341
990 497 38
900 443 201
400 85 97
235 983 393
665 354 334
197 505 159
797 89 74
676 813 188
414 442 44
749 695 22
951 481 13
550 694 104
115 937 92
6 605 19
582 734 220
65 45 250
17 558 469
202 878 402
571 824 418
634 285 128
620 364 63
775 123 494
353 38 307
77 981 229
698 536 40
785 535 484
354 893 412
921 400 151
751 83 32
453 453 123
845 429 88
293 923 280
263 513 303
565 614 423
558 885 252
247 22 371
790 162 322
361 321 439
882 228 162
966 519 185
665 202 154
750 177 431
130 10 137
508 984 101
349 838 90
315 600 285
866 459 427
988 506 217
794 401 451
179 509 200
653 218 472
5 951 220
613 106 240
470 843 177
737 899 85
603 683 366
580 952 276
20 66 48
743 78 123
113 708 32
210 61 243
175 611 387
493 260 231
820 264 111
31 218 372
692 228 233
551 927 392
301 418 424
373 46 72
961 542 57
361 737 361
794 459 125
345 408 281
536 37 416
798 189 304
824 842 80
157 744 197
557 396 164
471 651 73
209 118 318
334 818 175
520 160 444
270 264 340
181 46 314
560 570 224
995 658 132
970 635 114
225 16 435
885 63 52
808 51 334
88 436 8
120 325 179
71 557 44
734 672 477
981 852 113
833 493 358
33 875 249
864 306 127
220 187 233
362 217 352
880 19 258
735 80 352
819 816 247
431 154 44
575 50 33
477 276 304
738 881 18
929 503 292
633 659 400
566 342 312
882 974 395
985 319 245
727 574 121
755 605 302
119 95 299
211 321 500
192 154 379
106 94 178
502 704 132
849 412 124
887 775 294
793 712 205
627 198 230
773 273 477
133 627 440
747 952 325
796 478 455
610 841 468
195 776 99
67 532 88
601 758 104
271 647 5
169 524 430
876 66 269
132 310 129
863 426 351
706 307 474
758 506 381
164 598 230
722 67 432
102 259 337
425 915 16
368 225 467
856 627 376
501 66 470
652 734 223
149 9 127
95 999 91
467 431 96
853 262 258
268 188 141
788 809 351
107 213 45
49 470 201
276 208 339
704 90 471
821 948 29
519 751 389
168 291 39
331 289 336
890 410 102
849 753 207
369 418 291
165 33 471
107 123 257
344 413 194
434 733 376
169 590 155
483 142 129
503 883 51
412 215 365
983 732 233
947 487 477
78 599 96
191 133 273
507 289 142
168 663 417
211 494 57
144 214 488
73 538 103
766 970 266
412 16 444
725 736 137
830 203 181
373 426 331
555 288 465
469 128 52
807 964 238
841 584 161
899 310 309
457 700 437
177 320 401
554 879 41
579 947 93
26 156 227
234 766 215
932 973 474
234 966 208
166 199 456
573 546 162
457 164 35
595 536 198
758 675 13
117 792 284
420 971 436
270 984 250
567 789 139
64 701 44
369 564 279
631 228 426
781 968 436
363 947 292
765 589 109
47 504 91
914 628 285
811 406 169
343 771 93
376 621 138
216 287 248
153 48 75
504 936 465
285 289 42
2 891 334
173 40 152
672 385 77
911 759 90
593 699 225
378 43 203
540 617 145
159 865 455
452 767 243
291 417 55
293 144 129
497 705 35
916 983 337
143 694 322
318 814 123
350 39 200
768 576 43
985 209 114
355 772 371
743 511 492
503 239 118
45 160 386
581 296 308
243 23 472
20 507 399
209 89 264
602 580 67
807 404 483
403 327 463
46 819 286
65 756 260
449 511 14
140 632 264
52 240 160
560 514 357
159 83 45
175 122 303
84 274 405
680 673 104
493 309 277
419 824 359
66 789 332
11 572 168
55 622 370
366 550 443
804 920 223
340 967 20
758 268 94
271 837 192
432 597 293
762 693 139
410 388 441
513 600 424
560 131 180
697 954 378
459 496 298
597 945 468
217 751 45
993 181 61
415 857 405
783 67 415
443 819 452
376 15 337
413 901 112
610 547 222
844 238 58
554 119 172
280 232 114
863 379 267
235 852 421
836 846 185
555 657 486
796 671 466
350 944 295
810 11 198
73 622 430
645 449 406
378 817 309
792 945 432
581 647 246
65 197 195
116 291 321
93 14 40
155 258 251
419 258 458
485 775 50
439 622 302
286 651 322
738 743 320
912 316 10
105 199 470
764 231 38
228 172 108
409 487 340
155 709 493
324 876 273
819 156 229
208 428 175
748 108 279
777 298 453
879 953 115
271 77 450
58 756 133
782 855 353
411 212 26
864 543 412
893 315 488
55 944 413
696 395 191
177 600 178
381 30 367
740 318 95
838 919 497
645 972 244
290 115 432
987 633 137
240 831 398
774 260 499
214 228 225
596 460 440
12 763 143
591 892 6
837 993 313
276 663 184
445 325 76
423 54 462
198 141 134
173 400 336
874 552 148
386 815 353
400 556 74
668 57 112
736 399 28
197 125 162
418 125 81
571 434 374
498 294 327
444 460 7
442 728 403
874 999 157
742 554 353
137 988 345
587 361 269
681 76 284
675 124 342
873 21 75
37 847 353
746 635 214
744 338 225
517 644 90
505 54 314
945 235 476
955 945 210
297 283 444
945 294 75
817 859 89
158 965 211
236 762 231
577 781 21
399 685 16
550 301 373
207 510 183
38 412 384
434 943 86
483 677 357
994 128 156
416 584 487
962 311 349
886 204 164
425 55 59
211 886 310
709 191 167
459 945 261
46 876 42
851 561 124
42 644 241
614 12 383
735 809 170
135 893 113
429 96 220
431 297 17
232 905 265
215 195 288
408 684 153
317 986 259
783 494 186
282 129 340
45 229 152
800 348 471
940 963 241
77 586 472
565 51 83
906 113 9
955 120 246
33 659 361
538 734 431
63 151 293
625 701 144
599 459 292
170 821 87
199 785 11
281 83 405
960 171 308
432 180 87
791 758 130
749 753 482
801 492 379
357 382 36
64 459 334
611 456 143
594 178 420
701 735 374
202 273 397
433 609 490
536 400 362
404 521 124
566 256 202
480 143 84
390 673 160
104 398 93
398 513 148
841 304 385
932 297 390
485 618 498
424 138 181
223 342 131
479 914 18
454 482 256
470 52 187
828 869 471
281 927 442
680 454 153
60 854 208
976 793 239
41 929 137
527 932 161
898 407 289
507 799 427
527 471 359
568 138 457
913 802 85
488 83 107
426 971 307
990 652 254
506 488 147
319 271 464
121 819 27
406 389 287
199 314 334
523 853 206
689 810 102
557 454 418
218 992 133
78 681 241
86 775 60
946 752 217
980 491 323
315 253 300
604 64 489
241 862 234
852 495 201
443 602 182
707 931 484
983 178 307
48 784 65
233 137 184
803 597 219
915 407 437
217 239 316
725 756 177
482 644 17
467 550 278
583 985 250
511 464 425
912 759 119
759 478 408
755 993 111
670 114 298
861 169 191
685 45 351
469 684 356
69 739 335
836 845 137
832 972 356
379 555 300
251 201 367
239 422 150
240 105 331
709 13 350
314 305 441
623 75 449
193 17 347
886 494 269
859 595 75
636 996 26
304 494 488
877 581 190
543 142 124
330 178 176
115 927 24
766 439 399
905 575 186
755 140 279
964 40 317
761 933 65
466 917 462
346 935 369
220 323 439
985 643 185
495 440 108
600 507 366
745 227 493
775 860 224
828 910 347
123 764 249
809 851 385
234 130 148
370 536 96
262 553 50
759 863 380
565 665 226
728 685 96
703 337 292
393 568 486
211 128 366
326 90 333
419 504 139
263 636 339
667 941 160
644 66 245
946 137 101
599 734 64
458 564 48
236 850 249
654 713 275
462 101 368
203 164 314
228 694 73
693 315 27
531 418 429
933 266 186
103 231 286
395 125 48
317 160 482
657 199 439
433 565 60
743 991 475
666 959 29
47 693 95
701 380 62
184 617 338
56 267 449
374 215 432
82 318 400
701 645 248
656 906 40
461 937 222
124 798 240
29 67 482
390 865 58
568 800 137
148 380 315
819 602 315
737 94 472
31 988 393
662 266 71
531 27 99
560 272 47
786 275 377
348 542 403
700 44 443
739 826 242
504 134 22
778 787 202
824 593 85
473 803 10
244 967 272
221 911 331
802 559 247
21 66 21
666 505 315
625 554 35
472 567 253
679 625 154
65 210 357
666 116 478
433 949 464
65 809 243
783 526 374
991 367 434
333 454 409
381 145 134
27 787 312
70 128 95
946 186 20
517 410 103
886 296 278
485 668 389
318 493 225
32 165 35
767 128 174
39 138 88
176 841 283
964 321 439
135 175 433
501 84 397
746 907 235
875 589 358
261 198 387
372 176 74
797 955 483
957 641 226
444 75 149
680 886 23
871 679 287
142 12 354
492 954 435
519 455 69
92 949 448
488 878 194
273 513 407
870 78 61
802 28 306
981 413 51
169 66 172
314 412 217
866 433 94
67 204 214
332 673 11
870 957 146
38 312 407
268 739 417
183 451 270
44 507 491
574 178 240
834 868 288
604 741 316
224 326 371
832 899 332
311 146 476
816 65 195
858 633 389
450 18 46
762 473 41
552 112 85
818 853 363
202 579 32
945 734 24
488 180 146
45 556 177
771 254 393
209 339 453
653 145 295
327 880 343
165 124 330
920 949 477
708 829 264
758 794 94
813 349 384
71 576 1
669 263 42
124 797 329
788 858 110
843 811 485
568 105 279
717 608 434
365 189 172
690 878 475
841 592 203
56 158 31
781 290 383
233 880 438
637 269 233
554 133 212
323 583 264
314 799 443
32 704 285
353 827 426
944 566 422
739 949 39
801 419 460
961 609 418
732 155 218
198 453 115
319 302 379
282 609 56
581 313 192
14 503 86
796 562 271
81 935 108
287 220 338
136 204 118
94 686 427
423 459 349
845 350 194
210 535 5
337 418 203
856 159 380
647 150 8
192 927 223
221 314 92
364 996 33
746 802 142
333 464 264
621 195 153
178 651 49
173 958 392
394 993 33
352 667 363
268 318 317
450 568 293
600 850 52
581 747 293
477 313 169
222 507 248
161 429 182
263 497 313
838 641 369
723 579 170
329 222 228
839 420 376
401 239 77
56 52 177
861 416 178
813 153 391
37 775 51
892 145 193
418 989 271
496 658 30
265 639 371
462 224 317
313 535 242
99 787 480
974 876 111
686 358 52
217 626 418
898 256 137
824 817 117
794 432 239
569 549 216
986 734 80
964 328 34
400 88 447
565 666 72
382 469 94
159 730 194
204 571 19
590 83 97
487 173 379
611 747 262
931 410 184
121 326 145
420 493 276
392 63 333
66 133 64
341 647 111
939 548 364
413 776 26
218 181 438
12 465 31
237 524 220
747 738 498
245 849 53
338 241 86
129 885 23
644 143 171
499 885 440
97 34 465
738 693 77
78 999 117
786 777 495
252 546 98
599 765 308
380 302 248
885 442 52
918 938 461
967 592 208
500 426 202
647 502 403
563 561 490
509 104 129
920 235 20
808 895 421
835 889 203
945 117 68
716 617 290
635 856 78
694 633 4
185 99 322
501 612 301
822 606 5
892 717 336
926 734 190
327 72 140
789 784 302
618 978 183
250 521 295
852 942 318
157 892 151
466 100 6
217 702 328
809 331 454
428 254 229
168 936 299
603 157 287
890 669 376
607 808 20
310 497 72
69 787 130
163 845 212
496 772 291
457 167 252
893 384 170
335 120 240
631 348 203
966 133 416
734 860 256
244 545 342
15 556 121
622 773 425
642 198 237
94 639 275
808 211 190
237 714 243
183 506 338
25 209 336
638 651 308
953 739 60
265 326 251
17 603 82
917 912 170
39 233 178
917 843 357
830 182 312
832 991 188
507 260 4
948 45 166
535 556 275
941 167 47
390 188 401
266 700 145
173 348 62
220 736 144
980 681 486
72 851 400
558 151 211
302 778 295
688 863 219
490 632 11
669 365 234
366 480 421
157 894 399
661 412 55
629 85 183
675 77 128
750 508 130
73 564 161
875 423 169
36 704 463
645 502 457
180 625 11
821 556 19
265 148 185
679 864 278
478 226 255
149 661 444
747 563 50
324 769 423
382 326 98
985 489 143
543 927 39
785 960 448
675 600 469
780 581 487
928 210 78
78 2 330
917 384 36
922 537 482
197 402 395
620 222 422
138 627 472
238 679 38
164 55 14
553 302 134
21 667 214
836 242 106
287 923 165
507 523 426
429 992 291
290 599 420
674 614 43
835 949 493
365 979 12
972 116 159
39 505 312
743 553 194
813 446 466
865 221 170
764 314 425
884 745 249
290 149 372
632 481 449