324 5716 36 159
1 0 46.0073
0 1 46.0073
2 1 14.1199
1 2 14.1199
3 0 17.7404
0 3 17.7404
4 0 97.1222
0 4 97.1222
5 0 86.9208
0 5 86.9208
6 0 69.8597
0 6 69.8597
7 2 79.2206
2 7 79.2206
8 5 17.6725
5 8 17.6725
9 0 64.4429
0 9 64.4429
10 9 84.8253
9 10 84.8253
11 0 62.1603
0 11 62.1603
12 10 37.6261
10 12 37.6261
13 7 48.0042
7 13 48.0042
14 4 94.7419
4 14 94.7419
15 9 43.4423
9 15 43.4423
16 4 22.8475
4 16 22.8475
17 7 40.6171
7 17 40.6171
18 10 83.3981
10 18 83.3981
19 16 71.2467
16 19 71.2467
20 12 86.6263
12 20 86.6263
21 9 19.8651
9 21 19.8651
22 14 71.5749
14 22 71.5749
23 22 37.5558
22 23 37.5558
24 4 46.4972
4 24 46.4972
25 8 81.7347
8 25 81.7347
26 19 63.0027
19 26 63.0027
27 8 26.9596
8 27 26.9596
28 2 15.2338
2 28 15.2338
29 0 98.5484
0 29 98.5484
30 11 79.7092
11 30 79.7092
31 15 26.8157
15 31 26.8157
32 8 54.4105
8 32 54.4105
33 28 54.0134
28 33 54.0134
34 9 95.6152
9 34 95.6152
35 30 79.2749
30 35 79.2749
36 3 71.6192
3 36 71.6192
37 23 55.0824
23 37 55.0824
38 15 37.4211
15 38 37.4211
39 2 16.7977
2 39 16.7977
40 1 92.8741
1 40 92.8741
41 8 91.3702
8 41 91.3702
42 14 92.2674
14 42 92.2674
43 0 54.3085
0 43 54.3085
44 26 67.2844
26 44 67.2844
45 1 53.6071
1 45 53.6071
46 17 28.9538
17 46 28.9538
47 1 97.8504
1 47 97.8504
48 0 78.6543
0 48 78.6543
49 34 23.6153
34 49 23.6153
50 10 14.3073
10 50 14.3073
51 13 90.8742
13 51 90.8742
52 17 56.0491
17 52 56.0491
53 24 91.3471
24 53 91.3471
54 29 18.4181
29 54 18.4181
55 54 94.5541
54 55 94.5541
56 9 24.921
9 56 24.921
57 26 71.7848
26 57 71.7848
58 40 29.2346
40 58 29.2346
59 43 27.5499
43 59 27.5499
60 47 50.8476
47 60 50.8476
61 46 61.2592
46 61 61.2592
62 49 57.3641
49 62 57.3641
63 44 43.2065
44 63 43.2065
64 51 84.3696
51 64 84.3696
65 19 28.9416
19 65 28.9416
66 46 38.961
46 66 38.961
67 41 70.1581
41 67 70.1581
68 15 45.8306
15 68 45.8306
69 52 83.7699
52 69 83.7699
70 60 67.2636
60 70 67.2636
71 34 51.1143
34 71 51.1143
72 49 59.129
49 72 59.129
73 8 61.0965
8 73 61.0965
74 16 45.0327
16 74 45.0327
75 47 63.4258
47 75 63.4258
76 55 34.6901
55 76 34.6901
77 13 65.5613
13 77 65.5613
78 34 77.9443
34 78 77.9443
79 57 84.1339
57 79 84.1339
80 49 46.6459
49 80 46.6459
81 26 91.2986
26 81 91.2986
82 45 70.6713
45 82 70.6713
83 62 15.9367
62 83 15.9367
84 9 58.222
9 84 58.222
85 61 78.9033
61 85 78.9033
86 68 97.1079
68 86 97.1079
87 33 46.3703
33 87 46.3703
88 35 68.6692
35 88 68.6692
89 34 23.2804
34 89 23.2804
90 64 44.7577
64 90 44.7577
91 69 78.623
69 91 78.623
92 4 85.1248
4 92 85.1248
93 51 81.0277
51 93 81.0277
94 72 94.1249
72 94 94.1249
95 89 66.582
89 95 66.582
96 4 44.4907
4 96 44.4907
97 70 48.1033
70 97 48.1033
98 45 22.6332
45 98 22.6332
99 75 66.1776
75 99 66.1776
100 66 77.0669
66 100 77.0669
101 48 36.2477
48 101 36.2477
102 10 90.2031
10 102 90.2031
103 10 94.7332
10 103 94.7332
104 83 52.3655
83 104 52.3655
105 23 37.5712
23 105 37.5712
106 43 73.6843
43 106 73.6843
107 104 76.1933
104 107 76.1933
108 102 28.8673
102 108 28.8673
109 57 45.1723
57 109 45.1723
110 4 63.8159
4 110 63.8159
111 40 55.7968
40 111 55.7968
112 13 61.9232
13 112 61.9232
113 97 70.3966
97 113 70.3966
114 105 20.8532
105 114 20.8532
115 34 50.4922
34 115 50.4922
116 58 88.6519
58 116 88.6519
117 59 44.8994
59 117 44.8994
118 0 56.8395
0 118 56.8395
119 71 17.4002
71 119 17.4002
120 33 96.2379
33 120 96.2379
121 33 60.3921
33 121 60.3921
122 60 45.3482
60 122 45.3482
123 38 79.3085
38 123 79.3085
124 115 78.6864
115 124 78.6864
125 48 30.5616
48 125 30.5616
126 67 32.8573
67 126 32.8573
127 28 53.0409
28 127 53.0409
128 23 12.2484
23 128 12.2484
129 21 47.2631
21 129 47.2631
130 49 47.7498
49 130 47.7498
131 118 83.0442
118 131 83.0442
132 20 45.0752
20 132 45.0752
133 79 39.8893
79 133 39.8893
134 39 37.1751
39 134 37.1751
135 3 29.9803
3 135 29.9803
136 22 56.9157
22 136 56.9157
137 134 98.2674
134 137 98.2674
138 126 32.655
126 138 32.655
139 122 97.1146
122 139 97.1146
140 1 57.297
1 140 57.297
141 118 30.0943
118 141 30.0943
142 89 23.5258
89 142 23.5258
143 25 96.1249
25 143 96.1249
144 63 99.4776
63 144 99.4776
145 69 29.1394
69 145 29.1394
146 87 57.5792
87 146 57.5792
147 56 39.6799
56 147 39.6799
148 125 75.0988
125 148 75.0988
149 125 92.5269
125 149 92.5269
150 14 81.547
14 150 81.547
151 117 61.0167
117 151 61.0167
152 106 55.0037
106 152 55.0037
153 43 47.8696
43 153 47.8696
154 117 83.7765
117 154 83.7765
155 106 38.1004
106 155 38.1004
156 47 12.9605
47 156 12.9605
157 72 42.9698
72 157 42.9698
158 57 67.9895
57 158 67.9895
159 63 44.8623
63 159 44.8623
160 129 76.4644
129 160 76.4644
161 160 80.1121
160 161 80.1121
162 36 29.0026
36 162 29.0026
163 122 68.3784
122 163 68.3784
164 152 49.7182
152 164 49.7182
165 86 54.6355
86 165 54.6355
166 81 73.2074
81 166 73.2074
167 17 14.7985
17 167 14.7985
168 15 75.8167
15 168 75.8167
169 165 18.5005
165 169 18.5005
170 139 71.348
139 170 71.348
171 29 82.9489
29 171 82.9489
172 92 79.3841
92 172 79.3841
173 72 64.3777
72 173 64.3777
174 162 36.3122
162 174 36.3122
175 135 48.2558
135 175 48.2558
176 10 54.7285
10 176 54.7285
177 135 86.7173
135 177 86.7173
178 97 49.4757
97 178 49.4757
179 110 18.798
110 179 18.798
180 29 42.9149
29 180 42.9149
181 122 43.4729
122 181 43.4729
182 116 31.0431
116 182 31.0431
183 94 23.2405
94 183 23.2405
184 94 94.8208
94 184 94.8208
185 73 91.7579
73 185 91.7579
186 79 84.3966
79 186 84.3966
187 186 83.6855
186 187 83.6855
188 159 29.3972
159 188 29.3972
189 166 80.3447
166 189 80.3447
190 59 94.4717
59 190 94.4717
191 127 51.5117
127 191 51.5117
192 53 57.617
53 192 57.617
193 143 16.2771
143 193 16.2771
194 38 69.9237
38 194 69.9237
195 79 48.4793
79 195 48.4793
196 78 65.852
78 196 65.852
197 170 78.0604
170 197 78.0604
198 79 89.5081
79 198 89.5081
199 42 36.7937
42 199 36.7937
200 26 46.4173
26 200 46.4173
201 84 93.3381
84 201 93.3381
202 99 86.264
99 202 86.264
203 81 78.2238
81 203 78.2238
204 80 83.9368
80 204 83.9368
205 172 31.894
172 205 31.894
206 48 24.4658
48 206 24.4658
207 71 21.3929
71 207 21.3929
208 6 51.589
6 208 51.589
209 43 10.382
43 209 10.382
210 66 20.0719
66 210 20.0719
211 6 56.8652
6 211 56.8652
212 53 35.096
53 212 35.096
213 204 84.347
204 213 84.347
214 28 73.3016
28 214 73.3016
215 60 37.7645
60 215 37.7645
216 15 51.9292
15 216 51.9292
217 92 68.5652
92 217 68.5652
218 152 70.5224
152 218 70.5224
219 66 37.3943
66 219 37.3943
220 0 63.0413
0 220 63.0413
221 54 59.814
54 221 59.814
222 217 35.6978
217 222 35.6978
223 117 72.8816
117 223 72.8816
224 41 85.1968
41 224 85.1968
225 182 82.3653
182 225 82.3653
226 79 49.0561
79 226 49.0561
227 166 64.778
166 227 64.778
228 60 72.561
60 228 72.561
229 122 36.6794
122 229 36.6794
230 181 61.7636
181 230 61.7636
231 138 28.2696
138 231 28.2696
232 18 31.4317
18 232 31.4317
233 38 75.6606
38 233 75.6606
234 26 54.0958
26 234 54.0958
235 19 14.5811
19 235 14.5811
236 152 97.2848
152 236 97.2848
237 46 84.3533
46 237 84.3533
238 93 44.5482
93 238 44.5482
239 195 97.2257
195 239 97.2257
240 82 75.7526
82 240 75.7526
241 165 57.2371
165 241 57.2371
242 69 21.9884
69 242 21.9884
243 117 53.6919
117 243 53.6919
244 124 71.0408
124 244 71.0408
245 132 68.3333
132 245 68.3333
246 245 89.6256
245 246 89.6256
247 179 13.0912
179 247 13.0912
248 224 94.9126
224 248 94.9126
249 59 19.079
59 249 19.079
250 157 92.5742
157 250 92.5742
251 220 67.8472
220 251 67.8472
252 211 20.9349
211 252 20.9349
253 52 81.5892
52 253 81.5892
254 2 70.2921
2 254 70.2921
255 174 24.4592
174 255 24.4592
256 79 70.4421
79 256 70.4421
257 164 48.7973
164 257 48.7973
258 168 65.5115
168 258 65.5115
259 82 76.1994
82 259 76.1994
260 200 58.571
200 260 58.571
261 3 94.8769
3 261 94.8769
262 120 20.3624
120 262 20.3624
263 172 66.6506
172 263 66.6506
264 172 55.0704
172 264 55.0704
265 103 30.5651
103 265 30.5651
266 101 84.4684
101 266 84.4684
267 258 56.9747
258 267 56.9747
268 244 13.9053
244 268 13.9053
269 219 87.1848
219 269 87.1848
270 130 84.9173
130 270 84.9173
271 173 78.1567
173 271 78.1567
272 7 85.4437
7 272 85.4437
273 169 68.6354
169 273 68.6354
274 184 65.4746
184 274 65.4746
275 138 35.0247
138 275 35.0247
276 235 81.7057
235 276 81.7057
277 230 31.0937
230 277 31.0937
278 91 63.6469
91 278 63.6469
279 260 19.3339
260 279 19.3339
280 214 39.6107
214 280 39.6107
281 258 17.7529
258 281 17.7529
282 1 15.966
1 282 15.966
283 143 81.8786
143 283 81.8786
284 50 21.4041
50 284 21.4041
285 281 20.5416
281 285 20.5416
286 175 20.9422
175 286 20.9422
287 150 15.3697
150 287 15.3697
288 187 24.0875
187 288 24.0875
289 80 62.2831
80 289 62.2831
290 147 33.0488
147 290 33.0488
291 44 14.1803
44 291 14.1803
292 150 24.8818
150 292 24.8818
293 254 30.4835
254 293 30.4835
294 216 18.876
216 294 18.876
295 216 19.3447
216 295 19.3447
296 195 58.1463
195 296 58.1463
297 115 19.1197
115 297 19.1197
298 268 81.6956
268 298 81.6956
299 222 22.619
222 299 22.619
300 158 15.1151
158 300 15.1151
301 111 95.482
111 301 95.482
302 213 95.8623
213 302 95.8623
303 235 22.231
235 303 22.231
304 88 30.2372
88 304 30.2372
305 158 70.5043
158 305 70.5043
306 139 55.6148
139 306 55.6148
307 210 84.2746
210 307 84.2746
308 177 52.0053
177 308 52.0053
309 100 75.316
100 309 75.316
310 305 93.9866
305 310 93.9866
311 22 25.1524
22 311 25.1524
312 212 99.1864
212 312 99.1864
313 120 91.6594
120 313 91.6594
314 184 13.9248
184 314 13.9248
315 69 23.1334
69 315 23.1334
316 198 58.9815
198 316 58.9815
317 143 86.8824
143 317 86.8824
318 88 97.3409
88 318 97.3409
319 60 62.3688
60 319 62.3688
320 30 74.9547
30 320 74.9547
321 5 79.7095
5 321 79.7095
322 31 96.2323
31 322 96.2323
323 269 89.7452
269 323 89.7452
131 42 32.0009
42 131 32.0009
121 239 45.2077
239 121 45.2077
220 284 78.8267
284 220 78.8267
145 307 16.4165
307 145 16.4165
132 19 23.4327
19 132 23.4327
189 101 54.1235
101 189 54.1235
245 251 51.2902
251 245 51.2902
6 122 60.7905
122 6 60.7905
274 258 92.1644
258 274 92.1644
67 156 19.28
156 67 19.28
29 252 99.2009
252 29 99.2009
41 294 34.739
294 41 34.739
173 35 23.1427
35 173 23.1427
59 154 31.5875
154 59 31.5875
0 63 69.1609
63 0 69.1609
139 133 52.8178
133 139 52.8178
241 298 66.3637
298 241 66.3637
168 107 75.1332
107 168 75.1332
14 258 92.8698
258 14 92.8698
300 271 17.1246
271 300 17.1246
9 232 62.3624
232 9 62.3624
180 56 61.5249
56 180 61.5249
89 57 72.2199
57 89 72.2199
128 109 14.6758
109 128 14.6758
322 158 74.8098
158 322 74.8098
162 298 15.0302
298 162 15.0302
212 35 27.8473
35 212 27.8473
315 122 83.7284
122 315 83.7284
274 241 83.0736
241 274 83.0736
19 316 24.573
316 19 24.573
288 318 47.4192
318 288 47.4192
66 133 12.9652
133 66 12.9652
68 53 95.2936
53 68 95.2936
37 214 36.4628
214 37 36.4628
299 194 56.8512
194 299 56.8512
5 47 61.4781
47 5 61.4781
236 133 57.5483
133 236 57.5483
106 264 12.661
264 106 12.661
84 247 55.9803
247 84 55.9803
252 101 50.5918
101 252 50.5918
180 282 16.3312
282 180 16.3312
118 43 79.5439
43 118 79.5439
267 70 49.9802
70 267 49.9802
148 151 51.4501
151 148 51.4501
8 204 68.4848
204 8 68.4848
72 165 13.398
165 72 13.398
259 295 67.1502
295 259 67.1502
215 199 75.7666
199 215 75.7666
32 196 92.6584
196 32 92.6584
119 89 62.8097
89 119 62.8097
211 7 53.2411
7 211 53.2411
59 168 15.6507
168 59 15.6507
95 211 15.0064
211 95 15.0064
254 303 94.2883
303 254 94.2883
50 182 91.7701
182 50 91.7701
138 44 90.5809
44 138 90.5809
51 322 11.9438
322 51 11.9438
101 123 12.6243
123 101 12.6243
279 229 39.132
229 279 39.132
246 56 72.0958
56 246 72.0958
319 31 85.6519
31 319 85.6519
189 179 16.6275
179 189 16.6275
284 46 65.2241
46 284 65.2241
51 83 47.0941
83 51 47.0941
223 281 59.0628
281 223 59.0628
229 283 69.7197
283 229 69.7197
274 29 65.5487
29 274 65.5487
121 79 36.2857
79 121 36.2857
160 83 94.4556
83 160 94.4556
195 95 83.912
95 195 83.912
128 157 72.0753
157 128 72.0753
102 247 73.3272
247 102 73.3272
75 178 69.6043
178 75 69.6043
67 178 39.8708
178 67 39.8708
249 204 73.9833
204 249 73.9833
251 122 64.1913
122 251 64.1913
200 173 96.2835
173 200 96.2835
126 8 41.0668
8 126 41.0668
190 274 75.0256
274 190 75.0256
31 109 13.6378
109 31 13.6378
137 172 98.1897
172 137 98.1897
138 257 46.883
257 138 46.883
168 9 26.3321
9 168 26.3321
194 65 46.0678
65 194 46.0678
32 306 93.5074
306 32 93.5074
98 317 53.7473
317 98 53.7473
160 271 59.3684
271 160 59.3684
235 263 16.4193
263 235 16.4193
26 143 88.595
143 26 88.595
251 68 89.3116
68 251 89.3116
56 133 41.1317
133 56 41.1317
165 98 17.1783
98 165 17.1783
116 225 13.6889
225 116 13.6889
73 86 60.0693
86 73 60.0693
30 293 82.4771
293 30 82.4771
8 239 34.7455
239 8 34.7455
145 255 15.5753
255 145 15.5753
47 309 39.9673
309 47 39.9673
76 317 64.2243
317 76 64.2243
45 111 33.7876
111 45 33.7876
85 257 96.6717
257 85 96.6717
250 256 32.8043
256 250 32.8043
90 277 75.2102
277 90 75.2102
303 1 54.8022
1 303 54.8022
298 289 34.1335
289 298 34.1335
250 154 41.6096
154 250 41.6096
281 267 71.4165
267 281 71.4165
6 299 71.0714
299 6 71.0714
35 115 39.9482
115 35 39.9482
183 235 62.6666
235 183 62.6666
107 58 24.0285
58 107 24.0285
197 69 61.3688
69 197 61.3688
71 220 77.7573
220 71 77.7573
162 95 49.8296
95 162 49.8296
185 254 97.0231
254 185 97.0231
27 16 48.3314
16 27 48.3314
174 74 72.0547
74 174 72.0547
49 219 92.3034
219 49 92.3034
49 187 57.9789
187 49 57.9789
218 28 95.1285
28 218 95.1285
69 190 72.0045
190 69 72.0045
297 151 91.8342
151 297 91.8342
200 236 41.0286
236 200 41.0286
129 45 75.6638
45 129 75.6638
23 3 55.4319
3 23 55.4319
252 286 57.2926
286 252 57.2926
246 303 27.9188
303 246 27.9188
29 156 59.4787
156 29 59.4787
42 73 87.1487
73 42 87.1487
60 92 77.261
92 60 77.261
99 36 67.8454
36 99 67.8454
316 301 13.8648
301 316 13.8648
271 152 94.496
152 271 94.496
250 124 25.1544
124 250 25.1544
259 165 15.7229
165 259 15.7229
217 41 70.8729
41 217 70.8729
23 277 63.3288
277 23 63.3288
166 71 99.3196
71 166 99.3196
208 179 18.2569
179 208 18.2569
56 254 39.8959
254 56 39.8959
42 178 55.2338
178 42 55.2338
253 26 55.2234
26 253 55.2234
126 189 62.5985
189 126 62.5985
59 225 87.4233
225 59 87.4233
226 115 54.4657
115 226 54.4657
305 147 80.692
147 305 80.692
282 243 29.9841
243 282 29.9841
306 270 47.8081
270 306 47.8081
24 96 35.1313
96 24 35.1313
14 228 58.504
228 14 58.504
276 87 73.218
87 276 73.218
88 93 91.1635
93 88 91.1635
291 11 31.2136
11 291 31.2136
314 99 10.1708
99 314 10.1708
230 221 57.5283
221 230 57.5283
277 60 16.8451
60 277 16.8451
153 191 87.9226
191 153 87.9226
93 15 97.3386
15 93 97.3386
28 40 72.1226
40 28 72.1226
215 35 14.0885
35 215 14.0885
159 232 42.6683
232 159 42.6683
187 59 86.4089
59 187 86.4089
82 149 38.3872
149 82 38.3872
69 181 30.0946
181 69 30.0946
61 18 22.1917
18 61 22.1917
24 19 54.935
19 24 54.935
87 52 39.8042
52 87 39.8042
106 306 10.5569
306 106 10.5569
72 35 22.1342
35 72 22.1342
22 225 82.3501
225 22 82.3501
23 46 88.2548
46 23 88.2548
154 105 97.6621
105 154 97.6621
271 280 84.8343
280 271 84.8343
81 114 66.269
114 81 66.269
168 116 33.9127
116 168 33.9127
230 134 53.6745
134 230 53.6745
221 21 59.3909
21 221 59.3909
140 112 33.6
112 140 33.6
16 114 73.4171
114 16 73.4171
218 73 24.8982
73 218 24.8982
75 85 28.819
85 75 28.819
105 21 72.0839
21 105 72.0839
243 276 58.7246
276 243 58.7246
32 277 97.7348
277 32 97.7348
202 230 47.211
230 202 47.211
26 202 85.2338
202 26 85.2338
59 161 35.4783
161 59 35.4783
273 281 90.5575
281 273 90.5575
242 167 90.5801
167 242 90.5801
110 216 38.0615
216 110 38.0615
292 50 74.783
50 292 74.783
199 45 50.3321
45 199 50.3321
130 235 45.7157
235 130 45.7157
117 15 64.0597
15 117 64.0597
21 172 86.0935
172 21 86.0935
248 61 90.2353
61 248 90.2353
220 130 15.0084
130 220 15.0084
260 163 60.1711
163 260 60.1711
103 95 86.475
95 103 86.475
298 245 57.7653
245 298 57.7653
211 240 73.8044
240 211 73.8044
140 152 17.2346
152 140 17.2346
117 281 16.1581
281 117 16.1581
4 140 83.9964
140 4 83.9964
269 149 76.041
149 269 76.041
120 235 25.1045
235 120 25.1045
156 109 79.3691
109 156 79.3691
269 66 31.4127
66 269 31.4127
300 42 61.3858
42 300 61.3858
234 110 10.2126
110 234 10.2126
96 57 43.3036
57 96 43.3036
102 73 42.9111
73 102 42.9111
173 33 15.7052
33 173 15.7052
185 294 65.9424
294 185 65.9424
139 144 80.3879
144 139 80.3879
40 211 69.0006
211 40 69.0006
8 196 78.4006
196 8 78.4006
284 35 92.4013
35 284 92.4013
321 155 53.5091
155 321 53.5091
68 236 72.3349
236 68 72.3349
223 11 60.6391
11 223 60.6391
291 27 99.8183
27 291 99.8183
25 208 45.1452
208 25 45.1452
207 138 18.8952
138 207 18.8952
278 267 56.1914
267 278 56.1914
94 186 88.6373
186 94 88.6373
254 275 70.6965
275 254 70.6965
103 254 59.7046
254 103 59.7046
98 240 17.6133
240 98 17.6133
206 47 42.5093
47 206 42.5093
238 173 97.7941
173 238 97.7941
77 157 68.8735
157 77 68.8735
307 140 72.5163
140 307 72.5163
49 284 24.427
284 49 24.427
288 30 42.3004
30 288 42.3004
316 219 64.5675
219 316 64.5675
207 88 85.889
88 207 85.889
17 65 56.4999
65 17 56.4999
87 211 90.4695
211 87 90.4695
111 255 21.4807
255 111 21.4807
257 170 59.7879
170 257 59.7879
180 59 59.0894
59 180 59.0894
252 20 16.7413
20 252 16.7413
154 99 77.3149
99 154 77.3149
211 246 92.8214
246 211 92.8214
142 11 76.294
11 142 76.294
254 294 52.5162
294 254 52.5162
1 212 82.0569
212 1 82.0569
51 220 74.3363
220 51 74.3363
4 61 66.8992
61 4 66.8992
91 302 72.6302
302 91 72.6302
309 70 15.41
70 309 15.41
306 231 44.5186
231 306 44.5186
293 16 98.563
16 293 98.563
303 9 27.4443
9 303 27.4443
156 280 85.3521
280 156 85.3521
152 196 31.613
196 152 31.613
201 240 11.3875
240 201 11.3875
45 59 79.2113
59 45 79.2113
278 10 42.9679
10 278 42.9679
317 227 31.9866
227 317 31.9866
72 196 22.6138
196 72 22.6138
60 78 63.1366
78 60 63.1366
198 240 37.7006
240 198 37.7006
125 155 76.61
155 125 76.61
161 18 29.9804
18 161 29.9804
257 102 11.2138
102 257 11.2138
204 203 35.3856
203 204 35.3856
211 241 43.8418
241 211 43.8418
257 99 55.6917
99 257 55.6917
254 249 87.2501
249 254 87.2501
18 123 75.4959
123 18 75.4959
182 81 49.2521
81 182 49.2521
195 312 63.2716
312 195 63.2716
291 142 94.4559
142 291 94.4559
220 19 10.3553
19 220 10.3553
198 320 90.9108
320 198 90.9108
225 40 11.7939
40 225 11.7939
5 98 68.6234
98 5 68.6234
83 127 93.2301
127 83 93.2301
66 314 23.3067
314 66 23.3067
237 16 11.6881
16 237 11.6881
22 224 59.3108
224 22 59.3108
275 173 45.0434
173 275 45.0434
83 200 68.2952
200 83 68.2952
131 209 90.301
209 131 90.301
206 322 89.1435
322 206 89.1435
131 226 13.7306
226 131 13.7306
319 82 21.6009
82 319 21.6009
159 240 71.1504
240 159 71.1504
156 103 45.9395
103 156 45.9395
152 301 20.729
301 152 20.729
145 99 85.3223
99 145 85.3223
5 141 71.6525
141 5 71.6525
229 316 40.0181
316 229 40.0181
205 30 62.4409
30 205 62.4409
283 118 56.4857
118 283 56.4857
300 111 93.3032
111 300 93.3032
160 223 48.761
223 160 48.761
70 232 82.379
232 70 82.379
312 228 97.7139
228 312 97.7139
249 69 55.3003
69 249 55.3003
63 277 53.2612
277 63 53.2612
159 168 27.8818
168 159 27.8818
250 196 34.3962
196 250 34.3962
53 43 22.9583
43 53 22.9583
167 94 34.5713
94 167 34.5713
290 202 38.0795
202 290 38.0795
249 174 62.1867
174 249 62.1867
93 227 45.6146
227 93 45.6146
129 69 79.5604
69 129 79.5604
158 24 61.7966
24 158 61.7966
23 220 97.7384
220 23 97.7384
246 304 66.2057
304 246 66.2057
131 1 65.67
1 131 65.67
248 99 12.0301
99 248 12.0301
191 305 17.1583
305 191 17.1583
135 266 42.3191
266 135 42.3191
112 126 92.3645
126 112 92.3645
156 279 69.4561
279 156 69.4561
139 65 50.6774
65 139 50.6774
22 131 18.1506
131 22 18.1506
245 276 26.591
276 245 26.591
31 151 25.7809
151 31 25.7809
40 81 15.7349
81 40 15.7349
112 88 88.947
88 112 88.947
43 296 72.9213
296 43 72.9213
217 267 87.4659
267 217 87.4659
88 175 67.9793
175 88 67.9793
124 84 93.6512
84 124 93.6512
147 71 34.8069
71 147 34.8069
281 308 90.9755
308 281 90.9755
24 215 73.1137
215 24 73.1137
60 115 52.0376
115 60 52.0376
3 228 29.0839
228 3 29.0839
168 71 34.2373
71 168 34.2373
169 103 49.0981
103 169 49.0981
179 75 23.1581
75 179 23.1581
22 275 25.381
275 22 25.381
95 259 37.9447
259 95 37.9447
62 169 41.861
169 62 41.861
260 29 92.2681
29 260 92.2681
121 309 70.009
309 121 70.009
295 241 62.3823
241 295 62.3823
197 5 74.0687
5 197 74.0687
308 73 19.5512
73 308 19.5512
319 212 50.9127
212 319 50.9127
38 277 18.7023
277 38 18.7023
82 92 73.4269
92 82 73.4269
120 65 13.4738
65 120 13.4738
43 7 73.1632
7 43 73.1632
81 281 52.3394
281 81 52.3394
316 166 11.1269
166 316 11.1269
27 240 91.9763
240 27 91.9763
216 59 66.2226
59 216 66.2226
322 187 96.9609
187 322 96.9609
210 201 29.3227
201 210 29.3227
261 140 86.2989
140 261 86.2989
141 98 88.4167
98 141 88.4167
263 5 40.3706
5 263 40.3706
163 314 23.7187
314 163 23.7187
27 289 87.9998
289 27 87.9998
102 182 21.3707
182 102 21.3707
218 127 94.7087
127 218 94.7087
16 208 90.7202
208 16 90.7202
306 9 99.0881
9 306 99.0881
316 308 35.0416
308 316 35.0416
237 288 31.501
288 237 31.501
32 58 94.1518
58 32 94.1518
92 132 63.6368
132 92 63.6368
19 312 55.5171
312 19 55.5171
128 50 77.687
50 128 77.687
74 208 85.4321
208 74 85.4321
156 210 92.1987
210 156 92.1987
28 178 55.4268
178 28 55.4268
313 246 39.8215
246 313 39.8215
84 253 47.783
253 84 47.783
237 273 76.5004
273 237 76.5004
137 35 78.7178
35 137 78.7178
113 81 46.1013
81 113 46.1013
35 142 38.1341
142 35 38.1341
165 225 85.2978
225 165 85.2978
124 14 79.7309
14 124 79.7309
306 198 92.8447
198 306 92.8447
222 179 97.0861
179 222 97.0861
294 155 54.2861
155 294 54.2861
175 234 14.2488
234 175 14.2488
198 180 80.2419
180 198 80.2419
218 281 52.3663
281 218 52.3663
65 202 15.1688
202 65 15.1688
95 14 65.7857
14 95 65.7857
80 122 84.8874
122 80 84.8874
320 103 37.9719
103 320 37.9719
220 33 25.747
33 220 25.747
46 6 61.3028
6 46 61.3028
219 285 77.9376
285 219 77.9376
22 177 28.1061
177 22 28.1061
77 24 80.1613
24 77 80.1613
22 247 66.3925
247 22 66.3925
264 281 22.5425
281 264 22.5425
87 96 74.7644
96 87 74.7644
74 83 21.7711
83 74 21.7711
120 79 30.8427
79 120 30.8427
100 127 35.0726
127 100 35.0726
66 82 20.8814
82 66 20.8814
226 196 63.4357
196 226 63.4357
321 211 94.9492
211 321 94.9492
218 118 31.8853
118 218 31.8853
310 242 30.3325
242 310 30.3325
161 296 42.4738
296 161 42.4738
103 314 70.6521
314 103 70.6521
159 256 97.3973
256 159 97.3973
139 297 42.1518
297 139 42.1518
182 313 85.1682
313 182 85.1682
100 81 20.3319
81 100 20.3319
113 210 26.1727
210 113 26.1727
27 321 66.596
321 27 66.596
156 16 27.47
16 156 27.47
140 136 21.4553
136 140 21.4553
260 259 15.1807
259 260 15.1807
90 197 28.1851
197 90 28.1851
46 206 63.2399
206 46 63.2399
135 231 65.5591
231 135 65.5591
275 110 58.1904
110 275 58.1904
69 34 74.0258
34 69 74.0258
126 0 52.5947
0 126 52.5947
140 114 80.1968
114 140 80.1968
2 130 53.2595
130 2 53.2595
183 139 30.0378
139 183 30.0378
29 134 31.0214
134 29 31.0214
286 47 82.2027
47 286 82.2027
113 297 54.7475
297 113 54.7475
150 198 16.2076
198 150 16.2076
11 228 50.4268
228 11 50.4268
215 298 95.5762
298 215 95.5762
236 13 76.8282
13 236 76.8282
88 164 98.0908
164 88 98.0908
223 234 18.186
234 223 18.186
134 201 72.6103
201 134 72.6103
38 85 54.3186
85 38 54.3186
187 281 89.3698
281 187 89.3698
316 68 59.8436
68 316 59.8436
189 137 88.4735
137 189 88.4735
71 78 57.1484
78 71 57.1484
62 149 88.8512
149 62 88.8512
27 181 99.3174
181 27 99.3174
119 277 10.0941
277 119 10.0941
201 56 24.521
56 201 24.521
102 284 66.7134
284 102 66.7134
73 120 34.5618
120 73 34.5618
12 96 87.7879
96 12 87.7879
143 309 83.1455
309 143 83.1455
75 206 46.5291
206 75 46.5291
271 139 76.0962
139 271 76.0962
191 24 42.4411
24 191 42.4411
62 270 60.9004
270 62 60.9004
257 20 78.174
20 257 78.174
186 91 56.4753
91 186 56.4753
40 70 67.3658
70 40 67.3658
318 191 55.9262
191 318 55.9262
155 20 87.2611
20 155 87.2611
141 4 20.6206
4 141 20.6206
265 97 10.7798
97 265 10.7798
127 104 59.2412
104 127 59.2412
132 65 38.9014
65 132 38.9014
316 74 23.4321
74 316 23.4321
11 164 65.3547
164 11 65.3547
42 72 13.4333
72 42 13.4333
104 298 88.1034
298 104 88.1034
222 148 37.0421
148 222 37.0421
323 99 42.2083
99 323 42.2083
253 202 91.6746
202 253 91.6746
260 81 35.1389
81 260 35.1389
88 245 89.3101
245 88 89.3101
251 279 12.7198
279 251 12.7198
43 270 67.6087
270 43 67.6087
162 216 14.0199
216 162 14.0199
223 31 70.0433
31 223 70.0433
25 94 99.4736
94 25 99.4736
233 310 91.8566
310 233 91.8566
275 321 15.7925
321 275 15.7925
227 135 87.8518
135 227 87.8518
53 133 11.1989
133 53 11.1989
9 231 25.4418
231 9 25.4418
114 129 87.5936
129 114 87.5936
45 15 65.7712
15 45 65.7712
293 76 23.6963
76 293 23.6963
164 17 83.1184
17 164 83.1184
264 206 12.6571
206 264 12.6571
96 156 71.669
156 96 71.669
77 237 10.663
237 77 10.663
270 39 10.4971
39 270 10.4971
269 17 86.8536
17 269 86.8536
81 42 76.2079
42 81 76.2079
216 225 62.8078
225 216 62.8078
322 144 23.4223
144 322 23.4223
87 45 29.4067
45 87 29.4067
302 34 11.3114
34 302 11.3114
65 41 87.7861
41 65 87.7861
260 229 86.2272
229 260 86.2272
220 30 67.1952
30 220 67.1952
173 310 54.6212
310 173 54.6212
148 59 60.1393
59 148 60.1393
20 261 83.5338
261 20 83.5338
199 87 54.1065
87 199 54.1065
235 301 68.172
301 235 68.172
184 91 50.8561
91 184 50.8561
226 111 81.973
111 226 81.973
316 87 68.3322
87 316 68.3322
156 131 40.4871
131 156 40.4871
193 285 84.501
285 193 84.501
124 227 69.7252
227 124 69.7252
251 188 55.0502
188 251 55.0502
318 2 93.9794
2 318 93.9794
227 313 77.2212
313 227 77.2212
44 61 11.8957
61 44 11.8957
13 78 15.235
78 13 15.235
175 62 15.3415
62 175 15.3415
118 152 39.4224
152 118 39.4224
302 298 38.5378
298 302 38.5378
188 189 76.5256
189 188 76.5256
156 164 48.037
164 156 48.037
111 179 46.1624
179 111 46.1624
161 174 83.0054
174 161 83.0054
34 61 89.6924
61 34 89.6924
206 187 24.8049
187 206 24.8049
278 168 98.7398
168 278 98.7398
157 98 56.439
98 157 56.439
141 248 91.8409
248 141 91.8409
278 101 44.3908
101 278 44.3908
162 291 37.7284
291 162 37.7284
53 31 84.1171
31 53 84.1171
187 318 47.4219
318 187 47.4219
85 258 13.4788
258 85 13.4788
174 106 85.0786
106 174 85.0786
263 164 85.587
164 263 85.587
221 154 78.3842
154 221 78.3842
259 249 44.9934
249 259 44.9934
64 228 90.4691
228 64 90.4691
323 193 40.3164
193 323 40.3164
94 74 96.3722
74 94 96.3722
254 154 14.4034
154 254 14.4034
269 229 87.8378
229 269 87.8378
19 160 17.5206
160 19 17.5206
136 201 62.1801
201 136 62.1801
26 118 88.9753
118 26 88.9753
306 26 28.2475
26 306 28.2475
168 40 10.6174
40 168 10.6174
234 177 72.4929
177 234 72.4929
45 47 53.8736
47 45 53.8736
207 124 56.7697
124 207 56.7697
166 232 74.1939
232 166 74.1939
272 179 37.1383
179 272 37.1383
110 36 94.9084
36 110 94.9084
262 101 28.1934
101 262 28.1934
132 305 19.976
305 132 19.976
60 189 81.1965
189 60 81.1965
285 277 47.3924
277 285 47.3924
148 18 37.1569
18 148 37.1569
133 43 93.1434
43 133 93.1434
40 178 47.5662
178 40 47.5662
186 306 27.7289
306 186 27.7289
201 158 55.0015
158 201 55.0015
317 262 25.5404
262 317 25.5404
73 294 38.1575
294 73 38.1575
40 322 67.6387
322 40 67.6387
33 236 31.6198
236 33 31.6198
246 139 54.7123
139 246 54.7123
178 303 83.9974
303 178 83.9974
231 305 29.436
305 231 29.436
3 289 30.0084
289 3 30.0084
255 88 44.7448
88 255 44.7448
17 18 94.8223
18 17 94.8223
21 268 64.5956
268 21 64.5956
39 58 88.1892
58 39 88.1892
207 35 33.7836
35 207 33.7836
278 25 27.6309
25 278 27.6309
106 216 62.7482
216 106 62.7482
323 1 46.6187
1 323 46.6187
168 252 77.7017
252 168 77.7017
100 90 23.9303
90 100 23.9303
288 290 14.7663
290 288 14.7663
291 141 21.3641
141 291 21.3641
216 27 85.558
27 216 85.558
161 22 22.1527
22 161 22.1527
132 123 80.8055
123 132 80.8055
313 218 76.6026
218 313 76.6026
162 181 51.8715
181 162 51.8715
308 249 60.6424
249 308 60.6424
10 312 95.5995
312 10 95.5995
121 264 88.5393
264 121 88.5393
144 113 48.8768
113 144 48.8768
183 99 90.0001
99 183 90.0001
84 33 94.2557
33 84 94.2557
210 103 51.3836
103 210 51.3836
12 319 63.6937
319 12 63.6937
301 198 16.1236
198 301 16.1236
150 261 24.4312
261 150 24.4312
184 143 77.8908
143 184 77.8908
284 70 98.0943
70 284 98.0943
130 218 12.9687
218 130 12.9687
241 212 95.2282
212 241 95.2282
65 94 38.115
94 65 38.115
89 164 43.4602
164 89 43.4602
122 91 42.2553
91 122 42.2553
73 173 40.0024
173 73 40.0024
29 38 51.0874
38 29 51.0874
166 206 16.2775
206 166 16.2775
66 264 65.3275
264 66 65.3275
54 320 77.183
320 54 77.183
322 167 56.3397
167 322 56.3397
303 35 83.5255
35 303 83.5255
238 256 61.2282
256 238 61.2282
19 10 28.9944
10 19 28.9944
47 319 72.6984
319 47 72.6984
5 54 42.709
54 5 42.709
50 244 12.7023
244 50 12.7023
171 40 78.7056
40 171 78.7056
51 62 20.0021
62 51 20.0021
265 203 84.517
203 265 84.517
158 221 46.6545
221 158 46.6545
135 228 86.8768
228 135 86.8768
261 238 56.7702
238 261 56.7702
100 289 44.8422
289 100 44.8422
91 263 57.1571
263 91 57.1571
196 159 60.1348
159 196 60.1348
220 307 72.1954
307 220 72.1954
266 121 59.0149
121 266 59.0149
147 291 62.3923
291 147 62.3923
98 280 28.2007
280 98 28.2007
192 38 47.1392
38 192 47.1392
194 220 40.789
220 194 40.789
226 315 81.6819
315 226 81.6819
220 206 94.0816
206 220 94.0816
144 186 43.417
186 144 43.417
37 261 27.2093
261 37 27.2093
153 3 79.3772
3 153 79.3772
294 257 95.2175
257 294 95.2175
301 76 77.3398
76 301 77.3398
303 82 49.4572
82 303 49.4572
176 36 72.6523
36 176 72.6523
62 187 97.7471
187 62 97.7471
143 30 12.2404
30 143 12.2404
140 81 58.7071
81 140 58.7071
289 293 70.92
293 289 70.92
103 177 20.7094
177 103 20.7094
141 268 23.8068
268 141 23.8068
83 263 44.3704
263 83 44.3704
211 277 50.0289
277 211 50.0289
260 6 74.8599
6 260 74.8599
222 13 23.6441
13 222 23.6441
99 107 64.4253
107 99 64.4253
22 7 44.8579
7 22 44.8579
153 102 89.9239
102 153 89.9239
181 57 95.8138
57 181 95.8138
147 27 49.6794
27 147 49.6794
230 14 76.5879
14 230 76.5879
72 73 48.3742
73 72 48.3742
109 305 39.7813
305 109 39.7813
225 73 15.0812
73 225 15.0812
44 85 58.9309
85 44 58.9309
119 164 74.527
164 119 74.527
223 268 31.0596
268 223 31.0596
56 28 29.0429
28 56 29.0429
251 130 15.6454
130 251 15.6454
265 257 88.7027
257 265 88.7027
105 188 14.9027
188 105 14.9027
38 111 37.3898
111 38 37.3898
193 191 29.3725
191 193 29.3725
29 34 14.1836
34 29 14.1836
317 191 48.8897
191 317 48.8897
2 159 49.0276
159 2 49.0276
77 281 19.7153
281 77 19.7153
115 245 87.7855
245 115 87.7855
317 189 97.5855
189 317 97.5855
177 158 29.3705
158 177 29.3705
176 118 13.2066
118 176 13.2066
95 52 47.3357
52 95 47.3357
40 97 76.7178
97 40 76.7178
253 104 24.5857
104 253 24.5857
73 271 45.98
271 73 45.98
255 266 92.7103
266 255 92.7103
287 317 17.419
317 287 17.419
117 96 67.7029
96 117 67.7029
301 178 19.9831
178 301 19.9831
48 57 80.6155
57 48 80.6155
43 248 95.2939
248 43 95.2939
198 27 22.6901
27 198 22.6901
81 64 29.07
64 81 29.07
268 137 47.1782
137 268 47.1782
96 323 85.6442
323 96 85.6442
75 204 64.5291
204 75 64.5291
29 8 95.1623
8 29 95.1623
172 239 74.6303
239 172 74.6303
277 61 34.831
61 277 34.831
170 7 12.7437
7 170 12.7437
288 103 79.6942
103 288 79.6942
261 191 12.3705
191 261 12.3705
263 233 18.3208
233 263 18.3208
4 54 30.5794
54 4 30.5794
75 228 91.7473
228 75 91.7473
314 225 38.2244
225 314 38.2244
56 190 29.7457
190 56 29.7457
93 296 34.5336
296 93 34.5336
164 227 31.7019
227 164 31.7019
172 313 99.9864
313 172 99.9864
137 225 29.7042
225 137 29.7042
218 82 95.6601
82 218 95.6601
110 219 91.0669
219 110 91.0669
307 43 43.7509
43 307 43.7509
53 127 32.9222
127 53 32.9222
144 214 64.7441
214 144 64.7441
71 9 51.0031
9 71 51.0031
181 250 45.1433
250 181 45.1433
224 218 83.2756
218 224 83.2756
161 105 41.0595
105 161 41.0595
101 80 83.7272
80 101 83.7272
311 76 36.4102
76 311 36.4102
82 262 38.894
262 82 38.894
191 296 57.7331
296 191 57.7331
222 111 52.9226
111 222 52.9226
16 281 70.7438
281 16 70.7438
151 6 62.2587
6 151 62.2587
26 250 66.4438
250 26 66.4438
318 271 33.6656
271 318 33.6656
163 166 35.4245
166 163 35.4245
70 294 68.9112
294 70 68.9112
196 286 10.7392
286 196 10.7392
318 210 30.5773
210 318 30.5773
24 135 21.7628
135 24 21.7628
45 289 73.663
289 45 73.663
43 303 26.1685
303 43 26.1685
175 54 87.7529
54 175 87.7529
84 181 20.4856
181 84 20.4856
281 236 47.5602
236 281 47.5602
282 313 19.8261
313 282 19.8261
295 174 14.7002
174 295 14.7002
169 323 31.1515
323 169 31.1515
323 168 33.2926
168 323 33.2926
321 198 34.6328
198 321 34.6328
266 235 73.9313
235 266 73.9313
168 189 43.7697
189 168 43.7697
89 36 37.8813
36 89 37.8813
108 319 60.8142
319 108 60.8142
251 267 30.4485
267 251 30.4485
17 92 47.4014
92 17 47.4014
122 306 24.4789
306 122 24.4789
169 175 70.4939
175 169 70.4939
165 315 80.1532
315 165 80.1532
94 310 71.2822
310 94 71.2822
11 74 32.1633
74 11 32.1633
235 250 90.4413
250 235 90.4413
166 70 20.6512
70 166 20.6512
135 130 67.4089
130 135 67.4089
227 23 67.0248
23 227 67.0248
210 60 71.2886
60 210 71.2886
149 272 86.3627
272 149 86.3627
7 252 15.6267
252 7 15.6267
22 106 94.2716
106 22 94.2716
201 68 43.169
68 201 43.169
102 129 21.8753
129 102 21.8753
268 247 19.123
247 268 19.123
154 29 86.06
29 154 86.06
181 253 71.5506
253 181 71.5506
286 16 22.5763
16 286 22.5763
238 133 36.3153
133 238 36.3153
238 280 60.288
280 238 60.288
96 292 81.1082
292 96 81.1082
247 270 70.2972
270 247 70.2972
227 97 29.5335
97 227 29.5335
149 49 23.6053
49 149 23.6053
71 114 74.1703
114 71 74.1703
283 310 39.368
310 283 39.368
288 86 52.0066
86 288 52.0066
127 75 95.8982
75 127 95.8982
281 168 74.9198
168 281 74.9198
221 150 52.4121
150 221 52.4121
125 92 47.5078
92 125 47.5078
144 55 34.4644
55 144 34.4644
279 57 55.5714
57 279 55.5714
107 242 11.488
242 107 11.488
141 88 27.8145
88 141 27.8145
11 135 86.4225
135 11 86.4225
283 237 94.6612
237 283 94.6612
202 10 35.1523
10 202 35.1523
309 268 35.147
268 309 35.147
54 80 44.0865
80 54 44.0865
284 68 89.8871
68 284 89.8871
259 50 69.0021
50 259 69.0021
291 13 21.0152
13 291 21.0152
25 93 44.4158
93 25 44.4158
24 200 86.1366
200 24 86.1366
259 274 44.4325
274 259 44.4325
317 12 18.3199
12 317 18.3199
116 218 71.7367
218 116 71.7367
235 299 25.2648
299 235 25.2648
34 166 13.303
166 34 13.303
70 179 42.8835
179 70 42.8835
136 78 94.6112
78 136 94.6112
100 275 31.8708
275 100 31.8708
114 6 44.8916
6 114 44.8916
182 217 29.4719
217 182 29.4719
254 53 36.3742
53 254 36.3742
237 69 50.5547
69 237 50.5547
33 159 15.4183
159 33 15.4183
164 307 95.6742
307 164 95.6742
129 277 99.34
277 129 99.34
221 199 27.9031
199 221 27.9031
27 99 78.8554
99 27 78.8554
159 212 98.3875
212 159 98.3875
154 165 56.7574
165 154 56.7574
215 256 66.966
256 215 66.966
114 265 79.5102
265 114 79.5102
239 10 85.3036
10 239 85.3036
114 85 45.2065
85 114 45.2065
139 169 70.6592
169 139 70.6592
210 135 34.3774
135 210 34.3774
181 293 28.3483
293 181 28.3483
166 226 61.2813
226 166 61.2813
281 18 49.6404
18 281 49.6404
68 32 10.4283
32 68 10.4283
141 244 82.9648
244 141 82.9648
270 160 54.7604
160 270 54.7604
120 308 52.7611
308 120 52.7611
233 158 29.3791
158 233 29.3791
238 117 98.1598
117 238 98.1598
15 35 32.0599
35 15 32.0599
234 189 36.2942
189 234 36.2942
259 321 37.6107
321 259 37.6107
49 288 67.0491
288 49 67.0491
17 280 95.3092
280 17 95.3092
54 184 44.2402
184 54 44.2402
251 207 22.4302
207 251 22.4302
307 213 29.5454
213 307 29.5454
124 53 78.023
53 124 78.023
123 199 30.7916
199 123 30.7916
133 198 25.3659
198 133 25.3659
91 179 25.8952
179 91 25.8952
203 67 13.0495
67 203 13.0495
215 118 21.3787
118 215 21.3787
42 303 61.7495
303 42 61.7495
194 210 22.877
210 194 22.877
111 185 53.1822
185 111 53.1822
49 76 16.4644
76 49 16.4644
315 252 71.9072
252 315 71.9072
111 254 33.0097
254 111 33.0097
217 213 50.9826
213 217 50.9826
5 298 70.3482
298 5 70.3482
218 208 75.0067
208 218 75.0067
107 56 48.0204
56 107 48.0204
317 144 61.7935
144 317 61.7935
46 215 10.9846
215 46 10.9846
211 63 45.3425
63 211 45.3425
145 186 38.0949
186 145 38.0949
16 200 70.4119
200 16 70.4119
102 23 78.3264
23 102 78.3264
89 162 61.2786
162 89 61.2786
16 319 51.0408
319 16 51.0408
253 142 89.654
142 253 89.654
208 316 48.3699
316 208 48.3699
126 54 12.6294
54 126 12.6294
75 86 79.5713
86 75 79.5713
198 170 32.4792
170 198 32.4792
120 49 53.3377
49 120 53.3377
323 128 96.1881
128 323 96.1881
57 296 63.4872
296 57 63.4872
260 11 86.1921
11 260 86.1921
179 303 70.887
303 179 70.887
94 125 73.6728
125 94 73.6728
226 299 18.7768
299 226 18.7768
245 159 33.459
159 245 33.459
209 199 43.5178
199 209 43.5178
119 118 63.5882
118 119 63.5882
210 276 34.5987
276 210 34.5987
175 128 65.1343
128 175 65.1343
74 289 85.1509
289 74 85.1509
163 45 73.3934
45 163 73.3934
71 41 65.1565
41 71 65.1565
32 53 63.2023
53 32 63.2023
234 257 74.8308
257 234 74.8308
235 27 49.982
27 235 49.982
51 189 75.0396
189 51 75.0396
139 197 82.2467
197 139 82.2467
96 185 62.1797
185 96 62.1797
98 90 87.0693
90 98 87.0693
316 128 75.8504
128 316 75.8504
276 275 46.1775
275 276 46.1775
235 172 74.424
172 235 74.424
126 159 40.787
159 126 40.787
256 208 34.996
208 256 34.996
16 11 96.8921
11 16 96.8921
293 17 49.2107
17 293 49.2107
138 254 37.3186
254 138 37.3186
246 141 89.1528
141 246 89.1528
64 308 31.9089
308 64 31.9089
268 3 51.3597
3 268 51.3597
272 87 47.28
87 272 47.28
139 148 79.5578
148 139 79.5578
87 91 98.954
91 87 98.954
168 67 93.7451
67 168 93.7451
132 227 24.5945
227 132 24.5945
284 288 63.2663
288 284 63.2663
202 303 33.8637
303 202 33.8637
142 318 44.7877
318 142 44.7877
157 118 66.7477
118 157 66.7477
118 134 88.6234
134 118 88.6234
169 145 30.4017
145 169 30.4017
128 132 99.4602
132 128 99.4602
8 105 72.1023
105 8 72.1023
159 217 74.2148
217 159 74.2148
267 304 69.1883
304 267 69.1883
2 116 62.8338
116 2 62.8338
84 174 10.6055
174 84 10.6055
175 130 75.52
130 175 75.52
3 103 88.011
103 3 88.011
280 234 50.8956
234 280 50.8956
228 295 62.959
295 228 62.959
310 272 83.7616
272 310 83.7616
39 110 61.6452
110 39 61.6452
261 196 48.9133
196 261 48.9133
92 195 60.7634
195 92 60.7634
78 255 18.1144
255 78 18.1144
210 321 56.2911
321 210 56.2911
288 157 20.0988
157 288 20.0988
301 225 73.7171
225 301 73.7171
160 165 11.9606
165 160 11.9606
110 120 67.4547
120 110 67.4547
113 174 77.1256
174 113 77.1256
148 14 71.5368
14 148 71.5368
100 159 53.4829
159 100 53.4829
205 195 34.4528
195 205 34.4528
11 287 21.2037
287 11 21.2037
155 323 16.6162
323 155 16.6162
129 8 29.1082
8 129 29.1082
104 185 29.9947
185 104 29.9947
6 100 71.38
100 6 71.38
119 187 52.4433
187 119 52.4433
308 299 72.0868
299 308 72.0868
185 284 87.1982
284 185 87.1982
153 96 26.6417
96 153 26.6417
174 147 48.8559
147 174 48.8559
286 249 63.2065
249 286 63.2065
270 21 36.8539
21 270 36.8539
218 58 72.1969
58 218 72.1969
156 157 20.9696
157 156 20.9696
197 284 93.4288
284 197 93.4288
154 214 85.6549
214 154 85.6549
114 192 96.8977
192 114 96.8977
188 129 29.4719
129 188 29.4719
201 288 45.5437
288 201 45.5437
206 172 89.146
172 206 89.146
22 257 32.5189
257 22 32.5189
134 67 79.2374
67 134 79.2374
77 81 50.9088
81 77 50.9088
214 126 25.729
126 214 25.729
173 274 87.9503
274 173 87.9503
74 218 91.4798
218 74 91.4798
188 165 15.7701
165 188 15.7701
276 285 25.7726
285 276 25.7726
46 59 55.0033
59 46 55.0033
151 308 18.2524
308 151 18.2524
290 228 11.4029
228 290 11.4029
200 60 11.409
60 200 11.409
131 120 41.0968
120 131 41.0968
98 298 15.2552
298 98 15.2552
63 248 81.1215
248 63 81.1215
81 209 74.0975
209 81 74.0975
274 95 28.8161
95 274 28.8161
207 287 11.2823
287 207 11.2823
230 117 72.8547
117 230 72.8547
289 218 88.3435
218 289 88.3435
228 225 38.7515
225 228 38.7515
279 317 59.2268
317 279 59.2268
148 182 80.7348
182 148 80.7348
153 231 79.816
231 153 79.816
20 161 39.6663
161 20 39.6663
199 285 17.3662
285 199 17.3662
115 310 21.4618
310 115 21.4618
174 8 37.7337
8 174 37.7337
151 89 96.6204
89 151 96.6204
90 221 41.3589
221 90 41.3589
149 35 35.2473
35 149 35.2473
68 28 57.2613
28 68 57.2613
205 106 44.0116
106 205 44.0116
195 117 74.4797
117 195 74.4797
205 82 85.9905
82 205 85.9905
10 310 88.0124
310 10 88.0124
321 148 89.4079
148 321 89.4079
68 7 83.0957
7 68 83.0957
232 205 57.7721
205 232 57.7721
98 29 61.3236
29 98 61.3236
190 269 83.5521
269 190 83.5521
256 48 34.4933
48 256 34.4933
235 207 58.429
207 235 58.429
181 241 36.7285
241 181 36.7285
189 295 75.8488
295 189 75.8488
40 180 79.2368
180 40 79.2368
159 105 85.3646
105 159 85.3646
103 190 36.0878
190 103 36.0878
23 91 73.3183
91 23 73.3183
262 112 26.4714
112 262 26.4714
119 132 44.713
132 119 44.713
168 87 95.6226
87 168 95.6226
254 164 97.131
164 254 97.131
317 311 82.1444
311 317 82.1444
172 33 95.0565
33 172 95.0565
16 75 58.2985
75 16 58.2985
306 81 75.5018
81 306 75.5018
208 66 18.1267
66 208 18.1267
45 321 96.2513
321 45 96.2513
90 291 36.2864
291 90 36.2864
29 253 36.1586
253 29 36.1586
21 154 78.296
154 21 78.296
191 109 94.6346
109 191 94.6346
54 148 96.8588
148 54 96.8588
291 221 48.6489
221 291 48.6489
88 50 69.2968
50 88 69.2968
9 30 19.8241
30 9 19.8241
274 281 52.6537
281 274 52.6537
229 222 30.1986
222 229 30.1986
11 143 82.2883
143 11 82.2883
254 300 84.5174
300 254 84.5174
38 242 18.5965
242 38 18.5965
114 39 75.5095
39 114 75.5095
78 306 98.9706
306 78 98.9706
223 4 25.7526
4 223 25.7526
188 117 50.8298
117 188 50.8298
189 155 59.0609
155 189 59.0609
21 209 16.0419
209 21 16.0419
198 164 26.8767
164 198 26.8767
66 53 44.0687
53 66 44.0687
314 93 77.5133
93 314 77.5133
214 195 74.0193
195 214 74.0193
53 94 90.627
94 53 90.627
202 300 78.6405
300 202 78.6405
104 212 50.4566
212 104 50.4566
244 306 63.7024
306 244 63.7024
197 34 43.1833
34 197 43.1833
169 291 57.8722
291 169 57.8722
244 308 79.3048
308 244 79.3048
92 118 52.5649
118 92 52.5649
16 30 60.2337
30 16 60.2337
256 36 67.8213
36 256 67.8213
265 226 27.1153
226 265 27.1153
271 219 34.0286
219 271 34.0286
252 297 60.7027
297 252 60.7027
291 64 97.5655
64 291 97.5655
169 113 93.4464
113 169 93.4464
322 104 33.3567
104 322 33.3567
139 116 70.3185
116 139 70.3185
296 262 57.1182
262 296 57.1182
248 127 29.2655
127 248 29.2655
285 255 12.0265
255 285 12.0265
161 67 25.7298
67 161 25.7298
221 284 28.1237
284 221 28.1237
295 201 68.9104
201 295 68.9104
190 209 75.3604
209 190 75.3604
150 238 36.3844
238 150 36.3844
50 296 93.725
296 50 93.725
117 225 45.685
225 117 45.685
208 252 63.8784
252 208 63.8784
14 171 53.2672
171 14 53.2672
294 135 80.9205
135 294 80.9205
26 179 21.4537
179 26 21.4537
120 39 62.3514
39 120 62.3514
216 269 51.5695
269 216 51.5695
233 251 56.8015
251 233 56.8015
23 109 46.2684
109 23 46.2684
149 203 82.614
203 149 82.614
224 39 74.7206
39 224 74.7206
87 282 64.0134
282 87 64.0134
217 164 93.4397
164 217 93.4397
58 208 41.6947
208 58 41.6947
290 28 36.2833
28 290 36.2833
224 90 82.9171
90 224 82.9171
202 132 11.4518
132 202 11.4518
78 318 67.1915
318 78 67.1915
276 154 77.7434
154 276 77.7434
300 177 44.5177
177 300 44.5177
96 199 35.9634
199 96 35.9634
98 236 10.9201
236 98 10.9201
57 93 23.8747
93 57 23.8747
275 43 70.9609
43 275 70.9609
1 186 62.8457
186 1 62.8457
310 160 79.2894
160 310 79.2894
103 127 76.2784
127 103 76.2784
88 135 34.7263
135 88 34.7263
134 180 56.9128
180 134 56.9128
138 247 34.9851
247 138 34.9851
44 48 38.8769
48 44 38.8769
90 273 76.847
273 90 76.847
295 226 68.0141
226 295 68.0141
86 35 29.0256
35 86 29.0256
65 286 16.6856
286 65 16.6856
85 17 36.5163
17 85 36.5163
33 59 78.6778
59 33 78.6778
141 92 65.3857
92 141 65.3857
267 87 91.627
87 267 91.627
118 300 16.0967
300 118 16.0967
136 60 97.9463
60 136 97.9463
196 113 76.0791
113 196 76.0791
213 180 78.5773
180 213 78.5773
2 3 55.4754
3 2 55.4754
295 138 54.7106
138 295 54.7106
81 142 16.3503
142 81 16.3503
221 267 59.2674
267 221 59.2674
70 161 22.5888
161 70 22.5888
232 218 53.7703
218 232 53.7703
125 250 80.7576
250 125 80.7576
143 292 58.3765
292 143 58.3765
136 309 43.351
309 136 43.351
106 323 52.0131
323 106 52.0131
48 291 88.3487
291 48 88.3487
262 93 93.3512
93 262 93.3512
179 102 68.1553
102 179 68.1553
273 14 68.6457
14 273 68.6457
90 222 15.3401
222 90 15.3401
200 304 26.0354
304 200 26.0354
112 171 44.3754
171 112 44.3754
39 273 62.7317
273 39 62.7317
21 265 65.6306
265 21 65.6306
43 4 19.6467
4 43 19.6467
319 153 87.2036
153 319 87.2036
83 76 81.9661
76 83 81.9661
306 20 66.6949
20 306 66.6949
250 72 19.817
72 250 19.817
198 68 22.1904
68 198 22.1904
198 253 61.5955
253 198 61.5955
76 245 21.9505
245 76 21.9505
205 14 58.6936
14 205 58.6936
204 189 67.4228
189 204 67.4228
294 268 56.0971
268 294 56.0971
25 198 86.1776
198 25 86.1776
104 157 28.447
157 104 28.447
177 296 62.4568
296 177 62.4568
203 244 52.1004
244 203 52.1004
236 283 17.6424
283 236 17.6424
72 281 39.3807
281 72 39.3807
300 160 24.4491
160 300 24.4491
85 321 13.4036
321 85 13.4036
171 301 59.9031
301 171 59.9031
111 272 25.8329
272 111 25.8329
137 39 52.2042
39 137 52.2042
43 249 84.8778
249 43 84.8778
37 131 20.0279
131 37 20.0279
42 292 65.8672
292 42 65.8672
114 119 80.5089
119 114 80.5089
306 201 23.0318
201 306 23.0318
139 234 71.729
234 139 71.729
319 183 67.2126
183 319 67.2126
107 115 13.2874
115 107 13.2874
212 146 49.1977
146 212 49.1977
309 234 17.5298
234 309 17.5298
157 226 30.8173
226 157 30.8173
40 51 62.2811
51 40 62.2811
131 191 85.3224
191 131 85.3224
301 66 51.0714
66 301 51.0714
182 288 51.4164
288 182 51.4164
23 48 34.5756
48 23 34.5756
124 140 55.252
140 124 55.252
211 188 75.2435
188 211 75.2435
148 138 18.8098
138 148 18.8098
51 124 87.4206
124 51 87.4206
238 105 71.7912
105 238 71.7912
247 80 36.9879
80 247 36.9879
313 54 43.6178
54 313 43.6178
0 237 46.2604
237 0 46.2604
90 11 81.383
11 90 81.383
70 86 41.4905
86 70 41.4905
144 33 69.0914
33 144 69.0914
320 170 65.3088
170 320 65.3088
266 76 52.9349
76 266 52.9349
140 217 59.3436
217 140 59.3436
3 240 70.2683
240 3 70.2683
89 217 26.9502
217 89 26.9502
151 9 20.1417
9 151 20.1417
316 25 23.459
25 316 23.459
162 271 45.9319
271 162 45.9319
221 123 89.7791
123 221 89.7791
319 210 78.2374
210 319 78.2374
9 98 40.504
98 9 40.504
293 55 25.9786
55 293 25.9786
294 59 75.051
59 294 75.051
121 289 87.6696
289 121 87.6696
213 18 11.5676
18 213 11.5676
282 187 40.7339
187 282 40.7339
68 221 22.6978
221 68 22.6978
112 189 15.1866
189 112 15.1866
5 116 11.1128
116 5 11.1128
102 3 52.5557
3 102 52.5557
159 259 90.7558
259 159 90.7558
178 280 71.2864
280 178 71.2864
271 92 74.2617
92 271 74.2617
81 90 23.6255
90 81 23.6255
304 289 43.0242
289 304 43.0242
37 65 55.0713
65 37 55.0713
251 137 21.9554
137 251 21.9554
6 136 54.3711
136 6 54.3711
237 28 21.2038
28 237 21.2038
298 128 29.2074
128 298 29.2074
55 4 31.8712
4 55 31.8712
49 146 82.1895
146 49 82.1895
286 283 22.3567
283 286 22.3567
264 157 85.2559
157 264 85.2559
220 80 71.9617
80 220 71.9617
192 99 43.3512
99 192 43.3512
175 319 83.4354
319 175 83.4354
213 8 27.8711
8 213 27.8711
168 106 55.9628
106 168 55.9628
174 102 65.4316
102 174 65.4316
99 140 25.2003
140 99 25.2003
138 240 54.0705
240 138 54.0705
191 306 35.5687
306 191 35.5687
222 185 95.0698
185 222 95.0698
192 261 15.4759
261 192 15.4759
305 274 38.5265
274 305 38.5265
270 19 59.8355
19 270 59.8355
147 269 60.0963
269 147 60.0963
137 320 34.781
320 137 34.781
247 255 87.9117
255 247 87.9117
262 261 70.0626
261 262 70.0626
298 103 64.3245
103 298 64.3245
138 108 10.098
108 138 10.098
167 139 89.4471
139 167 89.4471
127 122 35.2314
122 127 35.2314
168 152 33.2559
152 168 33.2559
37 232 24.2837
232 37 24.2837
313 179 82.2689
179 313 82.2689
151 114 34.2516
114 151 34.2516
113 62 69.3833
62 113 69.3833
310 321 57.0535
321 310 57.0535
172 152 83.4985
152 172 83.4985
271 250 42.7656
250 271 42.7656
120 255 32.7178
255 120 32.7178
310 28 97.3465
28 310 97.3465
2 32 30.3548
32 2 30.3548
130 186 43.293
186 130 43.293
24 38 98.1881
38 24 98.1881
3 267 96.0732
267 3 96.0732
260 322 85.6753
322 260 85.6753
47 274 27.5236
274 47 27.5236
205 77 29.1916
77 205 29.1916
26 1 78.0069
1 26 78.0069
230 98 16.4256
98 230 16.4256
299 165 82.012
165 299 82.012
4 241 59.7304
241 4 59.7304
188 107 29.4673
107 188 29.4673
318 205 15.3991
205 318 15.3991
290 262 11.179
262 290 11.179
22 312 45.6198
312 22 45.6198
84 100 41.9016
100 84 41.9016
196 225 67.7651
225 196 67.7651
251 240 54.0163
240 251 54.0163
26 67 74.6217
67 26 74.6217
51 190 69.0047
190 51 69.0047
180 279 31.3376
279 180 31.3376
209 59 23.8813
59 209 23.8813
234 270 96.4177
270 234 96.4177
310 152 90.2702
152 310 90.2702
193 151 95.3839
151 193 95.3839
21 55 88.6546
55 21 88.6546
307 118 35.9676
118 307 35.9676
112 218 31.3937
218 112 31.3937
200 301 66.9628
301 200 66.9628
255 4 18.568
4 255 18.568
9 143 10.7362
143 9 10.7362
59 17 68.2831
17 59 68.2831
320 196 24.688
196 320 24.688
197 27 75.0013
27 197 75.0013
115 116 56.99
116 115 56.99
68 196 94.2496
196 68 94.2496
251 158 41.9782
158 251 41.9782
302 191 44.2435
191 302 44.2435
272 265 59.7591
265 272 59.7591
313 289 49.9161
289 313 49.9161
192 187 86.4289
187 192 86.4289
161 42 94.045
42 161 94.045
191 158 47.054
158 191 47.054
124 0 86.2025
0 124 86.2025
55 208 87.1721
208 55 87.1721
85 96 45.3681
96 85 45.3681
0 308 23.3711
308 0 23.3711
54 166 12.3638
166 54 12.3638
221 253 24.303
253 221 24.303
0 216 49.6442
216 0 49.6442
228 189 93.6265
189 228 93.6265
186 65 16.1491
65 186 16.1491
160 249 84.5997
249 160 84.5997
183 244 86.5938
244 183 86.5938
177 87 96.8397
87 177 96.8397
26 258 94.5436
258 26 94.5436
323 92 40.31
92 323 40.31
8 80 87.58
80 8 87.58
212 116 26.1105
116 212 26.1105
165 254 54.2225
254 165 54.2225
255 234 50.1036
234 255 50.1036
58 275 97.4923
275 58 97.4923
323 71 69.1802
71 323 69.1802
231 303 87.7536
303 231 87.7536
184 316 33.6352
316 184 33.6352
153 291 73.556
291 153 73.556
176 63 85.5555
63 176 85.5555
273 294 14.9343
294 273 14.9343
99 308 67.5484
308 99 67.5484
184 31 90.0421
31 184 90.0421
33 198 87.8699
198 33 87.8699
25 56 66.1358
56 25 66.1358
64 120 20.9895
120 64 20.9895
75 285 60.1178
285 75 60.1178
284 173 77.6925
173 284 77.6925
21 50 32.3975
50 21 32.3975
57 308 73.2486
308 57 73.2486
130 241 52.6524
241 130 52.6524
7 209 68.7361
209 7 68.7361
61 179 54.2986
179 61 54.2986
47 118 15.4362
118 47 15.4362
19 137 40.1733
137 19 40.1733
268 25 27.5768
25 268 27.5768
277 146 67.625
146 277 67.625
21 146 63.7973
146 21 63.7973
226 294 20.0598
294 226 20.0598
97 19 61.0513
19 97 61.0513
200 187 65.3543
187 200 65.3543
310 239 59.3876
239 310 59.3876
103 104 13.787
104 103 13.787
147 17 24.1492
17 147 24.1492
237 193 97.2797
193 237 97.2797
89 202 91.5829
202 89 91.5829
75 249 15.0374
249 75 15.0374
44 121 45.4755
121 44 45.4755
279 203 96.9781
203 279 96.9781
271 259 43.989
259 271 43.989
52 70 23.2889
70 52 23.2889
184 139 83.1865
139 184 83.1865
175 172 39.1661
172 175 39.1661
47 21 95.1404
21 47 95.1404
167 298 81.2357
298 167 81.2357
30 111 58.3734
111 30 58.3734
241 21 21.8797
21 241 21.8797
202 224 44.7234
224 202 44.7234
298 124 46.5372
124 298 46.5372
209 13 83.7582
13 209 83.7582
197 101 43.6623
101 197 43.6623
82 200 32.0788
200 82 32.0788
37 207 31.1965
207 37 31.1965
240 298 65.0059
298 240 65.0059
143 120 58.2404
120 143 58.2404
17 204 32.0842
204 17 32.0842
283 27 25.2719
27 283 25.2719
158 17 72.879
17 158 72.879
34 204 81.1815
204 34 81.1815
135 214 65.7873
214 135 65.7873
259 281 18.9563
281 259 18.9563
34 255 79.0706
255 34 79.0706
198 208 93.5569
208 198 93.5569
226 194 91.7833
194 226 91.7833
197 190 27.2214
190 197 27.2214
8 123 79.7172
123 8 79.7172
314 270 81.9164
270 314 81.9164
199 179 69.0575
179 199 69.0575
287 307 48.6543
307 287 48.6543
105 187 12.5818
187 105 12.5818
301 15 80.0601
15 301 80.0601
95 219 76.2539
219 95 76.2539
104 236 93.6568
236 104 93.6568
101 270 64.7896
270 101 64.7896
14 216 53.0878
216 14 53.0878
288 265 37.9708
265 288 37.9708
252 302 10.662
302 252 10.662
122 283 97.9686
283 122 97.9686
41 164 26.696
164 41 26.696
52 322 58.4312
322 52 58.4312
213 42 49.903
42 213 49.903
192 81 62.3858
81 192 62.3858
247 265 83.933
265 247 83.933
280 317 61.0814
317 280 61.0814
90 163 23.245
163 90 23.245
291 165 16.7962
165 291 16.7962
288 63 64.7596
63 288 64.7596
149 12 97.5223
12 149 97.5223
14 135 10.5922
135 14 10.5922
214 198 85.1219
198 214 85.1219
279 7 85.9597
7 279 85.9597
167 180 96.8481
180 167 96.8481
183 19 43.896
19 183 43.896
52 99 92.9191
99 52 92.9191
16 71 57.214
71 16 57.214
164 128 59.9256
128 164 59.9256
166 318 18.9221
318 166 18.9221
202 28 41.9766
28 202 41.9766
18 111 80.9452
111 18 80.9452
95 68 51.3997
68 95 51.3997
184 175 44.7574
175 184 44.7574
28 3 71.4883
3 28 71.4883
85 94 67.971
94 85 67.971
238 168 38.0786
168 238 38.0786
87 132 65.2909
132 87 65.2909
314 40 50.9437
40 314 50.9437
75 104 13.6034
104 75 13.6034
229 193 16.6175
193 229 16.6175
114 84 57.3477
84 114 57.3477
28 204 31.9297
204 28 31.9297
297 250 16.9109
250 297 16.9109
252 106 65.5356
106 252 65.5356
250 170 59.5097
170 250 59.5097
312 276 98.5738
276 312 98.5738
52 159 49.9933
159 52 49.9933
172 215 33.928
215 172 33.928
92 12 48.2303
12 92 48.2303
303 287 64.3492
287 303 64.3492
246 10 81.0419
10 246 81.0419
18 42 37.1367
42 18 37.1367
279 297 59.6076
297 279 59.6076
220 238 22.79
238 220 22.79
114 157 50.3273
157 114 50.3273
268 256 59.7025
256 268 59.7025
290 154 44.6969
154 290 44.6969
206 240 66.9667
240 206 66.9667
85 323 63.7048
323 85 63.7048
291 71 98.8121
71 291 98.8121
60 143 37.4878
143 60 37.4878
205 150 45.5986
150 205 45.5986
10 204 79.5792
204 10 79.5792
113 320 40.9364
320 113 40.9364
95 294 48.9939
294 95 48.9939
190 187 43.9331
187 190 43.9331
164 187 68.2231
187 164 68.2231
57 132 51.2295
132 57 51.2295
117 11 24.6492
11 117 24.6492
140 134 20.551
134 140 20.551
33 291 99.3008
291 33 99.3008
262 191 95.9126
191 262 95.9126
161 117 50.8553
117 161 50.8553
266 113 30.8193
113 266 30.8193
143 155 64.1832
155 143 64.1832
71 178 86.3926
178 71 86.3926
28 240 25.9528
240 28 25.9528
29 284 79.3325
284 29 79.3325
114 267 89.8348
267 114 89.8348
150 184 34.3167
184 150 34.3167
255 286 52.2107
286 255 52.2107
146 59 11.6478
59 146 11.6478
69 217 20.8738
217 69 20.8738
266 132 12.7917
132 266 12.7917
98 300 50.5219
300 98 50.5219
8 142 29.343
142 8 29.343
173 66 25.0429
66 173 25.0429
207 78 14.5299
78 207 14.5299
181 60 21.8222
60 181 21.8222
135 66 63.4382
66 135 63.4382
70 33 25.7905
33 70 25.7905
13 270 27.8463
270 13 27.8463
319 214 66.9867
214 319 66.9867
198 17 14.7346
17 198 14.7346
176 58 20.698
58 176 20.698
12 85 50.9247
85 12 50.9247
37 257 79.5254
257 37 79.5254
193 242 49.0692
242 193 49.0692
274 244 20.4624
244 274 20.4624
266 242 34.2516
242 266 34.2516
7 239 94.0519
239 7 94.0519
123 147 77.4803
147 123 77.4803
25 251 50.8438
251 25 50.8438
46 218 32.902
218 46 32.902
1 200 36.822
200 1 36.822
260 128 91.0844
128 260 91.0844
29 111 44.0243
111 29 44.0243
284 8 93.7129
8 284 93.7129
109 154 48.1071
154 109 48.1071
59 53 90.6907
53 59 90.6907
212 29 62.3178
29 212 62.3178
43 299 20.8636
299 43 20.8636
220 163 98.643
163 220 98.643
234 71 74.8265
71 234 74.8265
116 235 42.9952
235 116 42.9952
222 295 70.7221
295 222 70.7221
99 137 42.5251
137 99 42.5251
260 32 22.423
32 260 22.423
309 278 77.9527
278 309 77.9527
135 201 46.2701
201 135 46.2701
127 276 40.1212
276 127 40.1212
174 23 54.287
23 174 54.287
89 14 42.1805
14 89 42.1805
79 242 38.2427
242 79 38.2427
48 17 86.8943
17 48 86.8943
111 63 66.9217
63 111 66.9217
138 178 87.1139
178 138 87.1139
250 195 65.7231
195 250 65.7231
130 252 63.7258
252 130 63.7258
4 5 82.0608
5 4 82.0608
2 20 56.1287
20 2 56.1287
121 88 79.8585
88 121 79.8585
149 4 86.165
4 149 86.165
85 207 67.3619
207 85 67.3619
70 3 50.8187
3 70 50.8187
216 222 94.5806
222 216 94.5806
304 33 18.5647
33 304 18.5647
160 214 59.372
214 160 59.372
166 162 58.5989
162 166 58.5989
58 229 92.8078
229 58 92.8078
137 215 38.9085
215 137 38.9085
103 285 82.5921
285 103 82.5921
312 300 32.1302
300 312 32.1302
59 26 11.4604
26 59 11.4604
283 168 32.8172
168 283 32.8172
10 179 52.8918
179 10 52.8918
130 271 67.26
271 130 67.26
126 83 71.1461
83 126 71.1461
245 243 11.0954
243 245 11.0954
242 5 44.0788
5 242 44.0788
74 182 18.1066
182 74 18.1066
28 57 38.1852
57 28 38.1852
305 319 80.9659
319 305 80.9659
248 211 87.1957
211 248 87.1957
266 232 18.5249
232 266 18.5249
122 257 40.2016
257 122 40.2016
82 281 83.2406
281 82 83.2406
237 300 43.9757
300 237 43.9757
315 84 61.9522
84 315 61.9522
26 117 87.8605
117 26 87.8605
280 316 67.8494
316 280 67.8494
240 103 72.6303
103 240 72.6303
195 318 97.492
318 195 97.492
176 178 43.999
178 176 43.999
161 0 82.6229
0 161 82.6229
297 20 23.4787
20 297 23.4787
58 44 22.2813
44 58 22.2813
124 114 82.3393
114 124 82.3393
223 204 57.0289
204 223 57.0289
256 226 46.6887
226 256 46.6887
201 133 30.2083
133 201 30.2083
75 180 10.6518
180 75 10.6518
78 208 24.3374
208 78 24.3374
121 265 44.4566
265 121 44.4566
277 229 94.3492
229 277 94.3492
17 123 34.429
123 17 34.429
155 59 79.5149
59 155 79.5149
181 140 64.8257
140 181 64.8257
292 88 63.1971
88 292 63.1971
53 138 35.9645
138 53 35.9645
112 7 52.0788
7 112 52.0788
78 250 62.2491
250 78 62.2491
30 298 69.5941
298 30 69.5941
108 16 83.6789
16 108 83.6789
119 60 68.8258
60 119 68.8258
306 67 87.5424
67 306 87.5424
70 77 89.922
77 70 89.922
137 117 68.2116
117 137 68.2116
146 285 34.9897
285 146 34.9897
322 99 60.0684
99 322 60.0684
11 284 72.0472
284 11 72.0472
214 159 42.3423
159 214 42.3423
279 24 82.9501
24 279 82.9501
206 235 37.9612
235 206 37.9612
135 302 87.0127
302 135 87.0127
239 276 79.5395
276 239 79.5395
266 268 53.7343
268 266 53.7343
63 9 99.0535
9 63 99.0535
200 220 16.003
220 200 16.003
274 150 74.186
150 274 74.186
44 168 60.8393
168 44 60.8393
99 172 90.8897
172 99 90.8897
255 26 14.3639
26 255 14.3639
24 180 14.038
180 24 14.038
1 218 77.0036
218 1 77.0036
195 43 17.7084
43 195 17.7084
199 60 20.2987
60 199 20.2987
307 221 47.8256
221 307 47.8256
84 31 75.4443
31 84 75.4443
64 201 18.341
201 64 18.341
147 192 20.5268
192 147 20.5268
153 77 59.4671
77 153 59.4671
156 258 10.1623
258 156 10.1623
158 31 26.1485
31 158 26.1485
208 95 60.8535
95 208 60.8535
4 10 10.5746
10 4 10.5746
86 31 95.3566
31 86 95.3566
142 96 80.1172
96 142 80.1172
178 210 98.2531
210 178 98.2531
316 151 30.4373
151 316 30.4373
205 291 59.6308
291 205 59.6308
190 281 51.1539
281 190 51.1539
261 80 33.29
80 261 33.29
73 5 89.7454
5 73 89.7454
98 322 99.1907
322 98 99.1907
291 98 21.5912
98 291 21.5912
159 62 73.309
62 159 73.309
305 94 10.8859
94 305 10.8859
194 159 21.5397
159 194 21.5397
157 73 60.7845
73 157 60.7845
34 74 51.8258
74 34 51.8258
157 284 54.2399
284 157 54.2399
109 76 13.302
76 109 13.302
50 163 37.3955
163 50 37.3955
265 262 36.8526
262 265 36.8526
13 54 77.4442
54 13 77.4442
102 93 81.892
93 102 81.892
123 267 12.7746
267 123 12.7746
53 172 92.2319
172 53 92.2319
18 245 73.3374
245 18 73.3374
257 166 68.0434
166 257 68.0434
88 227 53.1893
227 88 53.1893
129 264 78.4137
264 129 78.4137
31 190 97.4366
190 31 97.4366
135 282 74.1406
282 135 74.1406
143 209 26.1777
209 143 26.1777
244 261 86.5205
261 244 86.5205
184 58 83.4233
58 184 83.4233
322 27 71.6441
27 322 71.6441
192 163 37.9735
163 192 37.9735
29 105 20.3293
105 29 20.3293
308 291 37.588
291 308 37.588
101 161 82.4447
161 101 82.4447
179 13 71.8791
13 179 71.8791
25 165 64.0095
165 25 64.0095
249 0 22.8726
0 249 22.8726
64 49 97.2104
49 64 97.2104
151 250 81.646
250 151 81.646
138 25 98.6902
25 138 98.6902
30 180 43.9147
180 30 43.9147
292 268 89.2256
268 292 89.2256
72 28 12.5511
28 72 12.5511
26 35 80.8423
35 26 80.8423
245 95 27.7594
95 245 27.7594
39 97 45.089
97 39 45.089
60 172 86.9079
172 60 86.9079
199 264 30.9596
264 199 30.9596
115 15 54.2056
15 115 54.2056
90 116 70.4201
116 90 70.4201
234 10 49.3775
10 234 49.3775
71 322 55.1548
322 71 55.1548
164 97 47.3479
97 164 47.3479
125 16 36.0809
16 125 36.0809
232 147 42.8705
147 232 42.8705
306 164 97.4769
164 306 97.4769
12 235 32.4853
235 12 32.4853
104 85 41.3963
85 104 41.3963
4 63 64.3784
63 4 64.3784
229 40 83.8592
40 229 83.8592
198 148 85.0855
148 198 85.0855
46 225 42.8239
225 46 42.8239
82 59 56.6775
59 82 56.6775
0 30 76.8732
30 0 76.8732
90 262 86.3378
262 90 86.3378
126 20 45.21
20 126 45.21
249 154 78.9891
154 249 78.9891
65 30 32.9635
30 65 32.9635
223 92 89.2275
92 223 89.2275
9 237 76.5798
237 9 76.5798
320 188 53.3493
188 320 53.3493
247 45 57.3643
45 247 57.3643
99 299 55.1311
299 99 55.1311
238 154 32.7978
154 238 32.7978
209 8 61.124
8 209 61.124
319 57 62.7511
57 319 62.7511
3 108 58.1136
108 3 58.1136
40 193 44.6918
193 40 44.6918
261 249 20.9062
249 261 20.9062
34 167 85.3224
167 34 85.3224
135 147 59.7522
147 135 59.7522
302 276 13.979
276 302 13.979
32 40 52.8248
40 32 52.8248
276 233 26.3581
233 276 26.3581
97 24 22.0101
24 97 22.0101
126 19 34.9443
19 126 34.9443
128 35 93.4376
35 128 93.4376
299 210 56.0782
210 299 56.0782
268 246 98.4933
246 268 98.4933
285 231 79.5401
231 285 79.5401
117 1 79.4895
1 117 79.4895
160 283 97.8368
283 160 97.8368
54 151 69.4834
151 54 69.4834
105 126 94.345
126 105 94.345
283 4 89.5306
4 283 89.5306
100 144 32.4992
144 100 32.4992
60 316 54.1446
316 60 54.1446
237 225 39.3193
225 237 39.3193
58 211 43.0837
211 58 43.0837
120 322 85.4347
322 120 85.4347
56 97 98.9707
97 56 98.9707
48 149 84.6821
149 48 84.6821
315 258 17.8355
258 315 17.8355
306 180 81.5201
180 306 81.5201
289 147 42.2892
147 289 42.2892
213 284 56.161
284 213 56.161
83 47 54.0948
47 83 54.0948
293 199 51.8032
199 293 51.8032
187 91 22.7985
91 187 22.7985
210 42 17.1614
42 210 17.1614
281 87 87.1235
87 281 87.1235
265 183 16.9268
183 265 16.9268
5 228 67.6799
228 5 67.6799
67 322 56.5375
322 67 56.5375
145 238 58.814
238 145 58.814
173 105 90.6699
105 173 90.6699
298 71 76.8601
71 298 76.8601
45 143 18.6066
143 45 18.6066
291 120 93.2055
120 291 93.2055
270 173 18.2842
173 270 18.2842
169 89 68.5562
89 169 68.5562
111 253 44.8838
253 111 44.8838
228 292 99.7925
292 228 99.7925
198 146 40.8703
146 198 40.8703
202 129 59.0601
129 202 59.0601
156 8 73.5193
8 156 73.5193
17 108 27.5679
108 17 27.5679
237 215 85.7726
215 237 85.7726
108 86 11.1878
86 108 11.1878
248 131 36.953
131 248 36.953
245 187 74.1443
187 245 74.1443
115 265 52.8244
265 115 52.8244
214 44 60.0524
44 214 60.0524
0 37 42.3682
37 0 42.3682
56 26 13.7853
26 56 13.7853
83 49 96.6292
49 83 96.6292
146 175 92.7627
175 146 92.7627
51 176 96.0526
176 51 96.0526
9 54 63.5839
54 9 63.5839
173 129 50.1442
129 173 50.1442
133 94 65.8662
94 133 65.8662
128 229 32.6129
229 128 32.6129
132 25 34.547
25 132 34.547
237 158 64.2633
158 237 64.2633
14 301 33.0098
301 14 33.0098
138 146 83.7322
146 138 83.7322
150 166 43.3478
166 150 43.3478
150 67 99.2011
67 150 99.2011
300 77 39.3506
77 300 39.3506
1 12 32.3624
12 1 32.3624
182 138 69.0175
138 182 69.0175
73 40 53.3325
40 73 53.3325
185 242 47.51
242 185 47.51
206 139 70.558
139 206 70.558
267 273 24.5109
273 267 24.5109
112 250 59.9957
250 112 59.9957
221 70 93.849
70 221 93.849
261 256 89.6969
256 261 89.6969
6 250 37.1266
250 6 37.1266
194 123 71.9153
123 194 71.9153
153 235 25.4644
235 153 25.4644
262 54 90.2281
54 262 90.2281
186 24 70.4717
24 186 70.4717
215 171 79.6149
171 215 79.6149
173 68 79.3815
68 173 79.3815
323 118 14.033
118 323 14.033
105 136 54.2425
136 105 54.2425
23 64 92.5685
64 23 92.5685
148 42 36.296
42 148 36.296
234 170 38.1158
170 234 38.1158
243 124 97.3297
124 243 97.3297
151 236 48.3237
236 151 48.3237
28 272 39.2131
272 28 39.2131
129 314 25.84
314 129 25.84
279 259 59.6599
259 279 59.6599
50 33 17.7269
33 50 17.7269
203 14 55.7574
14 203 55.7574
6 177 96.5246
177 6 96.5246
33 100 76.7399
100 33 76.7399
69 55 17.2715
55 69 17.2715
232 265 51.9495
265 232 51.9495
291 207 35.9945
207 291 35.9945
25 91 86.7952
91 25 86.7952
240 232 63.2981
232 240 63.2981
56 218 80.5833
218 56 80.5833
52 132 15.285
132 52 15.285
214 193 99.0197
193 214 99.0197
59 19 62.121
19 59 62.121
2 87 68.7771
87 2 68.7771
180 249 45.4556
249 180 45.4556
204 146 98.7449
146 204 98.7449
40 126 63.1306
126 40 63.1306
90 204 54.9441
204 90 54.9441
54 133 61.0576
133 54 61.0576
52 34 25.9997
34 52 25.9997
164 312 80.7005
312 164 80.7005
7 288 60.1945
288 7 60.1945
205 264 16.2933
264 205 16.2933
45 92 80.4451
92 45 80.4451
114 87 38.972
87 114 38.972
130 169 51.5787
169 130 51.5787
235 156 91.0382
156 235 91.0382
240 224 46.6169
224 240 46.6169
308 181 27.0619
181 308 27.0619
175 317 93.5706
317 175 93.5706
155 40 29.9961
40 155 29.9961
290 11 90.8054
11 290 90.8054
288 232 79.3034
232 288 79.3034
211 122 56.0963
122 211 56.0963
55 175 83.5454
175 55 83.5454
118 34 70.2361
34 118 70.2361
240 308 64.6925
308 240 64.6925
180 241 77.5908
241 180 77.5908
89 191 20.9576
191 89 20.9576
66 63 89.7869
63 66 89.7869
173 172 83.2053
172 173 83.2053
293 28 79.3292
28 293 79.3292
283 267 30.8687
267 283 30.8687
116 273 15.4181
273 116 15.4181
173 180 69.2303
180 173 69.2303
215 155 13.8628
155 215 13.8628
284 208 18.6459
208 284 18.6459
103 221 38.9385
221 103 38.9385
105 134 87.8998
134 105 87.8998
306 227 30.8596
227 306 30.8596
50 322 36.5772
322 50 36.5772
25 20 81.2145
20 25 81.2145
44 128 65.8758
128 44 65.8758
235 237 44.0011
237 235 44.0011
123 250 36.1376
250 123 36.1376
309 167 12.1254
167 309 12.1254
147 186 64.3739
186 147 64.3739
85 188 13.1484
188 85 13.1484
220 316 50.1794
316 220 50.1794
170 258 60.7151
258 170 60.7151
131 200 73.366
200 131 73.366
248 174 31.2075
174 248 31.2075
252 87 62.0969
87 252 62.0969
297 33 89.451
33 297 89.451
50 190 47.3401
190 50 47.3401
34 243 68.8203
243 34 68.8203
144 105 75.4248
105 144 75.4248
318 82 94.3379
82 318 94.3379
53 178 73.5731
178 53 73.5731
233 244 41.4824
244 233 41.4824
57 21 80.4436
21 57 80.4436
101 259 24.4903
259 101 24.4903
232 280 63.0592
280 232 63.0592
21 229 60.9405
229 21 60.9405
266 233 48.656
233 266 48.656
5 191 41.5999
191 5 41.5999
67 240 92.0507
240 67 92.0507
57 247 15.3389
247 57 15.3389
276 304 53.5192
304 276 53.5192
245 89 61.3446
89 245 61.3446
242 101 91.1824
101 242 91.1824
132 190 52.5315
190 132 52.5315
128 187 95.4111
187 128 95.4111
257 319 83.631
319 257 83.631
225 250 11.1867
250 225 11.1867
272 159 33.702
159 272 33.702
228 113 67.7154
113 228 67.7154
68 139 89.44
139 68 89.44
112 133 85.6554
133 112 85.6554
222 192 93.7675
192 222 93.7675
249 282 74.7508
282 249 74.7508
136 93 71.7202
93 136 71.7202
264 301 67.3537
301 264 67.3537
134 95 99.3517
95 134 99.3517
145 17 83.1093
17 145 83.1093
252 18 53.1061
18 252 53.1061
270 172 45.5635
172 270 45.5635
182 95 89.4565
95 182 89.4565
304 172 62.9568
172 304 62.9568
42 36 31.5762
36 42 31.5762
109 290 18.2318
290 109 18.2318
198 273 72.5861
273 198 72.5861
284 322 62.8664
322 284 62.8664
162 23 76.344
23 162 76.344
233 137 79.3422
137 233 79.3422
63 261 16.3261
261 63 16.3261
176 265 17.8572
265 176 17.8572
293 146 14.5321
146 293 14.5321
169 104 34.4093
104 169 34.4093
147 138 55.9249
138 147 55.9249
303 23 85.7793
23 303 85.7793
240 313 38.5453
313 240 38.5453
192 260 81.5613
260 192 81.5613
250 60 30.8104
60 250 30.8104
281 176 39.1451
176 281 39.1451
169 72 78.8474
72 169 78.8474
104 44 60.4092
44 104 60.4092
46 193 40.2065
193 46 40.2065
192 153 72.8448
153 192 72.8448
230 110 84.7019
110 230 84.7019
110 237 21.1494
237 110 21.1494
115 306 53.9003
306 115 53.9003
100 319 52.2667
319 100 52.2667
31 233 78.8313
233 31 78.8313
151 265 38.5802
265 151 38.5802
281 150 17.5605
150 281 17.5605
209 88 10.1111
88 209 10.1111
195 94 32.5702
94 195 32.5702
282 311 44.5339
311 282 44.5339
82 219 41.4554
219 82 41.4554
65 278 87.5797
278 65 87.5797
74 256 47.6803
256 74 47.6803
79 145 37.8428
145 79 37.8428
205 96 45.7432
96 205 45.7432
136 321 40.8206
321 136 40.8206
289 83 92.739
83 289 92.739
129 49 21.3259
49 129 21.3259
43 174 62.9565
174 43 62.9565
197 293 82.2264
293 197 82.2264
232 31 20.5898
31 232 20.5898
74 41 45.2085
41 74 45.2085
319 227 38.4304
227 319 38.4304
297 56 51.6321
56 297 51.6321
227 297 93.7759
297 227 93.7759
16 227 87.8705
227 16 87.8705
106 68 18.0051
68 106 18.0051
194 298 49.3241
298 194 49.3241
40 12 57.695
12 40 57.695
63 230 29.441
230 63 29.441
305 66 89.9273
66 305 89.9273
278 221 71.8449
221 278 71.8449
315 93 80.6231
93 315 80.6231
205 6 19.9807
6 205 19.9807
225 307 12.2771
307 225 12.2771
113 85 97.1342
85 113 97.1342
135 197 34.7719
197 135 34.7719
167 132 90.2539
132 167 90.2539
127 256 78.2526
256 127 78.2526
272 86 12.1306
86 272 12.1306
316 33 16.2815
33 316 16.2815
21 175 81.8439
175 21 81.8439
140 270 44.4411
270 140 44.4411
129 166 87.4969
166 129 87.4969
297 270 89.2056
270 297 89.2056
6 207 60.0521
207 6 60.0521
242 135 31.6902
135 242 31.6902
289 118 77.8794
118 289 77.8794
67 63 35.4921
63 67 35.4921
158 244 33.2022
244 158 33.2022
14 209 94.1248
209 14 94.1248
177 323 71.0853
323 177 71.0853
3 83 86.1288
83 3 86.1288
43 297 31.8998
297 43 31.8998
230 90 89.5153
90 230 89.5153
21 311 40.2193
311 21 40.2193
227 212 71.518
212 227 71.518
94 87 60.1909
87 94 60.1909
43 96 90.4741
96 43 90.4741
153 139 51.8281
139 153 51.8281
239 13 97.0381
13 239 97.0381
41 24 38.6897
24 41 38.6897
243 131 41.5884
131 243 41.5884
228 49 13.9508
49 228 13.9508
1 168 77.5618
168 1 77.5618
88 128 71.0795
128 88 71.0795
76 277 46.7303
277 76 46.7303
304 321 68.933
321 304 68.933
112 173 63.4387
173 112 63.4387
209 45 17.99
45 209 17.99
168 58 94.4695
58 168 94.4695
298 13 27.3418
13 298 27.3418
59 310 58.4452
310 59 58.4452
91 98 39.3041
98 91 39.3041
307 271 30.9726
271 307 30.9726
126 57 48.3506
57 126 48.3506
40 297 57.0545
297 40 57.0545
308 280 81.9223
280 308 81.9223
139 221 34.9515
221 139 34.9515
84 232 59.2368
232 84 59.2368
6 96 68.8752
96 6 68.8752
89 311 16.3803
311 89 16.3803
143 230 85.8769
230 143 85.8769
8 103 26.6133
103 8 26.6133
90 140 53.7404
140 90 53.7404
38 202 22.6554
202 38 22.6554
19 174 68.2238
174 19 68.2238
190 64 69.0031
64 190 69.0031
35 135 18.8434
135 35 18.8434
7 4 72.81
4 7 72.81
167 266 62.8331
266 167 62.8331
124 260 97.5895
260 124 97.5895
179 97 85.5214
97 179 85.5214
305 173 99.3046
173 305 99.3046
178 309 93.4377
309 178 93.4377
73 47 77.0247
47 73 77.0247
276 289 47.7422
289 276 47.7422
41 204 27.1416
204 41 27.1416
244 82 34.0323
82 244 34.0323
111 39 22.4165
39 111 22.4165
173 161 29.8033
161 173 29.8033
82 13 27.6117
13 82 27.6117
52 130 18.4
130 52 18.4
110 106 75.6312
106 110 75.6312
34 242 86.8125
242 34 86.8125
1 305 67.9248
305 1 67.9248
88 2 96.2828
2 88 96.2828
218 245 85.7007
245 218 85.7007
47 16 24.6544
16 47 24.6544
55 56 98.4644
56 55 98.4644
134 250 62.6998
250 134 62.6998
293 200 39.495
200 293 39.495
1 195 47.2034
195 1 47.2034
234 279 98.3725
279 234 98.3725
179 238 76.9324
238 179 76.9324
7 39 13.471
39 7 13.471
46 64 28.773
64 46 28.773
214 286 91.8358
286 214 91.8358
246 293 94.7113
293 246 94.7113
165 217 59.0605
217 165 59.0605
197 159 90.3625
159 197 90.3625
245 31 96.8737
31 245 96.8737
43 18 20.3617
18 43 20.3617
248 284 27.9149
284 248 27.9149
44 276 93.035
276 44 93.035
93 111 69.6585
111 93 69.6585
211 251 85.6017
251 211 85.6017
199 138 10.1707
138 199 10.1707
241 316 20.4024
316 241 20.4024
259 34 96.5414
34 259 96.5414
146 297 90.9937
297 146 90.9937
150 199 57.1496
199 150 57.1496
82 17 31.4685
17 82 31.4685
45 117 63.7584
117 45 63.7584
11 289 77.1208
289 11 77.1208
83 278 81.8321
278 83 81.8321
243 277 91.0924
277 243 91.0924
233 138 69.1379
138 233 69.1379
284 205 40.7072
205 284 40.7072
4 17 18.5401
17 4 18.5401
63 195 55.8035
195 63 55.8035
170 82 79.8014
82 170 79.8014
123 234 36.0918
234 123 36.0918
283 72 60.3361
72 283 60.3361
93 99 66.8488
99 93 66.8488
241 26 48.0361
26 241 48.0361
110 202 89.4371
202 110 89.4371
252 196 17.4418
196 252 17.4418
8 245 50.5847
245 8 50.5847
163 190 96.2129
190 163 96.2129
253 246 40.8149
246 253 40.8149
254 232 20.1832
232 254 20.1832
14 111 98.6726
111 14 98.6726
39 286 38.8005
286 39 38.8005
297 239 30.781
239 297 30.781
83 152 74.6623
152 83 74.6623
129 169 66.8068
169 129 66.8068
209 220 22.2658
220 209 22.2658
185 79 11.1393
79 185 11.1393
48 185 60.2572
185 48 60.2572
49 296 76.6395
296 49 76.6395
127 128 67.204
128 127 67.204
6 104 44.2819
104 6 44.2819
88 83 61.4016
83 88 61.4016
148 76 43.4702
76 148 43.4702
297 49 52.1573
49 297 52.1573
254 97 96.4264
97 254 96.4264
44 217 30.9669
217 44 30.9669
214 290 16.7195
290 214 16.7195
137 317 85.0059
317 137 85.0059
50 320 42.8498
320 50 42.8498
151 58 17.3108
58 151 17.3108
197 104 27.3744
104 197 27.3744
318 7 68.7662
7 318 68.7662
164 33 85.4018
33 164 85.4018
149 219 38.3014
219 149 38.3014
51 48 71.6532
48 51 71.6532
75 20 51.0029
20 75 51.0029
201 150 57.8577
150 201 57.8577
227 163 48.3473
163 227 48.3473
294 157 67.5669
157 294 67.5669
203 249 19.9443
249 203 19.9443
93 68 98.6854
68 93 98.6854
263 136 89.9873
136 263 89.9873
308 213 86.8238
213 308 86.8238
242 239 11.0388
239 242 11.0388
247 183 87.155
183 247 87.155
24 263 63.0097
263 24 63.0097
89 309 25.9644
309 89 25.9644
24 78 26.0744
78 24 26.0744
175 132 84.5853
132 175 84.5853
54 141 34.872
141 54 34.872
121 72 47.3932
72 121 47.3932
142 33 84.8589
33 142 84.8589
94 302 65.1724
302 94 65.1724
199 289 87.6925
289 199 87.6925
136 1 27.5878
1 136 27.5878
90 45 11.661
45 90 11.661
75 177 39.4909
177 75 39.4909
187 154 76.6419
154 187 76.6419
228 304 24.2954
304 228 24.2954
47 321 91.9527
321 47 91.9527
211 45 89.1786
45 211 89.1786
0 199 35.7919
199 0 35.7919
161 131 10.1495
131 161 10.1495
169 203 76.2911
203 169 76.2911
120 268 13.1928
268 120 13.1928
244 42 19.643
42 244 19.643
197 147 34.0572
147 197 34.0572
89 212 60.1197
212 89 60.1197
206 67 23.4284
67 206 23.4284
213 220 62.0174
220 213 62.0174
159 308 38.6997
308 159 38.6997
287 116 97.328
116 287 97.328
109 122 43.784
122 109 43.784
146 261 77.0526
261 146 77.0526
113 274 65.8667
274 113 65.8667
303 58 89.275
58 303 89.275
273 40 15.9643
40 273 15.9643
169 268 76.575
268 169 76.575
304 294 28.8043
294 304 28.8043
170 227 19.1626
227 170 19.1626
228 283 91.9141
283 228 91.9141
48 8 20.7945
8 48 20.7945
129 181 29.4086
181 129 29.4086
73 172 16.3632
172 73 16.3632
30 88 21.2621
88 30 21.2621
20 212 84.8502
212 20 84.8502
164 319 84.7644
319 164 84.7644
244 49 99.49
49 244 99.49
258 211 32.6924
211 258 32.6924
27 249 33.9058
249 27 33.9058
80 114 12.4289
114 80 12.4289
98 258 54.113
258 98 54.113
103 77 75.9824
77 103 75.9824
140 213 19.6665
213 140 19.6665
40 59 19.5907
59 40 19.5907
122 70 60.6324
70 122 60.6324
9 254 54.4464
254 9 54.4464
41 247 66.2751
247 41 66.2751
91 241 76.7022
241 91 76.7022
307 222 15.3843
222 307 15.3843
65 90 86.7248
90 65 86.7248
29 233 49.587
233 29 49.587
100 198 35.2299
198 100 35.2299
83 320 79.8128
320 83 79.8128
258 184 20.44
184 258 20.44
314 89 71.1273
89 314 71.1273
197 313 30.6099
313 197 30.6099
77 231 84.8852
231 77 84.8852
250 150 89.3411
150 250 89.3411
117 258 46.7475
258 117 46.7475
227 7 93.9991
7 227 93.9991
182 249 89.8676
249 182 89.8676
289 205 46.6875
205 289 46.6875
84 220 17.7178
220 84 17.7178
151 55 22.9589
55 151 22.9589
218 67 63.1364
67 218 63.1364
130 104 78.8474
104 130 78.8474
124 230 72.3219
230 124 72.3219
61 126 85.836
126 61 85.836
317 215 86.3062
215 317 86.3062
93 304 18.7549
304 93 18.7549
310 101 28.0897
101 310 28.0897
147 217 87.1102
217 147 87.1102
12 275 41.6199
275 12 41.6199
25 281 77.3216
281 25 77.3216
2 289 72.7292
289 2 72.7292
0 322 49.9633
322 0 49.9633
153 114 32.0327
114 153 32.0327
296 6 16.2949
6 296 16.2949
71 294 90.844
294 71 90.844
115 129 46.5005
129 115 46.5005
307 38 80.3051
38 307 80.3051
222 191 34.3808
191 222 34.3808
235 87 44.7375
87 235 44.7375
94 60 34.3474
60 94 34.3474
200 192 84.9932
192 200 84.9932
75 299 85.177
299 75 85.177
44 249 85.1542
249 44 85.1542
213 252 84.0242
252 213 84.0242
206 218 81.7019
218 206 81.7019
110 188 83.7967
188 110 83.7967
71 272 88.5917
272 71 88.5917
158 45 30.6926
45 158 30.6926
168 219 96.9745
219 168 96.9745
62 211 33.93
211 62 33.93
284 133 57.194
133 284 57.194
30 136 20.2448
136 30 20.2448
319 77 92.3891
77 319 92.3891
142 170 27.0935
170 142 27.0935
95 168 69.2172
168 95 69.2172
176 197 26.7514
197 176 26.7514
186 119 34.5767
119 186 34.5767
235 287 74.7862
287 235 74.7862
111 131 60.2863
131 111 60.2863
11 28 11.5121
28 11 11.5121
127 171 96.7869
171 127 96.7869
103 284 51.1239
284 103 51.1239
211 165 83.9041
165 211 83.9041
323 42 52.3963
42 323 52.3963
56 271 58.2973
271 56 58.2973
226 107 80.4808
107 226 80.4808
37 36 79.5184
36 37 79.5184
181 99 99.5575
99 181 99.5575
28 26 57.9445
26 28 57.9445
36 61 83.6222
61 36 83.6222
25 110 29.3924
110 25 29.3924
290 305 46.9445
305 290 46.9445
132 268 37.7268
268 132 37.7268
221 55 85.4913
55 221 85.4913
134 61 50.5348
61 134 50.5348
70 115 11.5687
115 70 11.5687
258 284 75.5374
284 258 75.5374
65 158 16.1986
158 65 16.1986
46 268 95.2531
268 46 95.2531
295 95 21.7846
95 295 21.7846
56 233 75.3959
233 56 75.3959
42 1 59.2176
1 42 59.2176
97 174 18.7947
174 97 18.7947
260 201 47.6187
201 260 47.6187
286 113 70.3621
113 286 70.3621
190 32 23.8421
32 190 23.8421
151 96 52.5087
96 151 52.5087
280 323 44.0198
323 280 44.0198
305 278 69.2001
278 305 69.2001
306 6 27.8193
6 306 27.8193
231 32 31.8782
32 231 31.8782
86 314 10.0461
314 86 10.0461
142 20 40.1776
20 142 40.1776
218 172 92.5841
172 218 92.5841
208 274 87.6268
274 208 87.6268
90 19 84.0672
19 90 84.0672
55 24 45.7635
24 55 45.7635
301 114 37.9342
114 301 37.9342
203 167 47.6954
167 203 47.6954
267 113 11.2843
113 267 11.2843
47 250 99.9074
250 47 99.9074
2 247 13.2665
247 2 13.2665
5 148 20.6295
148 5 20.6295
131 196 57.5431
196 131 57.5431
46 29 64.002
29 46 64.002
243 297 73.3379
297 243 73.3379
100 42 13.6803
42 100 13.6803
81 72 40.2206
72 81 40.2206
130 272 80.9151
272 130 80.9151
81 20 23.4863
20 81 23.4863
122 248 22.7704
248 122 22.7704
54 289 81.8389
289 54 81.8389
5 214 89.889
214 5 89.889
17 151 94.5081
151 17 94.5081
169 4 13.9662
4 169 13.9662
231 147 39.6793
147 231 39.6793
136 77 24.513
77 136 24.513
261 64 25.053
64 261 25.053
98 15 26.0905
15 98 26.0905
287 212 37.0064
212 287 37.0064
136 80 55.0454
80 136 55.0454
108 277 64.7421
277 108 64.7421
114 99 27.6812
99 114 27.6812
81 22 87.9711
22 81 87.9711
25 246 78.0624
246 25 78.0624
218 148 74.8106
148 218 74.8106
116 185 50.8133
185 116 50.8133
245 156 97.0752
156 245 97.0752
193 117 32.0389
117 193 32.0389
32 154 88.4722
154 32 88.4722
265 2 51.5497
2 265 51.5497
292 109 65.4742
109 292 65.4742
32 307 84.1731
307 32 84.1731
216 279 99.0559
279 216 99.0559
226 305 72.4462
305 226 72.4462
185 255 23.3264
255 185 23.3264
102 107 48.0081
107 102 48.0081
300 252 51.3435
252 300 51.3435
208 129 98.6131
129 208 98.6131
267 243 43.2659
243 267 43.2659
4 302 94.8832
302 4 94.8832
220 69 61.7235
69 220 61.7235
310 323 15.2882
323 310 15.2882
39 24 26.6505
24 39 26.6505
193 150 89.0008
150 193 89.0008
291 18 93.5625
18 291 93.5625
88 90 70.5719
90 88 70.5719
106 36 97.6372
36 106 97.6372
114 11 31.5764
11 114 31.5764
107 201 66.9746
201 107 66.9746
311 137 85.4461
137 311 85.4461
90 110 91.62
110 90 91.62
128 265 16.376
265 128 16.376
298 44 44.9748
44 298 44.9748
14 206 52.6186
206 14 52.6186
214 279 85.0099
279 214 85.0099
26 180 80.3611
180 26 80.3611
259 107 90.8703
107 259 90.8703
77 193 45.0069
193 77 45.0069
113 110 20.9021
110 113 20.9021
185 206 86.2509
206 185 86.2509
34 50 31.9455
50 34 31.9455
84 241 84.7433
241 84 84.7433
223 194 56.6916
194 223 56.6916
60 290 18.8859
290 60 18.8859
255 107 29.9939
107 255 29.9939
7 49 54.4559
49 7 54.4559
85 126 40.9681
126 85 40.9681
144 271 55.4813
271 144 55.4813
38 237 81.6443
237 38 81.6443
58 244 10.4819
244 58 10.4819
315 176 44.6261
176 315 44.6261
134 87 52.6759
87 134 52.6759
25 15 19.6225
15 25 19.6225
41 118 34.9271
118 41 34.9271
228 115 82.1942
115 228 82.1942
258 321 89.758
321 258 89.758
261 117 38.8851
117 261 38.8851
44 110 51.0644
110 44 51.0644
275 181 44.6859
181 275 44.6859
51 173 42.1832
173 51 42.1832
185 128 76.8906
128 185 76.8906
16 260 81.0471
260 16 81.0471
253 275 97.0367
275 253 97.0367
185 92 82.7643
92 185 82.7643
217 177 12.8126
177 217 12.8126
209 270 30.6169
270 209 30.6169
170 237 66.7891
237 170 66.7891
153 137 32.2875
137 153 32.2875
156 52 79.6428
52 156 79.6428
268 2 56.4925
2 268 56.4925
11 111 63.691
111 11 63.691
98 254 70.3156
254 98 70.3156
184 20 91.2594
20 184 91.2594
259 183 62.7503
183 259 62.7503
183 262 45.2665
262 183 45.2665
242 13 52.7131
13 242 52.7131
199 241 59.5387
241 199 59.5387
23 157 62.5904
157 23 62.5904
93 60 38.5146
60 93 38.5146
10 273 52.2753
273 10 52.2753
75 174 26.225
174 75 26.225
3 232 49.5096
232 3 49.5096
129 250 49.622
250 129 49.622
128 232 27.7226
232 128 27.7226
295 38 12.8512
38 295 12.8512
108 90 22.3015
90 108 22.3015
301 131 51.3288
131 301 51.3288
222 247 46.6312
247 222 46.6312
238 123 89.9007
123 238 89.9007
53 71 68.1849
71 53 68.1849
110 251 81.0969
251 110 81.0969
149 148 15.6228
148 149 15.6228
21 183 81.2938
183 21 81.2938
318 276 38.9754
276 318 38.9754
307 237 97.984
237 307 97.984
50 245 78.7939
245 50 78.7939
66 296 24.5205
296 66 24.5205
207 294 57.4578
294 207 57.4578
218 53 70.9716
53 218 70.9716
147 28 60.7761
28 147 60.7761
298 50 81.1618
50 298 81.1618
199 300 49.5784
300 199 49.5784
72 275 62.5952
275 72 62.5952
36 63 61.6635
63 36 61.6635
240 137 87.1034
137 240 87.1034
313 160 73.3624
160 313 73.3624
99 40 56.6607
40 99 56.6607
129 40 42.2842
40 129 42.2842
73 131 19.7529
131 73 19.7529
251 276 16.0663
276 251 16.0663
216 243 79.6815
243 216 79.6815
35 201 40.5425
201 35 40.5425
187 159 46.8446
159 187 46.8446
14 126 64.3879
126 14 64.3879
12 215 81.4769
215 12 81.4769
26 243 77.896
243 26 77.896
36 187 24.9379
187 36 24.9379
262 167 84.2326
167 262 84.2326
81 27 20.3821
27 81 20.3821
306 320 68.2779
320 306 68.2779
59 78 77.6897
78 59 77.6897
9 264 54.505
264 9 54.505
114 90 59.41
90 114 59.41
141 128 49.3086
128 141 49.3086
36 185 76.1206
185 36 76.1206
240 235 51.228
235 240 51.228
79 17 98.1944
17 79 98.1944
131 170 87.166
170 131 87.166
305 130 73.5732
130 305 73.5732
254 177 62.0695
177 254 62.0695
215 316 71.5992
316 215 71.5992
142 177 28.775
177 142 28.775
79 70 26.8559
70 79 26.8559
132 301 56.3155
301 132 56.3155
156 219 81.8339
219 156 81.8339
269 299 67.1369
299 269 67.1369
117 279 49.1381
279 117 49.1381
148 203 20.3371
203 148 20.3371
195 219 69.4405
219 195 69.4405
203 300 41.5752
300 203 41.5752
47 197 76.4182
197 47 76.4182
196 59 46.939
59 196 46.939
287 290 96.2213
290 287 96.2213
95 253 93.7628
253 95 93.7628
254 81 79.1959
81 254 79.1959
166 29 18.8604
29 166 18.8604
23 225 49.9719
225 23 49.9719
125 289 25.9171
289 125 25.9171
80 37 38.1491
37 80 38.1491
273 229 64.761
229 273 64.761
261 12 83.5701
12 261 83.5701
252 182 83.6769
182 252 83.6769
137 256 95.2897
256 137 95.2897
215 44 87.2412
44 215 87.2412
2 155 43.6073
155 2 43.6073
290 166 86.0339
166 290 86.0339
54 206 16.4919
206 54 16.4919
258 210 39.2254
210 258 39.2254
123 228 65.5406
228 123 65.5406
258 30 33.7358
30 258 33.7358
188 301 37.4265
301 188 37.4265
311 321 79.5376
321 311 79.5376
315 213 16.8635
213 315 16.8635
134 192 73.0706
192 134 73.0706
69 184 14.7124
184 69 14.7124
299 287 96.7278
287 299 96.7278
95 93 37.3496
93 95 37.3496
137 195 10.2523
195 137 10.2523
79 233 58.1712
233 79 58.1712
276 146 48.0535
146 276 48.0535
124 311 12.4985
311 124 12.4985
76 30 68.1693
30 76 68.1693
315 269 66.0138
269 315 66.0138
75 197 61.5275
197 75 61.5275
253 247 24.1431
247 253 24.1431
78 153 45.896
153 78 45.896
121 10 56.6567
10 121 56.6567
305 202 66.8105
202 305 66.8105
53 41 15.8032
41 53 15.8032
179 227 63.6732
227 179 63.6732
219 155 45.1614
155 219 45.1614
207 100 25.595
100 207 25.595
159 72 75.588
72 159 75.588
236 233 70.6363
233 236 70.6363
50 60 30.9257
60 50 30.9257
171 318 32.5838
318 171 32.5838
115 278 87.5208
278 115 87.5208
13 253 24.4898
253 13 24.4898
304 92 51.2321
92 304 51.2321
127 293 76.9039
293 127 76.9039
121 104 35.0302
104 121 35.0302
66 206 47.004
206 66 47.004
252 141 67.6473
141 252 67.6473
223 208 64.8782
208 223 64.8782
186 217 63.3012
217 186 63.3012
251 194 39.5102
194 251 39.5102
192 266 11.0246
266 192 11.0246
252 219 56.193
219 252 56.193
147 111 42.9287
111 147 42.9287
271 255 51.3147
255 271 51.3147
150 187 16.4967
187 150 16.4967
5 310 58.2515
310 5 58.2515
57 183 70.0316
183 57 70.0316
111 132 58.8457
132 111 58.8457
88 278 26.1784
278 88 26.1784
146 308 92.5992
308 146 92.5992
124 275 33.6333
275 124 33.6333
287 31 35.6513
31 287 35.6513
312 145 97.9256
145 312 97.9256
87 21 55.194
21 87 55.194
98 105 27.5736
105 98 27.5736
143 274 65.6385
274 143 65.6385
59 169 68.181
169 59 68.181
199 258 21.9188
258 199 21.9188
233 304 58.7837
304 233 58.7837
176 164 38.9384
164 176 38.9384
323 0 78.6755
0 323 78.6755
23 130 39.8245
130 23 39.8245
161 311 43.5463
311 161 43.5463
296 295 11.3781
295 296 11.3781
124 241 34.0577
241 124 34.0577
43 145 61.5948
145 43 61.5948
293 295 22.9667
295 293 22.9667
99 74 28.2968
74 99 28.2968
30 245 54.1155
245 30 54.1155
17 10 63.9905
10 17 63.9905
56 24 65.4642
24 56 65.4642
253 137 40.7886
137 253 40.7886
69 311 90.893
311 69 90.893
234 246 93.0661
246 234 93.0661
309 152 36.2363
152 309 36.2363
125 113 65.0115
113 125 65.0115
97 269 36.8326
269 97 36.8326
47 294 76.9839
294 47 76.9839
94 235 89.5986
235 94 89.5986
43 276 13.3532
276 43 13.3532
107 190 78.0221
190 107 78.0221
158 296 64.575
296 158 64.575
116 157 44.8585
157 116 44.8585
63 263 77.4214
263 63 77.4214
282 45 97.867
45 282 97.867
150 234 26.6704
234 150 26.6704
297 82 24.735
82 297 24.735
284 7 47.7428
7 284 47.7428
275 107 44.5322
107 275 44.5322
120 81 48.5077
81 120 48.5077
224 223 79.1982
223 224 79.1982
158 76 67.3192
76 158 67.3192
279 183 45.6323
183 279 45.6323
160 126 47.9891
126 160 47.9891
140 6 95.0622
6 140 95.0622
269 223 77.9491
223 269 77.9491
147 124 46.4687
124 147 46.4687
245 111 42.1742
111 245 42.1742
30 291 63.1045
291 30 63.1045
163 72 48.2136
72 163 48.2136
100 38 69.2088
38 100 69.2088
297 187 35.3645
187 297 35.3645
45 145 41.796
145 45 41.796
188 69 65.6263
69 188 65.6263
58 314 16.3776
314 58 16.3776
121 198 91.4286
198 121 91.4286
255 318 98.076
318 255 98.076
0 242 90.4739
242 0 90.4739
312 310 47.9206
310 312 47.9206
26 301 88.0196
301 26 88.0196
238 6 48.0253
6 238 48.0253
5 307 24.4994
307 5 24.4994
133 172 50.3452
172 133 50.3452
40 246 71.2382
246 40 71.2382
260 204 41.5971
204 260 41.5971
196 80 84.0189
80 196 84.0189
65 61 10.4012
61 65 10.4012
162 235 84.7148
235 162 84.7148
117 235 73.8091
235 117 73.8091
281 75 26.7651
75 281 26.7651
265 293 18.7123
293 265 18.7123
175 238 44.5513
238 175 44.5513
132 164 88.3735
164 132 88.3735
33 283 99.2649
283 33 99.2649
38 51 34.5783
51 38 34.5783
148 10 40.6092
10 148 40.6092
285 44 69.0229
44 285 69.0229
300 171 53.415
171 300 53.415
277 132 23.9898
132 277 23.9898
263 105 89.897
105 263 89.897
37 307 50.4782
307 37 50.4782
126 258 28.5756
258 126 28.5756
187 25 23.8774
25 187 23.8774
20 19 78.2997
19 20 78.2997
282 314 98.4124
314 282 98.4124
220 169 40.6103
169 220 40.6103
46 226 69.1305
226 46 69.1305
109 3 21.3844
3 109 21.3844
299 29 79.231
29 299 79.231
9 284 59.1089
284 9 59.1089
116 195 25.2733
195 116 25.2733
238 33 14.9054
33 238 14.9054
209 70 40.7741
70 209 40.7741
223 70 94.1475
70 223 94.1475
302 171 65.7362
171 302 65.7362
155 114 92.3133
114 155 92.3133
45 260 92.6349
260 45 92.6349
236 119 74.3684
119 236 74.3684
