436 5818 100 342
1 0 21.3987
0 1 21.3987
2 1 21.4095
1 2 21.4095
3 1 81.3503
1 3 81.3503
4 1 45.0035
1 4 45.0035
5 3 65.3488
3 5 65.3488
6 3 39.8961
3 6 39.8961
7 0 51.624
0 7 51.624
8 2 99.3823
2 8 99.3823
9 0 10.4277
0 9 10.4277
10 2 44.5188
2 10 44.5188
11 1 25.6165
1 11 25.6165
12 3 70.6448
3 12 70.6448
13 7 58.9007
7 13 58.9007
14 12 27.1758
12 14 27.1758
15 4 63.9016
4 15 63.9016
16 4 16.2458
4 16 16.2458
17 7 32.7268
7 17 32.7268
18 9 22.5369
9 18 22.5369
19 17 95.0094
17 19 95.0094
20 1 66.3707
1 20 66.3707
21 11 50.6579
11 21 50.6579
22 14 34.9213
14 22 34.9213
23 1 34.007
1 23 34.007
24 10 12.6399
10 24 12.6399
25 0 80.724
0 25 80.724
26 24 77.9136
24 26 77.9136
27 0 21.9732
0 27 21.9732
28 23 13.6708
23 28 13.6708
29 27 44.7064
27 29 44.7064
30 2 28.5331
2 30 28.5331
31 17 37.5391
17 31 37.5391
32 11 68.821
11 32 68.821
33 15 65.8889
15 33 65.8889
34 7 61.1258
7 34 61.1258
35 28 93.292
28 35 93.292
36 10 72.0733
10 36 72.0733
37 26 84.841
26 37 84.841
38 10 59.5834
10 38 59.5834
39 9 23.9442
9 39 23.9442
40 30 39.1431
30 40 39.1431
41 0 88.0037
0 41 88.0037
42 1 52.0306
1 42 52.0306
43 27 89.123
27 43 89.123
44 27 35.8713
27 44 35.8713
45 22 27.2063
22 45 27.2063
46 31 75.1409
31 46 75.1409
47 28 87.2367
28 47 87.2367
48 15 22.0472
15 48 22.0472
49 32 94.5093
32 49 94.5093
50 0 32.1301
0 50 32.1301
51 26 50.898
26 51 50.898
52 24 31.5338
24 52 31.5338
53 52 33.7316
52 53 33.7316
54 53 38.0512
53 54 38.0512
55 21 54.4802
21 55 54.4802
56 4 59.4891
4 56 59.4891
57 50 36.4544
50 57 36.4544
58 40 97.438
40 58 97.438
59 43 80.4917
43 59 80.4917
60 37 25.0688
37 60 25.0688
61 29 31.9922
29 61 31.9922
62 16 53.4069
16 62 53.4069
63 3 95.9675
3 63 95.9675
64 26 14.9138
26 64 14.9138
65 19 52.1811
19 65 52.1811
66 1 98.6231
1 66 98.6231
67 28 23.126
28 67 23.126
68 23 70.8546
23 68 70.8546
69 8 82.3914
8 69 82.3914
70 7 26.6538
7 70 26.6538
71 8 30.8349
8 71 30.8349
72 51 64.9906
51 72 64.9906
73 51 95.3086
51 73 95.3086
74 6 86.4652
6 74 86.4652
75 56 61.5967
56 75 61.5967
76 18 43.3589
18 76 43.3589
77 6 74.7843
6 77 74.7843
78 36 77.029
36 78 77.029
79 23 44.2018
23 79 44.2018
80 44 68.6622
44 80 68.6622
81 74 55.5302
74 81 55.5302
82 13 88.8144
13 82 88.8144
83 75 53.1994
75 83 53.1994
84 43 80.3328
43 84 80.3328
85 42 59.6775
42 85 59.6775
86 2 52.1657
2 86 52.1657
87 8 83.6141
8 87 83.6141
88 55 76.3592
55 88 76.3592
89 6 27.5606
6 89 27.5606
90 30 66.3644
30 90 66.3644
91 20 85.2438
20 91 85.2438
92 49 64.1422
49 92 64.1422
93 63 90.3753
63 93 90.3753
94 92 33.142
92 94 33.142
95 16 95.6465
16 95 95.6465
96 74 13.5477
74 96 13.5477
97 23 82.6088
23 97 82.6088
98 85 90.5747
85 98 90.5747
99 43 79.9965
43 99 79.9965
100 12 16.2699
12 100 16.2699
101 24 72.28
24 101 72.28
102 71 84.6453
71 102 84.6453
103 99 79.9107
99 103 79.9107
104 52 74.2613
52 104 74.2613
105 46 27.2654
46 105 27.2654
106 21 62.3153
21 106 62.3153
107 16 24.2603
16 107 24.2603
108 70 27.8074
70 108 27.8074
109 33 12.7527
33 109 12.7527
110 71 61.856
71 110 61.856
111 0 74.7113
0 111 74.7113
112 30 59.4006
30 112 59.4006
113 38 67.978
38 113 67.978
114 24 95.9423
24 114 95.9423
115 30 12.0337
30 115 12.0337
116 48 59.5326
48 116 59.5326
117 33 85.0255
33 117 85.0255
118 21 18.0283
21 118 18.0283
119 23 75.7303
23 119 75.7303
120 48 19.8518
48 120 19.8518
121 104 84.7789
104 121 84.7789
122 108 22.8348
108 122 22.8348
123 87 54.7453
87 123 54.7453
124 109 93.5547
109 124 93.5547
125 18 77.8421
18 125 77.8421
126 36 92.3794
36 126 92.3794
127 37 72.7647
37 127 72.7647
128 0 55.7043
0 128 55.7043
129 10 79.0711
10 129 79.0711
130 25 85.8669
25 130 85.8669
131 47 80.198
47 131 80.198
132 125 81.7897
125 132 81.7897
133 101 79.5514
101 133 79.5514
134 47 68.152
47 134 68.152
135 19 74.6991
19 135 74.6991
136 104 63.0884
104 136 63.0884
137 85 77
85 137 77
138 119 83.4446
119 138 83.4446
139 51 64.4241
51 139 64.4241
140 119 64.1014
119 140 64.1014
141 67 44.995
67 141 44.995
142 12 68.8616
12 142 68.8616
143 86 96.2687
86 143 96.2687
144 52 13.246
52 144 13.246
145 112 19.8031
112 145 19.8031
146 38 30.2342
38 146 30.2342
147 94 45.7332
94 147 45.7332
148 18 32.516
18 148 32.516
149 51 73.3208
51 149 73.3208
150 139 10.9588
139 150 10.9588
151 137 48.9501
137 151 48.9501
152 94 61.817
94 152 61.817
153 104 24.668
104 153 24.668
154 69 18.5289
69 154 18.5289
155 45 97.0015
45 155 97.0015
156 71 56.0937
71 156 56.0937
157 44 46.3152
44 157 46.3152
158 131 24.0658
131 158 24.0658
159 79 47.5431
79 159 47.5431
160 16 81.2821
16 160 81.2821
161 32 56.0481
32 161 56.0481
162 103 14.2505
103 162 14.2505
163 90 17.0782
90 163 17.0782
164 131 15.6281
131 164 15.6281
165 136 27.0081
136 165 27.0081
166 132 59.4867
132 166 59.4867
167 58 44.8422
58 167 44.8422
168 108 22.1931
108 168 22.1931
169 98 63.0831
98 169 63.0831
170 134 44.4985
134 170 44.4985
171 44 76.9953
44 171 76.9953
172 148 67.6177
148 172 67.6177
173 168 64.5176
168 173 64.5176
174 146 85.6593
146 174 85.6593
175 55 60.2301
55 175 60.2301
176 123 95.7325
123 176 95.7325
177 39 37.0782
39 177 37.0782
178 176 10.0653
176 178 10.0653
179 72 82.9852
72 179 82.9852
180 82 57.6332
82 180 57.6332
181 172 78.1975
172 181 78.1975
182 46 34.3908
46 182 34.3908
183 148 31.7297
148 183 31.7297
184 73 54.1071
73 184 54.1071
185 141 27.3477
141 185 27.3477
186 139 38.5214
139 186 38.5214
187 78 46.4917
78 187 46.4917
188 62 27.4518
62 188 27.4518
189 105 65.648
105 189 65.648
190 12 89.7941
12 190 89.7941
191 46 33.6431
46 191 33.6431
192 135 68.8771
135 192 68.8771
193 6 14.8623
6 193 14.8623
194 145 61.5881
145 194 61.5881
195 80 57.2143
80 195 57.2143
196 33 38.12
33 196 38.12
197 164 67.7472
164 197 67.7472
198 170 31.0625
170 198 31.0625
199 89 79.716
89 199 79.716
200 167 45.3526
167 200 45.3526
201 52 91.0025
52 201 91.0025
202 181 39.6037
181 202 39.6037
203 151 37.872
151 203 37.872
204 5 85.4921
5 204 85.4921
205 21 55.6505
21 205 55.6505
206 97 23.8209
97 206 23.8209
207 146 58.2067
146 207 58.2067
208 136 33.301
136 208 33.301
209 109 66.7772
109 209 66.7772
210 1 64.0999
1 210 64.0999
211 140 16.8046
140 211 16.8046
212 101 18.9291
101 212 18.9291
213 169 33.1508
169 213 33.1508
214 188 24.4699
188 214 24.4699
215 120 14.9644
120 215 14.9644
216 204 22.9965
204 216 22.9965
217 212 85.1872
212 217 85.1872
218 53 10.5351
53 218 10.5351
219 100 99.445
100 219 99.445
220 183 97.5828
183 220 97.5828
221 136 69.6655
136 221 69.6655
222 51 81.5636
51 222 81.5636
223 72 14.9236
72 223 14.9236
224 26 61.4862
26 224 61.4862
225 76 46.0506
76 225 46.0506
226 154 81.3836
154 226 81.3836
227 95 80.6225
95 227 80.6225
228 222 33.5962
222 228 33.5962
229 228 99.0538
228 229 99.0538
230 208 16.4004
208 230 16.4004
231 57 65.8387
57 231 65.8387
232 199 66.3105
199 232 66.3105
233 25 62.1855
25 233 62.1855
234 224 81.1251
224 234 81.1251
235 152 34.9032
152 235 34.9032
236 168 25.0339
168 236 25.0339
237 131 89.9324
131 237 89.9324
238 36 34.4298
36 238 34.4298
239 231 14.9602
231 239 14.9602
240 179 97.151
179 240 97.151
241 233 49.6891
233 241 49.6891
242 108 87.4842
108 242 87.4842
243 1 92.7333
1 243 92.7333
244 177 74.5001
177 244 74.5001
245 21 79.6554
21 245 79.6554
246 125 31.0485
125 246 31.0485
247 167 57.892
167 247 57.892
248 130 79.1585
130 248 79.1585
249 217 65.4507
217 249 65.4507
250 10 87.2359
10 250 87.2359
251 35 33.2477
35 251 33.2477
252 33 90.3603
33 252 90.3603
253 221 74.1619
221 253 74.1619
254 68 44.0869
68 254 44.0869
255 61 64.0631
61 255 64.0631
256 40 30.9549
40 256 30.9549
257 174 93.3107
174 257 93.3107
258 137 87.1741
137 258 87.1741
259 35 40.8527
35 259 40.8527
260 41 12.5607
41 260 12.5607
261 144 43.1765
144 261 43.1765
262 130 96.4314
130 262 96.4314
263 165 96.6965
165 263 96.6965
264 257 69.8457
257 264 69.8457
265 135 94.3733
135 265 94.3733
266 201 32.8622
201 266 32.8622
267 61 54.9152
61 267 54.9152
268 232 75.2538
232 268 75.2538
269 214 20.4757
214 269 20.4757
270 200 33.1844
200 270 33.1844
271 183 28.1861
183 271 28.1861
272 116 94.9694
116 272 94.9694
273 193 18.2111
193 273 18.2111
274 197 38.5835
197 274 38.5835
275 183 32.3242
183 275 32.3242
276 35 84.4806
35 276 84.4806
277 207 13.3564
207 277 13.3564
278 251 63.6863
251 278 63.6863
279 262 87.4933
262 279 87.4933
280 138 45.0841
138 280 45.0841
281 263 30.7987
263 281 30.7987
282 236 18.8785
236 282 18.8785
283 35 11.6795
35 283 11.6795
284 248 88.7451
248 284 88.7451
285 231 26.4112
231 285 26.4112
286 224 16.9223
224 286 16.9223
287 172 41.5307
172 287 41.5307
288 98 85.9218
98 288 85.9218
289 226 24.4142
226 289 24.4142
290 19 37.7658
19 290 37.7658
291 268 36.4272
268 291 36.4272
292 137 82.1882
137 292 82.1882
293 73 36.9071
73 293 36.9071
294 151 82.43
151 294 82.43
295 113 68.7581
113 295 68.7581
296 71 42.2261
71 296 42.2261
297 284 36.9888
284 297 36.9888
298 149 53.17
149 298 53.17
299 239 29.1202
239 299 29.1202
300 13 89.6006
13 300 89.6006
301 154 82.1309
154 301 82.1309
302 298 55.7827
298 302 55.7827
303 0 90.1276
0 303 90.1276
304 32 43.524
32 304 43.524
305 156 87.837
156 305 87.837
306 32 60.3126
32 306 60.3126
307 123 21.6225
123 307 21.6225
308 234 78.3665
234 308 78.3665
309 264 44.4958
264 309 44.4958
310 163 13.4198
163 310 13.4198
311 154 69.1786
154 311 69.1786
312 254 23.0484
254 312 23.0484
313 302 18.0116
302 313 18.0116
314 210 61.6149
210 314 61.6149
315 200 75.6642
200 315 75.6642
316 255 96.6139
255 316 96.6139
317 68 82.5579
68 317 82.5579
318 232 57.9925
232 318 57.9925
319 60 74.9627
60 319 74.9627
320 126 55.2163
126 320 55.2163
321 2 51.5503
2 321 51.5503
322 14 72.1953
14 322 72.1953
323 154 38.0082
154 323 38.0082
324 222 79.6415
222 324 79.6415
325 55 35.1496
55 325 35.1496
326 43 21.7992
43 326 21.7992
327 8 83.526
8 327 83.526
328 43 94.5974
43 328 94.5974
329 322 47.8227
322 329 47.8227
330 192 27.3752
192 330 27.3752
331 98 16.0618
98 331 16.0618
332 223 98.2591
223 332 98.2591
333 202 15.9903
202 333 15.9903
334 164 40.1365
164 334 40.1365
335 28 88.6939
28 335 88.6939
336 261 62.9239
261 336 62.9239
337 6 57.1294
6 337 57.1294
338 182 75.9962
182 338 75.9962
339 133 17.9173
133 339 17.9173
340 63 15.803
63 340 15.803
341 108 55.2543
108 341 55.2543
342 92 19.7121
92 342 19.7121
343 186 96.2085
186 343 96.2085
344 62 90.5257
62 344 90.5257
345 315 38.9609
315 345 38.9609
346 229 28.8883
229 346 28.8883
347 149 65.1794
149 347 65.1794
348 223 48.0708
223 348 48.0708
349 59 24.83
59 349 24.83
350 230 96.9295
230 350 96.9295
351 320 19.386
320 351 19.386
352 66 41.0767
66 352 41.0767
353 347 70.9139
347 353 70.9139
354 221 47.5287
221 354 47.5287
355 256 35.2261
256 355 35.2261
356 77 90.8056
77 356 90.8056
357 250 40.9091
250 357 40.9091
358 228 29.3605
228 358 29.3605
359 30 71.7933
30 359 71.7933
360 294 39.242
294 360 39.242
361 343 40.0181
343 361 40.0181
362 168 80.2284
168 362 80.2284
363 339 27.7404
339 363 27.7404
364 136 77.4584
136 364 77.4584
365 109 20.8649
109 365 20.8649
366 196 44.7974
196 366 44.7974
367 264 55.1267
264 367 55.1267
368 177 71.4509
177 368 71.4509
369 246 40.1755
246 369 40.1755
370 133 61.6283
133 370 61.6283
371 16 91.5118
16 371 91.5118
372 171 84.6492
171 372 84.6492
373 62 38.0047
62 373 38.0047
374 210 59.0378
210 374 59.0378
375 183 53.6966
183 375 53.6966
376 232 34.864
232 376 34.864
377 266 12.5735
266 377 12.5735
378 323 20.2187
323 378 20.2187
379 74 77.8915
74 379 77.8915
380 132 29.8314
132 380 29.8314
381 145 35.134
145 381 35.134
382 142 98.654
142 382 98.654
383 254 83.9217
254 383 83.9217
384 256 73.2534
256 384 73.2534
385 219 75.8986
219 385 75.8986
386 173 83.8091
173 386 83.8091
387 289 26.5045
289 387 26.5045
388 54 24.9875
54 388 24.9875
389 11 57.9339
11 389 57.9339
390 260 93.7208
260 390 93.7208
391 362 23.8624
362 391 23.8624
392 376 51.7071
376 392 51.7071
393 108 24.5549
108 393 24.5549
394 158 73.6872
158 394 73.6872
395 36 31.3909
36 395 31.3909
396 73 70.6589
73 396 70.6589
397 240 60.3163
240 397 60.3163
398 369 65.9761
369 398 65.9761
399 383 79.91
383 399 79.91
400 348 26.5699
348 400 26.5699
401 94 33.4896
94 401 33.4896
402 39 72.3327
39 402 72.3327
403 84 57.8958
84 403 57.8958
404 181 86.8559
181 404 86.8559
405 297 77.2552
297 405 77.2552
406 226 15.5439
226 406 15.5439
407 265 32.5891
265 407 32.5891
408 180 36.2254
180 408 36.2254
409 24 56.8527
24 409 56.8527
410 53 50.9916
53 410 50.9916
411 81 35.3877
81 411 35.3877
412 145 49.8821
145 412 49.8821
413 166 58.129
166 413 58.129
414 284 19.8039
284 414 19.8039
415 31 26.9235
31 415 26.9235
416 279 83.5077
279 416 83.5077
417 189 49.4651
189 417 49.4651
418 202 94.7685
202 418 94.7685
419 108 53.1981
108 419 53.1981
420 229 37.2788
229 420 37.2788
421 265 43.7598
265 421 43.7598
422 321 13.9071
321 422 13.9071
423 226 54.7006
226 423 54.7006
424 249 18.0711
249 424 18.0711
425 404 25.3126
404 425 25.3126
426 177 53.9875
177 426 53.9875
427 372 51.3143
372 427 51.3143
428 96 37.5774
96 428 37.5774
429 156 38.3816
156 429 38.3816
430 238 11.8145
238 430 11.8145
431 124 33.6947
124 431 33.6947
432 388 78.7566
388 432 78.7566
433 427 69.8742
427 433 69.8742
434 351 97.5294
351 434 97.5294
435 218 13.8998
218 435 13.8998
222 405 32.7753
405 222 32.7753
141 162 58.6329
162 141 58.6329
275 136 52.1863
136 275 52.1863
72 416 84.5854
416 72 84.5854
48 93 11.5728
93 48 11.5728
2 48 29.4924
48 2 29.4924
370 254 87.3441
254 370 87.3441
150 260 99.721
260 150 99.721
131 308 42.3433
308 131 42.3433
337 226 47.5886
226 337 47.5886
162 145 86.223
145 162 86.223
350 417 41.3409
417 350 41.3409
97 60 66.2795
60 97 66.2795
402 104 31.1496
104 402 31.1496
5 226 12.5025
226 5 12.5025
143 243 54.2091
243 143 54.2091
12 247 53.9937
247 12 53.9937
67 149 61.126
149 67 61.126
155 400 88.2028
400 155 88.2028
61 360 12.3936
360 61 12.3936
55 411 39.3165
411 55 39.3165
77 414 27.4155
414 77 27.4155
3 366 81.5988
366 3 81.5988
337 344 19.8588
344 337 19.8588
248 42 10.7257
42 248 10.7257
301 134 98.425
134 301 98.425
200 361 67.3698
361 200 67.3698
3 43 11.6488
43 3 11.6488
355 207 66.4164
207 355 66.4164
211 180 22.8945
180 211 22.8945
93 320 31.0375
320 93 31.0375
167 352 50.0687
352 167 50.0687
388 131 59.9639
131 388 59.9639
383 346 81.1616
346 383 81.1616
356 55 12.365
55 356 12.365
216 320 27.2427
320 216 27.2427
6 213 83.676
213 6 83.676
286 44 57.5665
44 286 57.5665
138 208 57.9426
208 138 57.9426
62 35 33.2774
35 62 33.2774
41 354 86.4539
354 41 86.4539
31 423 78.8594
423 31 78.8594
138 426 13.7824
426 138 13.7824
111 176 70.0083
176 111 70.0083
184 270 90.9318
270 184 90.9318
419 393 26.7244
393 419 26.7244
416 141 52.8438
141 416 52.8438
301 402 12.4629
402 301 12.4629
316 410 49.3709
410 316 49.3709
47 77 97.0453
77 47 97.0453
378 26 93.0065
26 378 93.0065
304 258 27.9903
258 304 27.9903
212 156 49.4597
156 212 49.4597
80 286 81.2909
286 80 81.2909
280 279 49.3079
279 280 49.3079
381 41 53.0716
41 381 53.0716
411 21 33.3869
21 411 33.3869
369 409 20.6083
409 369 20.6083
277 307 12.2593
307 277 12.2593
230 371 32.045
371 230 32.045
51 415 95.5609
415 51 95.5609
26 47 84.5608
47 26 84.5608
105 72 45.8317
72 105 45.8317
91 75 76.063
75 91 76.063
381 65 76.4908
65 381 76.4908
26 264 96.3989
264 26 96.3989
402 186 19.4401
186 402 19.4401
401 100 19.3263
100 401 19.3263
356 327 51.5464
327 356 51.5464
302 77 93.8893
77 302 93.8893
240 1 50.3039
1 240 50.3039
350 119 10.8793
119 350 10.8793
228 301 70.1109
301 228 70.1109
392 244 98.7998
244 392 98.7998
145 153 81.5414
153 145 81.5414
163 418 51.8922
418 163 51.8922
246 98 65.2822
98 246 65.2822
358 158 59.8285
158 358 59.8285
403 17 36.4408
17 403 36.4408
265 110 31.9225
110 265 31.9225
276 425 60.5262
425 276 60.5262
433 148 70.4032
148 433 70.4032
98 427 65.378
427 98 65.378
361 73 21.1472
73 361 21.1472
154 248 75.1204
248 154 75.1204
268 166 74.7728
166 268 74.7728
227 5 53.6912
5 227 53.6912
222 328 64.7729
328 222 64.7729
178 39 30.3556
39 178 30.3556
204 81 36.1299
81 204 36.1299
147 47 66.9192
47 147 66.9192
222 287 24.0783
287 222 24.0783
273 434 87.5869
434 273 87.5869
55 134 35.842
134 55 35.842
322 368 34.9254
368 322 34.9254
158 240 17.4953
240 158 17.4953
390 362 54.6345
362 390 54.6345
292 350 70.7879
350 292 70.7879
392 294 97.3437
294 392 97.3437
219 374 71.2311
374 219 71.2311
206 212 35.4022
212 206 35.4022
318 25 18.7221
25 318 18.7221
368 387 17.6773
387 368 17.6773
270 238 32.5321
238 270 32.5321
311 52 24.7651
52 311 24.7651
408 190 94.5477
190 408 94.5477
238 41 77.0867
41 238 77.0867
195 232 37.2709
232 195 37.2709
89 79 86.2934
79 89 86.2934
19 370 75.1887
370 19 75.1887
172 404 29.7122
404 172 29.7122
4 122 92.6742
122 4 92.6742
428 296 47.2017
296 428 47.2017
370 308 57.6999
308 370 57.6999
43 122 67.4158
122 43 67.4158
47 20 61.1468
20 47 61.1468
423 197 29.523
197 423 29.523
189 95 15.0627
95 189 15.0627
18 332 55.923
332 18 55.923
212 81 14.9289
81 212 14.9289
343 312 36.3224
312 343 36.3224
412 135 30.6606
135 412 30.6606
66 324 22.6704
324 66 22.6704
208 298 55.7782
298 208 55.7782
118 14 77.5573
14 118 77.5573
45 194 90.8504
194 45 90.8504
308 409 54.8159
409 308 54.8159
411 116 62.5465
116 411 62.5465
12 404 15.8853
404 12 15.8853
432 358 25.01
358 432 25.01
239 15 25.4691
15 239 25.4691
258 317 31.5025
317 258 31.5025
411 342 61.881
342 411 61.881
169 332 47.3671
332 169 47.3671
70 417 95.1303
417 70 95.1303
23 71 64.5933
71 23 64.5933
155 175 70.7061
175 155 70.7061
129 427 92.3935
427 129 92.3935
95 283 84.4376
283 95 84.4376
130 330 58.4174
330 130 58.4174
300 244 31.6768
244 300 31.6768
141 355 76.2348
355 141 76.2348
387 235 81.8115
235 387 81.8115
379 399 81.3085
399 379 81.3085
426 412 46.354
412 426 46.354
200 131 44.9768
131 200 44.9768
75 237 44.9308
237 75 44.9308
125 256 20.7899
256 125 20.7899
405 294 84.8491
294 405 84.8491
167 190 51.1518
190 167 51.1518
7 261 64.9729
261 7 64.9729
351 235 96.3524
235 351 96.3524
44 82 42.8986
82 44 42.8986
61 170 20.5831
170 61 20.5831
113 420 82.7889
420 113 82.7889
168 371 38.2829
371 168 38.2829
194 184 31.1082
184 194 31.1082
138 392 85.6604
392 138 85.6604
159 247 59.6456
247 159 59.6456
256 251 87.7792
251 256 87.7792
67 40 76.9239
40 67 76.9239
400 363 22.189
363 400 22.189
76 336 38.7471
336 76 38.7471
39 389 55.1528
389 39 55.1528
142 71 67.4715
71 142 67.4715
419 340 39.0294
340 419 39.0294
411 241 46.5016
241 411 46.5016
121 297 47.5539
297 121 47.5539
426 395 20.1345
395 426 20.1345
394 102 10.4897
102 394 10.4897
273 354 62.2842
354 273 62.2842
122 265 39.878
265 122 39.878
159 30 26.6866
30 159 26.6866
413 267 60.3796
267 413 60.3796
151 377 39.6959
377 151 39.6959
418 136 72.4955
136 418 72.4955
178 6 98.666
6 178 98.666
283 75 31.3712
75 283 31.3712
228 194 62.0694
194 228 62.0694
191 28 10.8103
28 191 10.8103
52 165 89.977
165 52 89.977
332 202 25.2223
202 332 25.2223
426 413 59.9911
413 426 59.9911
1 409 91.4826
409 1 91.4826
385 84 92.429
84 385 92.429
229 144 67.0697
144 229 67.0697
32 204 91.4282
204 32 91.4282
276 91 43.4996
91 276 43.4996
39 122 43.8791
122 39 43.8791
393 313 24.116
313 393 24.116
131 23 60.4578
23 131 60.4578
144 24 26.3778
24 144 26.3778
417 405 83.4107
405 417 83.4107
232 40 23.8113
40 232 23.8113
401 132 68.1813
132 401 68.1813
369 178 89.4392
178 369 89.4392
284 55 56.1319
55 284 56.1319
256 364 73.1528
364 256 73.1528
101 141 56.7501
141 101 56.7501
130 304 34.5537
304 130 34.5537
250 85 80.924
85 250 80.924
69 333 14.4314
333 69 14.4314
34 122 55.6712
122 34 55.6712
265 386 65.5139
386 265 65.5139
148 391 15.362
391 148 15.362
239 381 95.7075
381 239 95.7075
103 370 72.6497
370 103 72.6497
408 184 44.3692
184 408 44.3692
395 177 30.3208
177 395 30.3208
213 214 96.8717
214 213 96.8717
90 293 47.2085
293 90 47.2085
388 299 65.267
299 388 65.267
130 419 76.5172
419 130 76.5172
147 10 52.3964
10 147 52.3964
53 375 50.5287
375 53 50.5287
137 158 72.8265
158 137 72.8265
122 365 73.3351
365 122 73.3351
247 57 24.291
57 247 24.291
128 398 59.9106
398 128 59.9106
265 214 41.0467
214 265 41.0467
307 177 97.7665
177 307 97.7665
394 380 46.7643
380 394 46.7643
349 92 47.7139
92 349 47.7139
417 34 78.3405
34 417 78.3405
46 151 87.4395
151 46 87.4395
421 222 67.7517
222 421 67.7517
175 228 48.7368
228 175 48.7368
13 350 70.2337
350 13 70.2337
364 386 15.5758
386 364 15.5758
265 36 68.7208
36 265 68.7208
232 214 45.3673
214 232 45.3673
68 298 89.5662
298 68 89.5662
326 107 56.0724
107 326 56.0724
95 325 36.3454
325 95 36.3454
405 227 40.6927
227 405 40.6927
151 19 74.6926
19 151 74.6926
427 245 49.0599
245 427 49.0599
17 211 46.0812
211 17 46.0812
255 137 83.2595
137 255 83.2595
197 206 84.1902
206 197 84.1902
343 234 47.7686
234 343 47.7686
111 96 27.7328
96 111 27.7328
409 99 73.9483
99 409 73.9483
87 369 24.7346
369 87 24.7346
197 380 70.2043
380 197 70.2043
412 254 32.2897
254 412 32.2897
314 407 42.9554
407 314 42.9554
378 428 94.5414
428 378 94.5414
244 173 18.6147
173 244 18.6147
253 310 99.903
310 253 99.903
129 117 64.6181
117 129 64.6181
258 336 42.1858
336 258 42.1858
390 372 51.4532
372 390 51.4532
347 207 95.7358
207 347 95.7358
227 18 89.2434
18 227 89.2434
165 204 69.281
204 165 69.281
180 145 68.9499
145 180 68.9499
43 333 91.1938
333 43 91.1938
217 229 75.0787
229 217 75.0787
267 327 28.5659
327 267 28.5659
169 126 63.2362
126 169 63.2362
14 330 92.7254
330 14 92.7254
400 149 19.5175
149 400 19.5175
82 196 47.4995
196 82 47.4995
47 4 61.0071
4 47 61.0071
412 30 66.5469
30 412 66.5469
307 273 13.8637
273 307 13.8637
301 18 72.5314
18 301 72.5314
256 307 23.8775
307 256 23.8775
413 184 84.7527
184 413 84.7527
288 286 66.0773
286 288 66.0773
412 82 77.201
82 412 77.201
17 48 83.8411
48 17 83.8411
394 339 82.7062
339 394 82.7062
318 292 30.1571
292 318 30.1571
370 243 96.6391
243 370 96.6391
284 185 82.1901
185 284 82.1901
64 91 67.6498
91 64 67.6498
8 89 63.5144
89 8 63.5144
337 104 12.8693
104 337 12.8693
371 11 91.8133
11 371 91.8133
97 189 10.4805
189 97 10.4805
302 234 54.9006
234 302 54.9006
273 396 58.6698
396 273 58.6698
177 423 29.1569
423 177 29.1569
116 196 20.2439
196 116 20.2439
331 62 66.9994
62 331 66.9994
188 248 10.4268
248 188 10.4268
395 429 19.1679
429 395 19.1679
433 347 94.3224
347 433 94.3224
411 297 28.4876
297 411 28.4876
46 281 66.748
281 46 66.748
215 25 14.7502
25 215 14.7502
2 14 64.08
14 2 64.08
167 5 57.7899
5 167 57.7899
404 127 43.0541
127 404 43.0541
126 417 11.1074
417 126 11.1074
145 64 52.5671
64 145 52.5671
203 104 86.5739
104 203 86.5739
354 300 58.1152
300 354 58.1152
327 266 56.4283
266 327 56.4283
327 95 47.0554
95 327 47.0554
381 299 14.7448
299 381 14.7448
377 426 96.1376
426 377 96.1376
80 229 34.3653
229 80 34.3653
61 115 55.713
115 61 55.713
187 179 73.5859
179 187 73.5859
60 57 29.3103
57 60 29.3103
7 18 62.3895
18 7 62.3895
19 218 34.0047
218 19 34.0047
297 357 95.9508
357 297 95.9508
48 31 38.8542
31 48 38.8542
61 352 33.3929
352 61 33.3929
194 39 62.1791
39 194 62.1791
237 261 42.077
261 237 42.077
83 249 42.3501
249 83 42.3501
289 361 58.9947
361 289 58.9947
120 410 96.3226
410 120 96.3226
210 313 50.3363
313 210 50.3363
118 4 79.2694
4 118 79.2694
84 329 85.573
329 84 85.573
262 111 80.4572
111 262 80.4572
212 216 32.2325
216 212 32.2325
378 275 74.4242
275 378 74.4242
376 198 20.6257
198 376 20.6257
152 245 27.3224
245 152 27.3224
146 335 21.986
335 146 21.986
267 4 87.699
4 267 87.699
100 3 19.7407
3 100 19.7407
250 294 23.4045
294 250 23.4045
349 301 52.3932
301 349 52.3932
73 369 47.1703
369 73 47.1703
101 69 46.9696
69 101 46.9696
158 382 98.2899
382 158 98.2899
272 413 71.2175
413 272 71.2175
128 131 30.7462
131 128 30.7462
256 2 37.0623
2 256 37.0623
16 96 42.4999
96 16 42.4999
391 229 10.5367
229 391 10.5367
219 80 16.5184
80 219 16.5184
203 4 78.1101
4 203 78.1101
422 26 73.4014
26 422 73.4014
352 360 66.6168
360 352 66.6168
111 310 42.4219
310 111 42.4219
431 159 66.489
159 431 66.489
305 171 38.0569
171 305 38.0569
321 73 62.0388
73 321 62.0388
391 201 26.7707
201 391 26.7707
184 265 47.3134
265 184 47.3134
154 67 92.9088
67 154 92.9088
256 12 40.4357
12 256 40.4357
426 333 21.4282
333 426 21.4282
90 129 78.6005
129 90 78.6005
184 11 55.4165
11 184 55.4165
35 292 14.8266
292 35 14.8266
5 290 41.8485
290 5 41.8485
151 283 19.1232
283 151 19.1232
244 418 42.8682
418 244 42.8682
118 88 46.0467
88 118 46.0467
126 382 40.37
382 126 40.37
126 193 32.3336
193 126 32.3336
93 372 42.0726
372 93 42.0726
362 298 87.4942
298 362 87.4942
412 162 56.3331
162 412 56.3331
224 107 64.7073
107 224 64.7073
61 72 97.424
72 61 97.424
330 380 68.8984
380 330 68.8984
259 323 13.9263
323 259 13.9263
298 73 30.6628
73 298 30.6628
370 218 71.9061
218 370 71.9061
117 362 41.2585
362 117 41.2585
355 271 76.275
271 355 76.275
35 86 77.4047
86 35 77.4047
223 140 73.4029
140 223 73.4029
419 144 25.6921
144 419 25.6921
158 392 24.2065
392 158 24.2065
245 395 23.1478
395 245 23.1478
39 109 16.1454
109 39 16.1454
30 66 65.4276
66 30 65.4276
335 131 42.2697
131 335 42.2697
174 434 68.8907
434 174 68.8907
212 425 56.123
425 212 56.123
128 194 96.1759
194 128 96.1759
151 308 52.9463
308 151 52.9463
121 161 75.6079
161 121 75.6079
233 251 33.983
251 233 33.983
14 81 54.6771
81 14 54.6771
269 82 59.2378
82 269 59.2378
83 154 75.6212
154 83 75.6212
181 26 20.2647
26 181 20.2647
226 347 96.1931
347 226 96.1931
405 42 55.6108
42 405 55.6108
233 227 13.7088
227 233 13.7088
264 382 63.0634
382 264 63.0634
285 338 70.3308
338 285 70.3308
145 93 89.1089
93 145 89.1089
225 374 62.8911
374 225 62.8911
406 341 47.5925
341 406 47.5925
153 203 63.4557
203 153 63.4557
280 412 58.542
412 280 58.542
123 295 18.0328
295 123 18.0328
318 80 53.4999
80 318 53.4999
285 348 62.6574
348 285 62.6574
50 405 25.7404
405 50 25.7404
43 210 72.0495
210 43 72.0495
327 23 62.2763
23 327 62.2763
31 23 33.6387
23 31 33.6387
42 135 84.8513
135 42 84.8513
277 306 46.4805
306 277 46.4805
145 283 16.242
283 145 16.242
398 169 96.983
169 398 96.983
418 260 92.0883
260 418 92.0883
424 16 48.4357
16 424 48.4357
340 280 14.0206
280 340 14.0206
309 419 15.9224
419 309 15.9224
28 69 72.1626
69 28 72.1626
220 282 19.175
282 220 19.175
64 435 17.5457
435 64 17.5457
100 273 89.4239
273 100 89.4239
116 307 19.9246
307 116 19.9246
89 123 43.9025
123 89 43.9025
168 231 61.1883
231 168 61.1883
280 169 84.3942
169 280 84.3942
317 192 65.889
192 317 65.889
362 407 67.9877
407 362 67.9877
16 54 82.8339
54 16 82.8339
114 65 29.1489
65 114 29.1489
403 220 33.0698
220 403 33.0698
197 145 63.2421
145 197 63.2421
405 271 77.5178
271 405 77.5178
64 196 13.725
196 64 13.725
230 138 84.6374
138 230 84.6374
380 282 45.9249
282 380 45.9249
74 418 93.3551
418 74 93.3551
223 291 30.2565
291 223 30.2565
85 162 23.745
162 85 23.745
56 283 16.2349
283 56 16.2349
161 416 27.9417
416 161 27.9417
229 138 74.722
138 229 74.722
248 156 64.545
156 248 64.545
329 389 77.753
389 329 77.753
397 18 93.383
18 397 93.383
82 95 40.5229
95 82 40.5229
230 417 82.4799
417 230 82.4799
89 33 17.9128
33 89 17.9128
340 286 28.597
286 340 28.597
118 153 21.031
153 118 21.031
205 295 93.235
295 205 93.235
261 230 70.8984
230 261 70.8984
70 167 20.6777
167 70 20.6777
30 246 59.2277
246 30 59.2277
350 75 22.1355
75 350 22.1355
326 431 35.9859
431 326 35.9859
289 205 77.2818
205 289 77.2818
238 422 89.3179
422 238 89.3179
112 268 33.4014
268 112 33.4014
221 268 26.1075
268 221 26.1075
206 308 56.3589
308 206 56.3589
100 67 74.8591
67 100 74.8591
393 279 38.3311
279 393 38.3311
332 111 88.7534
111 332 88.7534
58 376 92.5587
376 58 92.5587
66 204 20.8772
204 66 20.8772
337 274 20.058
274 337 20.058
37 243 61.4177
243 37 61.4177
13 388 80.9087
388 13 80.9087
152 178 86.2729
178 152 86.2729
29 400 66.2031
400 29 66.2031
60 240 61.3764
240 60 61.3764
424 284 89.5089
284 424 89.5089
9 79 96.5591
79 9 96.5591
24 266 31.2226
266 24 31.2226
369 47 86.7074
47 369 86.7074
127 36 28.5161
36 127 28.5161
391 107 94.1286
107 391 94.1286
239 45 67.6017
45 239 67.6017
89 401 23.4825
401 89 23.4825
205 93 70.1958
93 205 70.1958
61 62 31.2751
62 61 31.2751
57 313 50.8797
313 57 50.8797
285 62 27.2098
62 285 27.2098
389 242 38.4087
242 389 38.4087
126 206 63.6761
206 126 63.6761
94 65 70.8549
65 94 70.8549
107 289 11.579
289 107 11.579
121 49 74.3224
49 121 74.3224
95 303 31.7618
303 95 31.7618
115 414 74.1453
414 115 74.1453
364 377 56.3034
377 364 56.3034
27 292 97.3096
292 27 97.3096
177 73 63.0951
73 177 63.0951
245 15 94.3375
15 245 94.3375
307 194 55.6474
194 307 55.6474
147 357 38.6131
357 147 38.6131
144 330 24.351
330 144 24.351
38 388 44.0473
388 38 44.0473
294 46 35.2099
46 294 35.2099
283 318 54.36
318 283 54.36
405 58 75.7701
58 405 75.7701
432 241 62.717
241 432 62.717
109 250 49.4125
250 109 49.4125
222 217 33.2087
217 222 33.2087
182 268 41.0582
268 182 41.0582
70 50 28.3654
50 70 28.3654
240 325 58.1855
325 240 58.1855
338 268 69.1791
268 338 69.1791
50 300 38.0783
300 50 38.0783
55 48 52.3447
48 55 52.3447
380 374 57.8371
374 380 57.8371
228 275 32.5675
275 228 32.5675
116 343 48.4462
343 116 48.4462
197 104 32.6163
104 197 32.6163
38 281 47.6807
281 38 47.6807
384 137 97.9947
137 384 97.9947
353 362 50.3234
362 353 50.3234
242 418 95.5005
418 242 95.5005
157 248 33.5941
248 157 33.5941
221 317 95.9147
317 221 95.9147
131 407 44.2874
407 131 44.2874
43 433 91.2147
433 43 91.2147
78 191 75.4692
191 78 75.4692
355 128 53.9278
128 355 53.9278
322 264 24.7677
264 322 24.7677
377 71 87.7194
71 377 87.7194
385 8 38.2727
8 385 38.2727
110 0 87.3661
0 110 87.3661
364 225 64.8241
225 364 64.8241
297 191 48.1996
191 297 48.1996
230 250 54.3469
250 230 54.3469
222 162 39.5334
162 222 39.5334
56 391 52.2021
391 56 52.2021
60 101 28.3118
101 60 28.3118
399 21 50.7987
21 399 50.7987
32 185 63.4128
185 32 63.4128
151 100 75.8578
100 151 75.8578
251 77 67.3007
77 251 67.3007
175 79 72.5334
79 175 72.5334
431 364 40.0756
364 431 40.0756
232 212 35.7149
212 232 35.7149
257 49 76.9219
49 257 76.9219
91 180 21.7699
180 91 21.7699
408 8 82.5667
8 408 82.5667
219 295 68.9289
295 219 68.9289
143 316 45.0602
316 143 45.0602
350 346 74.7547
346 350 74.7547
104 103 87.2864
103 104 87.2864
76 131 19.3753
131 76 19.3753
157 59 20.4617
59 157 20.4617
313 275 61.0579
275 313 61.0579
407 30 21.5203
30 407 21.5203
93 262 26.9422
262 93 26.9422
57 174 86.1225
174 57 86.1225
396 405 16.3751
405 396 16.3751
262 202 10.1322
202 262 10.1322
179 340 63.2016
340 179 63.2016
203 35 75.5792
35 203 75.5792
263 393 54.2526
393 263 54.2526
303 138 29.4001
138 303 29.4001
180 228 39.9942
228 180 39.9942
263 162 18.3892
162 263 18.3892
266 382 71.2712
382 266 71.2712
390 367 21.9786
367 390 21.9786
312 90 19.7535
90 312 19.7535
348 318 95.1716
318 348 95.1716
180 264 76.6529
264 180 76.6529
34 407 93.0405
407 34 93.0405
50 277 81.9377
277 50 81.9377
336 242 12.881
242 336 12.881
41 165 16.9673
165 41 16.9673
126 426 89.925
426 126 89.925
298 192 59.6425
192 298 59.6425
337 52 29.7487
52 337 29.7487
346 285 94.1905
285 346 94.1905
384 319 78.5697
319 384 78.5697
283 272 21.3166
272 283 21.3166
277 6 66.7022
6 277 66.7022
414 409 98.3283
409 414 98.3283
277 65 60.1324
65 277 60.1324
213 367 42.6138
367 213 42.6138
260 126 23.7349
126 260 23.7349
370 5 68.7465
5 370 68.7465
247 40 50.3318
40 247 50.3318
5 433 48.5565
433 5 48.5565
169 236 83.1669
236 169 83.1669
22 94 27.7691
94 22 27.7691
245 215 41.0121
215 245 41.0121
351 182 11.367
182 351 11.367
246 76 38.3993
76 246 38.3993
411 256 75.6842
256 411 75.6842
173 325 95.0425
325 173 95.0425
41 177 45.2951
177 41 45.2951
413 41 22.9349
41 413 22.9349
263 83 73.2404
83 263 73.2404
329 228 97.7924
228 329 97.7924
312 152 70.3576
152 312 70.3576
323 282 65.9907
282 323 65.9907
22 203 26.5002
203 22 26.5002
376 52 73.6002
52 376 73.6002
108 75 12.0891
75 108 12.0891
62 265 39.2576
265 62 39.2576
10 341 64.204
341 10 64.204
428 266 89.4452
266 428 89.4452
277 325 69.4527
325 277 69.4527
59 295 70.764
295 59 70.764
180 176 22.0507
176 180 22.0507
212 57 94.1011
57 212 94.1011
334 373 52.5208
373 334 52.5208
435 67 44.0178
67 435 44.0178
412 316 43.6564
316 412 43.6564
149 343 92.6794
343 149 92.6794
111 22 48.7033
22 111 48.7033
103 315 75.7819
315 103 75.7819
310 317 35.5194
317 310 35.5194
212 117 45.3255
117 212 45.3255
214 157 15.8489
157 214 15.8489
279 236 61.0527
236 279 61.0527
183 138 95.8431
138 183 95.8431
45 99 44.1129
99 45 44.1129
350 412 81.6792
412 350 81.6792
55 65 37.6004
65 55 37.6004
158 329 96.4192
329 158 96.4192
67 229 82.9123
229 67 82.9123
143 424 13.6734
424 143 13.6734
297 248 32.3416
248 297 32.3416
316 432 34.8563
432 316 34.8563
413 377 81.4381
377 413 81.4381
262 149 69.7193
149 262 69.7193
217 70 13.5172
70 217 13.5172
24 272 79.8606
272 24 79.8606
213 27 14.772
27 213 14.772
287 25 34.4023
25 287 34.4023
386 65 56.3139
65 386 56.3139
191 277 76.0038
277 191 76.0038
185 345 52.56
345 185 52.56
123 344 11.8121
344 123 11.8121
430 102 91.9796
102 430 91.9796
295 412 28.894
412 295 28.894
20 77 57.5489
77 20 57.5489
400 227 53.9482
227 400 53.9482
434 91 31.3283
91 434 31.3283
339 141 18.4348
141 339 18.4348
3 14 63.2862
14 3 63.2862
169 235 98.7762
235 169 98.7762
244 425 41.4994
425 244 41.4994
336 320 80.8235
320 336 80.8235
6 268 56.8075
268 6 56.8075
44 435 22.3995
435 44 22.3995
63 376 29.002
376 63 29.002
29 314 52.4918
314 29 52.4918
344 277 76.779
277 344 76.779
294 380 31.3574
380 294 31.3574
284 88 10.7492
88 284 10.7492
338 78 49.5709
78 338 49.5709
317 125 87.1548
125 317 87.1548
408 218 91.8605
218 408 91.8605
44 295 36.8553
295 44 36.8553
167 186 36.9773
186 167 36.9773
131 61 78.0483
61 131 78.0483
365 336 70.2112
336 365 70.2112
321 172 37.0997
172 321 37.0997
199 357 43.3052
357 199 43.3052
54 282 39.9369
282 54 39.9369
103 361 57.1895
361 103 57.1895
153 117 89.8862
117 153 89.8862
342 106 12.1651
106 342 12.1651
18 425 90.6444
425 18 90.6444
289 266 36.7159
266 289 36.7159
346 314 34.7896
314 346 34.7896
173 253 14.6093
253 173 14.6093
188 9 73.3884
9 188 73.3884
292 20 77.6137
20 292 77.6137
405 175 94.0386
175 405 94.0386
99 300 15.5936
300 99 15.5936
27 435 39.6701
435 27 39.6701
399 45 45.3906
45 399 45.3906
288 39 45.682
39 288 45.682
25 55 90.8609
55 25 90.8609
101 433 19.5285
433 101 19.5285
340 109 41.0007
109 340 41.0007
195 415 71.6287
415 195 71.6287
342 196 96.5523
196 342 96.5523
383 211 81.1509
211 383 81.1509
113 424 72.0153
424 113 72.0153
43 339 93.7647
339 43 93.7647
274 161 12.001
161 274 12.001
266 366 35.802
366 266 35.802
84 266 59.9624
266 84 59.9624
388 408 76.3738
408 388 76.3738
156 238 35.9763
238 156 35.9763
140 3 17.6133
3 140 17.6133
107 110 91.6434
110 107 91.6434
429 343 66.9417
343 429 66.9417
171 77 13.0092
77 171 13.0092
424 23 59.8866
23 424 59.8866
417 131 63.65
131 417 63.65
271 71 61.1798
71 271 61.1798
416 308 65.901
308 416 65.901
251 253 21.8518
253 251 21.8518
366 435 54.0778
435 366 54.0778
96 204 96.2729
204 96 96.2729
99 430 40.8517
430 99 40.8517
260 296 93.1586
296 260 93.1586
416 326 74.566
326 416 74.566
78 201 15.6637
201 78 15.6637
260 61 33.0254
61 260 33.0254
316 417 82.259
417 316 82.259
12 284 22.9311
284 12 22.9311
125 211 94.424
211 125 94.424
177 154 15.0596
154 177 15.0596
144 298 23.3329
298 144 23.3329
278 185 35.0574
185 278 35.0574
275 235 20.6167
235 275 20.6167
100 275 54.7573
275 100 54.7573
431 301 81.1751
301 431 81.1751
312 337 97.0712
337 312 97.0712
55 246 88.4012
246 55 88.4012
91 148 52.4322
148 91 52.4322
334 391 74.2243
391 334 74.2243
430 309 77.6265
309 430 77.6265
118 277 58.7784
277 118 58.7784
435 305 91.4565
305 435 91.4565
135 427 32.1651
427 135 32.1651
337 41 10.4459
41 337 10.4459
163 199 28.1326
199 163 28.1326
219 207 81.3673
207 219 81.3673
106 382 87.8701
382 106 87.8701
57 414 99.0852
414 57 99.0852
21 93 62.0365
93 21 62.0365
276 364 81.412
364 276 81.412
64 393 44.8006
393 64 44.8006
40 379 68.3092
379 40 68.3092
234 81 59.3164
81 234 59.3164
331 422 72.0477
422 331 72.0477
65 238 77.3839
238 65 77.3839
418 401 41.6127
401 418 41.6127
161 190 79.1527
190 161 79.1527
182 282 90.5027
282 182 90.5027
435 97 32.9831
97 435 32.9831
251 352 30.2781
352 251 30.2781
379 365 37.3285
365 379 37.3285
369 278 38.4142
278 369 38.4142
187 163 12.6273
163 187 12.6273
276 155 19.775
155 276 19.775
368 14 80.5327
14 368 80.5327
77 353 95.0764
353 77 95.0764
146 43 46.1492
43 146 46.1492
128 434 75.4773
434 128 75.4773
315 346 52.8376
346 315 52.8376
405 17 85.4502
17 405 85.4502
107 188 30.3744
188 107 30.3744
415 243 66.4323
243 415 66.4323
228 131 36.5834
131 228 36.5834
103 102 48.9466
102 103 48.9466
314 5 24.8663
5 314 24.8663
253 75 31.6997
75 253 31.6997
147 46 35.1347
46 147 35.1347
201 26 93.6386
26 201 93.6386
351 256 47.2149
256 351 47.2149
171 82 74.4902
82 171 74.4902
138 174 21.1382
174 138 21.1382
165 78 12.9109
78 165 12.9109
244 320 17.6557
320 244 17.6557
422 292 11.4921
292 422 11.4921
77 382 15.8948
382 77 15.8948
431 127 54.5793
127 431 54.5793
373 138 47.9823
138 373 47.9823
399 44 23.026
44 399 23.026
261 268 61.0801
268 261 61.0801
19 252 74.0935
252 19 74.0935
97 79 99.3283
79 97 99.3283
364 315 93.9912
315 364 93.9912
172 431 82.3699
431 172 82.3699
238 28 94.0758
28 238 94.0758
93 172 35.6292
172 93 35.6292
274 30 50.2146
30 274 50.2146
83 250 48.3403
250 83 48.3403
122 434 27.9757
434 122 27.9757
177 101 97.775
101 177 97.775
255 354 81.2073
354 255 81.2073
395 402 15.4627
402 395 15.4627
77 62 87.988
62 77 87.988
38 1 77.793
1 38 77.793
286 55 65.0649
55 286 65.0649
386 6 38.0428
6 386 38.0428
33 388 66.0821
388 33 66.0821
85 362 39.6043
362 85 39.6043
206 340 64.275
340 206 64.275
324 5 75.6849
5 324 75.6849
173 114 87.6584
114 173 87.6584
358 282 61.7158
282 358 61.7158
417 209 28.8901
209 417 28.8901
145 228 52.265
228 145 52.265
203 64 88.2073
64 203 88.2073
148 104 20.2211
104 148 20.2211
67 355 20.6332
355 67 20.6332
157 427 75.1103
427 157 75.1103
253 108 39.9128
108 253 39.9128
219 368 58.4102
368 219 58.4102
370 284 58.5149
284 370 58.5149
76 231 27.1705
231 76 27.1705
285 261 72.8315
261 285 72.8315
136 154 99.6674
154 136 99.6674
203 254 39.6638
254 203 39.6638
60 210 57.4025
210 60 57.4025
146 170 12.4016
170 146 12.4016
1 32 90.6803
32 1 90.6803
329 70 59.8222
70 329 59.8222
203 114 86.4941
114 203 86.4941
369 207 89.5004
207 369 89.5004
283 147 19.9123
147 283 19.9123
382 7 82.8278
7 382 82.8278
167 324 38.4241
324 167 38.4241
86 138 32.9796
138 86 32.9796
252 38 67.0439
38 252 67.0439
301 98 67.1086
98 301 67.1086
197 50 19.877
50 197 19.877
423 327 67.6045
327 423 67.6045
267 312 29.9598
312 267 29.9598
106 183 94.2129
183 106 94.2129
35 331 89.0724
331 35 89.0724
316 56 85.5789
56 316 85.5789
11 171 45.8002
171 11 45.8002
392 163 86.9681
163 392 86.9681
118 99 64.1481
99 118 64.1481
192 77 50.2539
77 192 50.2539
244 99 91.0207
99 244 91.0207
332 399 64.6323
399 332 64.6323
430 425 55.8184
425 430 55.8184
162 365 54.2346
365 162 54.2346
408 361 78.9734
361 408 78.9734
15 150 49.8875
150 15 49.8875
433 260 96.6914
260 433 96.6914
125 404 19.4636
404 125 19.4636
20 186 71.2743
186 20 71.2743
248 366 94.6479
366 248 94.6479
212 26 94.9325
26 212 94.9325
5 45 50.054
45 5 50.054
55 228 12.834
228 55 12.834
13 115 83.994
115 13 83.994
102 267 21.674
267 102 21.674
135 33 58.3732
33 135 58.3732
168 258 83.4358
258 168 83.4358
396 175 46.3743
175 396 46.3743
114 166 81.3289
166 114 81.3289
13 116 81.4731
116 13 81.4731
254 182 97.8449
182 254 97.8449
205 404 98.0878
404 205 98.0878
435 247 68.3435
247 435 68.3435
55 402 61.0384
402 55 61.0384
434 356 33.6255
356 434 33.6255
223 231 94.4212
231 223 94.4212
38 249 24.1278
249 38 24.1278
60 10 36.6415
10 60 36.6415
195 117 30.3974
117 195 30.3974
233 29 56.3282
29 233 56.3282
33 46 92.7528
46 33 92.7528
101 70 17.788
70 101 17.788
62 261 24.0942
261 62 24.0942
52 44 31.1359
44 52 31.1359
202 165 69.914
165 202 69.914
285 120 66.6988
120 285 66.6988
184 81 96.8995
81 184 96.8995
148 328 91.0215
328 148 91.0215
328 306 91.2203
306 328 91.2203
281 413 56.8343
413 281 56.8343
177 110 25.7238
110 177 25.7238
104 288 24.8765
288 104 24.8765
226 281 28.9886
281 226 28.9886
21 425 81.3129
425 21 81.3129
194 51 46.3238
51 194 46.3238
87 386 76.5964
386 87 76.5964
205 8 66.3885
8 205 66.3885
219 196 70.3087
196 219 70.3087
285 229 54.9418
229 285 54.9418
400 201 96.151
201 400 96.151
390 65 91.0702
65 390 91.0702
128 253 74.8785
253 128 74.8785
165 381 55.6833
381 165 55.6833
434 245 81.3832
245 434 81.3832
172 423 38.4201
423 172 38.4201
73 173 19.8159
173 73 19.8159
371 429 76.9321
429 371 76.9321
303 59 19.5696
59 303 19.5696
182 30 89.9049
30 182 89.9049
263 182 58.9993
182 263 58.9993
104 230 81.6336
230 104 81.6336
172 234 18.3893
234 172 18.3893
226 303 94.238
303 226 94.238
420 190 13.3929
190 420 13.3929
72 365 64.1893
365 72 64.1893
57 385 55.0962
385 57 55.0962
59 96 33.024
96 59 33.024
59 208 28.4215
208 59 28.4215
415 192 17.6117
192 415 17.6117
185 264 25.7811
264 185 25.7811
193 228 86.6348
228 193 86.6348
331 334 40.85
334 331 40.85
77 69 79.9235
69 77 79.9235
420 374 15.8977
374 420 15.8977
342 183 97.8976
183 342 97.8976
132 45 27.2093
45 132 27.2093
130 336 22.4524
336 130 22.4524
127 435 58.2281
435 127 58.2281
276 146 16.8096
146 276 16.8096
343 276 62.2179
276 343 62.2179
116 364 28.7355
364 116 28.7355
270 39 70.1369
39 270 70.1369
144 37 79.4461
37 144 79.4461
5 173 10.7459
173 5 10.7459
357 270 94.7699
270 357 94.7699
141 232 61.581
232 141 61.581
427 214 11.5365
214 427 11.5365
433 137 17.3984
137 433 17.3984
259 120 91.8444
120 259 91.8444
89 320 66.3548
320 89 66.3548
184 62 61.1029
62 184 61.1029
357 38 45.8785
38 357 45.8785
260 20 61.1273
20 260 61.1273
326 264 20.4796
264 326 20.4796
209 389 54.3546
389 209 54.3546
236 7 91.3539
7 236 91.3539
367 11 50.3467
11 367 50.3467
379 62 10.5598
62 379 10.5598
387 258 71.7933
258 387 71.7933
80 102 15.0871
102 80 15.0871
44 361 73.0116
361 44 73.0116
206 49 58.565
49 206 58.565
321 43 11.6858
43 321 11.6858
390 366 47.8933
366 390 47.8933
318 235 35.3765
235 318 35.3765
228 431 80.0686
431 228 80.0686
114 106 29.9696
106 114 29.9696
323 172 93.4584
172 323 93.4584
215 271 46.5164
271 215 46.5164
350 212 16.9975
212 350 16.9975
387 76 88.1515
76 387 88.1515
231 67 29.5649
67 231 29.5649
199 34 52.0287
34 199 52.0287
391 64 32.5884
64 391 32.5884
306 139 96.9479
139 306 96.9479
80 46 35.4518
46 80 35.4518
161 205 26.7985
205 161 26.7985
172 310 30.5436
310 172 30.5436
201 194 46.8063
194 201 46.8063
217 197 63.0498
197 217 63.0498
225 353 48.2731
353 225 48.2731
146 179 68.2664
179 146 68.2664
415 326 40.6201
326 415 40.6201
83 168 22.4136
168 83 22.4136
103 96 98.6583
96 103 98.6583
36 166 64.1899
166 36 64.1899
63 109 10.5975
109 63 10.5975
108 206 12.7168
206 108 12.7168
20 144 22.7658
144 20 22.7658
426 18 14.3256
18 426 14.3256
380 239 32.5497
239 380 32.5497
164 385 15.5205
385 164 15.5205
105 355 13.9081
355 105 13.9081
62 419 70.1157
419 62 70.1157
53 121 23.8365
121 53 23.8365
176 211 92.458
211 176 92.458
420 204 55.9938
204 420 55.9938
56 6 23.7782
6 56 23.7782
264 292 99.1798
292 264 99.1798
370 18 65.3616
18 370 65.3616
67 262 63.0502
262 67 63.0502
432 132 18.2346
132 432 18.2346
186 245 27.4995
245 186 27.4995
342 287 67.556
287 342 67.556
285 174 53.0316
174 285 53.0316
106 434 56.1018
434 106 56.1018
398 156 92.6006
156 398 92.6006
9 174 20.3619
174 9 20.3619
359 59 77.7297
59 359 77.7297
134 307 33.4967
307 134 33.4967
143 330 86.9581
330 143 86.9581
150 393 12.9318
393 150 12.9318
429 72 60.5284
72 429 60.5284
387 182 56.6422
182 387 56.6422
316 333 76.1473
333 316 76.1473
75 284 11.1778
284 75 11.1778
114 245 96.0261
245 114 96.0261
326 208 31.5819
208 326 31.5819
168 216 76.0806
216 168 76.0806
420 286 45.5163
286 420 45.5163
135 213 71.3091
213 135 71.3091
206 345 50.6839
345 206 50.6839
43 417 67.4224
417 43 67.4224
96 376 80.3146
376 96 80.3146
376 181 68.421
181 376 68.421
150 246 98.8554
246 150 98.8554
213 267 87.9996
267 213 87.9996
65 100 41.3648
100 65 41.3648
391 347 59.2612
347 391 59.2612
125 402 73.1283
402 125 73.1283
324 55 42.3093
55 324 42.3093
156 111 88.5923
111 156 88.5923
125 88 75.6542
88 125 75.6542
77 76 64.7713
76 77 64.7713
434 67 77.5903
67 434 77.5903
276 352 68.9195
352 276 68.9195
257 250 23.2915
250 257 23.2915
66 372 41.0708
372 66 41.0708
285 367 67.7775
367 285 67.7775
217 225 83.6474
225 217 83.6474
195 28 64.1706
28 195 64.1706
275 89 12.1995
89 275 12.1995
327 314 46.06
314 327 46.06
209 161 55.8146
161 209 55.8146
85 431 75.6926
431 85 75.6926
294 396 76.0164
396 294 76.0164
25 351 92.9504
351 25 92.9504
114 373 89.4025
373 114 89.4025
369 324 11.9338
324 369 11.9338
249 267 14.4797
267 249 14.4797
154 31 30.4368
31 154 30.4368
162 253 32.1221
253 162 32.1221
418 194 52.2269
194 418 52.2269
268 35 73.1021
35 268 73.1021
206 326 20.2821
326 206 20.2821
328 117 64.4554
117 328 64.4554
23 236 24.2181
236 23 24.2181
132 362 98.0139
362 132 98.0139
0 290 37.701
290 0 37.701
221 139 19.0681
139 221 19.0681
9 148 25.8994
148 9 25.8994
392 8 36.8294
8 392 36.8294
304 232 76.9115
232 304 76.9115
85 280 62.422
280 85 62.422
287 416 62.0887
416 287 62.0887
160 249 59.357
249 160 59.357
376 137 90.953
137 376 90.953
169 301 69.8558
301 169 69.8558
361 112 79.1201
112 361 79.1201
235 376 61.9229
376 235 61.9229
155 310 15.2406
310 155 15.2406
286 296 11.4279
296 286 11.4279
135 230 96.9471
230 135 96.9471
90 277 78.738
277 90 78.738
23 163 96.298
163 23 96.298
390 428 70.4236
428 390 70.4236
197 202 73.9958
202 197 73.9958
187 435 19.782
435 187 19.782
179 100 52.9179
100 179 52.9179
415 167 18.2907
167 415 18.2907
256 183 42.9195
183 256 42.9195
416 226 69.7653
226 416 69.7653
106 289 41.8875
289 106 41.8875
343 431 31.2866
431 343 31.2866
331 247 92.6888
247 331 92.6888
33 349 58.1772
349 33 58.1772
427 275 17.9163
275 427 17.9163
28 102 74.9603
102 28 74.9603
51 299 41.7453
299 51 41.7453
232 62 18.2992
62 232 18.2992
271 100 81.6793
100 271 81.6793
243 41 93.2262
41 243 93.2262
232 248 38.6248
248 232 38.6248
231 311 25.2726
311 231 25.2726
38 102 75.4817
102 38 75.4817
147 25 61.6446
25 147 61.6446
251 87 95.1092
87 251 95.1092
383 235 72.5331
235 383 72.5331
371 38 18.2307
38 371 18.2307
70 27 38.3578
27 70 38.3578
73 190 51.3017
190 73 51.3017
397 92 86.3042
92 397 86.3042
161 135 21.1979
135 161 21.1979
261 384 18.2092
384 261 18.2092
32 291 31.3212
291 32 31.3212
57 340 49.7471
340 57 49.7471
33 256 39.4554
256 33 39.4554
286 216 45.2057
216 286 45.2057
141 155 56.5755
155 141 56.5755
382 138 87.7281
138 382 87.7281
129 368 13.1118
368 129 13.1118
261 239 93.7086
239 261 93.7086
44 241 72.3462
241 44 72.3462
419 291 37.8755
291 419 37.8755
381 46 33.5997
46 381 33.5997
95 230 93.9079
230 95 93.9079
238 202 61.7561
202 238 61.7561
76 311 19.4558
311 76 19.4558
247 115 65.5486
115 247 65.5486
28 73 75.9782
73 28 75.9782
36 125 26.287
125 36 26.287
32 152 43.9199
152 32 43.9199
119 73 94.5218
73 119 94.5218
397 189 11.9502
189 397 11.9502
250 22 77.3857
22 250 77.3857
69 2 23.6801
2 69 23.6801
159 392 95.0266
392 159 95.0266
423 433 78.994
433 423 78.994
377 396 91.1102
396 377 91.1102
350 333 67.5067
333 350 67.5067
65 424 47.3854
424 65 47.3854
238 187 78.7049
187 238 78.7049
320 369 64.7519
369 320 64.7519
354 418 55.3385
418 354 55.3385
179 414 19.6604
414 179 19.6604
415 263 65.1576
263 415 65.1576
342 147 21.9318
147 342 21.9318
196 35 82.4552
35 196 82.4552
38 176 94.7786
176 38 94.7786
193 94 84.4728
94 193 84.4728
354 164 47.3235
164 354 47.3235
268 425 13.3276
425 268 13.3276
156 161 58.666
161 156 58.666
13 123 86.5458
123 13 86.5458
374 286 93.0707
286 374 93.0707
144 356 22.8572
356 144 22.8572
378 286 96.4842
286 378 96.4842
246 365 98.3232
365 246 98.3232
310 405 78.5443
405 310 78.5443
326 215 93.0626
215 326 93.0626
423 133 56.8286
133 423 56.8286
88 343 63.1528
343 88 63.1528
279 315 60.3219
315 279 60.3219
54 435 77.1848
435 54 77.1848
369 95 30.5099
95 369 30.5099
428 64 35.8966
64 428 35.8966
94 325 80.2852
325 94 80.2852
190 421 60.5371
421 190 60.5371
419 255 99.7025
255 419 99.7025
130 27 92.8801
27 130 92.8801
45 281 39.3217
281 45 39.3217
293 190 87.7298
190 293 87.7298
290 183 77.02
183 290 77.02
193 250 11.6694
250 193 11.6694
151 218 42.8855
218 151 42.8855
309 328 89.6008
328 309 89.6008
88 27 32.8704
27 88 32.8704
278 190 14.8227
190 278 14.8227
417 188 64.0008
188 417 64.0008
17 110 78.0297
110 17 78.0297
296 315 49.6012
315 296 49.6012
9 309 90.0394
309 9 90.0394
281 164 66.3569
164 281 66.3569
259 328 60.1274
328 259 60.1274
257 147 62.7448
147 257 62.7448
101 411 72.8512
411 101 72.8512
142 302 74.2838
302 142 74.2838
222 389 93.9255
389 222 93.9255
339 35 62.0165
35 339 62.0165
144 211 26.8025
211 144 26.8025
192 344 45.8716
344 192 45.8716
399 36 53.293
36 399 53.293
430 178 34.4368
178 430 34.4368
377 214 58.3797
214 377 58.3797
236 100 16.8921
100 236 16.8921
126 342 62.3551
342 126 62.3551
198 126 76.583
126 198 76.583
308 220 22.2405
220 308 22.2405
416 401 42.9504
401 416 42.9504
235 199 67.2549
199 235 67.2549
222 327 28.1201
327 222 28.1201
59 298 81.1178
298 59 81.1178
12 200 12.136
200 12 12.136
303 55 10.0002
55 303 10.0002
27 240 75.6791
240 27 75.6791
353 296 61.4542
296 353 61.4542
237 165 84.4503
165 237 84.4503
0 344 19.1401
344 0 19.1401
297 76 15.6516
76 297 15.6516
235 282 97.0263
282 235 97.0263
136 361 82.7034
361 136 82.7034
181 35 81.7593
35 181 81.7593
244 25 37.9348
25 244 37.9348
217 190 71.102
190 217 71.102
242 140 48.814
140 242 48.814
300 121 93.218
121 300 93.218
46 200 27.2853
200 46 27.2853
142 367 51.4357
367 142 51.4357
23 187 42.0321
187 23 42.0321
125 406 68.7909
406 125 68.7909
211 133 25.4056
133 211 25.4056
375 65 74.8765
65 375 74.8765
396 123 24.2979
123 396 24.2979
77 291 48.044
291 77 48.044
174 323 29.8522
323 174 29.8522
226 420 92.1074
420 226 92.1074
41 170 50.0157
170 41 50.0157
177 155 30.6901
155 177 30.6901
199 434 10.7449
434 199 10.7449
183 18 91.4693
18 183 91.4693
401 403 91.3036
403 401 91.3036
193 364 47.774
364 193 47.774
97 322 37.9389
322 97 37.9389
349 237 16.6131
237 349 16.6131
189 218 85.5657
218 189 85.5657
236 199 14.7596
199 236 14.7596
179 302 36.0849
302 179 36.0849
333 228 49.8144
228 333 49.8144
127 140 60.5755
140 127 60.5755
14 121 89.2311
121 14 89.2311
397 301 11.9894
301 397 11.9894
183 285 32.3816
285 183 32.3816
301 39 72.4849
39 301 72.4849
3 85 69.8284
85 3 69.8284
22 64 26.4444
64 22 26.4444
122 422 65.1801
422 122 65.1801
51 123 77.8901
123 51 77.8901
35 70 19.2115
70 35 19.2115
43 247 22.0215
247 43 22.0215
134 25 72.1788
25 134 72.1788
17 140 63.5412
140 17 63.5412
82 352 44.7402
352 82 44.7402
214 267 58.7642
267 214 58.7642
23 238 34.0624
238 23 34.0624
280 408 61.7519
408 280 61.7519
98 349 79.0434
349 98 79.0434
326 96 96.3775
96 326 96.3775
260 342 91.9476
342 260 91.9476
76 325 59.8172
325 76 59.8172
422 425 83.213
425 422 83.213
125 346 64.1703
346 125 64.1703
144 224 88.5465
224 144 88.5465
222 407 95.2331
407 222 95.2331
353 91 86.5325
91 353 86.5325
225 236 86.877
236 225 86.877
376 368 89.6593
368 376 89.6593
243 282 59.5422
282 243 59.5422
342 15 35.2071
15 342 35.2071
198 399 79.4562
399 198 79.4562
333 206 37.1755
206 333 37.1755
66 106 99.1593
106 66 99.1593
368 254 12.3966
254 368 12.3966
242 7 26.7289
7 242 26.7289
177 93 81.7335
93 177 81.7335
355 218 49.1075
218 355 49.1075
261 421 54.3689
421 261 54.3689
354 425 52.507
425 354 52.507
358 321 48.1616
321 358 48.1616
116 303 29.7895
303 116 29.7895
245 426 27.0624
426 245 27.0624
105 102 69.4612
102 105 69.4612
395 307 53.1589
307 395 53.1589
411 192 44.7439
192 411 44.7439
201 212 42.9534
212 201 42.9534
334 311 17.8743
311 334 17.8743
46 37 40.1324
37 46 40.1324
426 349 99.364
349 426 99.364
334 12 44.3583
12 334 44.3583
253 38 96.7927
38 253 96.7927
241 345 90.3427
345 241 90.3427
221 167 26.5799
167 221 26.5799
372 295 36.7274
295 372 36.7274
183 245 39.8683
245 183 39.8683
198 72 22.0536
72 198 22.0536
120 424 12.9537
424 120 12.9537
296 74 35.8448
74 296 35.8448
291 248 33.6217
248 291 33.6217
44 390 36.1371
390 44 36.1371
235 264 98.4406
264 235 98.4406
66 202 22.6679
202 66 22.6679
91 71 11.6469
71 91 11.6469
96 415 31.0621
415 96 31.0621
184 185 32.7523
185 184 32.7523
259 250 62.6847
250 259 62.6847
432 141 25.0143
141 432 25.0143
107 108 93.0174
108 107 93.0174
195 43 95.2209
43 195 95.2209
255 11 24.3498
11 255 24.3498
417 228 15.7243
228 417 15.7243
294 45 90.0942
45 294 90.0942
179 417 29.1886
417 179 29.1886
255 56 33.1822
56 255 33.1822
260 280 30.7378
280 260 30.7378
267 132 48.0064
132 267 48.0064
395 170 94.5427
170 395 94.5427
183 428 83.5891
428 183 83.5891
364 361 99.381
361 364 99.381
0 133 42.5428
133 0 42.5428
243 254 32.7421
254 243 32.7421
85 172 80.6875
172 85 80.6875
296 382 60.7674
382 296 60.7674
32 7 74.1732
7 32 74.1732
413 162 94.3167
162 413 94.3167
43 69 21.2699
69 43 21.2699
62 164 89.6987
164 62 89.6987
141 40 37.2526
40 141 37.2526
10 69 10.8996
69 10 10.8996
3 80 55.9589
80 3 55.9589
118 54 79.5335
54 118 79.5335
64 35 27.3655
35 64 27.3655
163 181 64.8294
181 163 64.8294
241 105 33.9586
105 241 33.9586
119 358 33.0321
358 119 33.0321
259 345 92.2443
345 259 92.2443
200 412 29.0214
412 200 29.0214
185 159 95.137
159 185 95.137
386 243 15.6416
243 386 15.6416
178 276 51.4169
276 178 51.4169
286 302 53.7789
302 286 53.7789
67 214 37.7907
214 67 37.7907
249 209 44.4371
209 249 44.4371
207 394 97.4085
394 207 97.4085
228 345 18.0761
345 228 18.0761
422 214 27.7012
214 422 27.7012
118 216 63.8879
216 118 63.8879
52 347 34.765
347 52 34.765
128 94 13.7173
94 128 13.7173
158 366 40.0459
366 158 40.0459
45 325 65.2598
325 45 65.2598
326 284 50.7154
284 326 50.7154
24 149 52.7074
149 24 52.7074
220 384 94.0882
384 220 94.0882
60 102 68.7901
102 60 68.7901
301 33 87.1381
33 301 87.1381
219 193 76.5509
193 219 76.5509
384 102 74.9324
102 384 74.9324
75 186 77.6248
186 75 77.6248
266 277 38.7883
277 266 38.7883
418 177 14.567
177 418 14.567
204 410 82.7449
410 204 82.7449
429 284 40.1924
284 429 40.1924
344 103 90.326
103 344 90.326
395 271 81.8442
271 395 81.8442
174 399 53.9534
399 174 53.9534
252 341 87.6528
341 252 87.6528
398 373 11.4952
373 398 11.4952
110 41 78.7319
41 110 78.7319
147 399 58.2565
399 147 58.2565
12 291 17.1193
291 12 17.1193
85 427 75.7927
427 85 75.7927
134 286 92.7734
286 134 92.7734
292 302 48.4761
302 292 48.4761
69 430 71.2277
430 69 71.2277
295 414 85.6193
414 295 85.6193
201 57 25.4866
57 201 25.4866
305 192 95.0645
192 305 95.0645
37 304 30.5692
304 37 30.5692
274 283 15.2226
283 274 15.2226
104 172 22.1461
172 104 22.1461
359 145 63.438
145 359 63.438
111 66 20.4199
66 111 20.4199
180 199 91.4527
199 180 91.4527
80 25 43.8463
25 80 43.8463
416 31 35.5921
31 416 35.5921
407 423 25.2128
423 407 25.2128
376 299 62.9109
299 376 62.9109
18 261 31.758
261 18 31.758
377 323 97.989
323 377 97.989
257 251 60.4915
251 257 60.4915
181 190 20.3549
190 181 20.3549
219 370 43.7337
370 219 43.7337
54 186 36.8509
186 54 36.8509
378 150 68.4428
150 378 68.4428
66 167 49.6389
167 66 49.6389
185 101 63.671
101 185 63.671
346 321 42.3211
321 346 42.3211
13 293 70.1029
293 13 70.1029
229 384 79.2877
384 229 79.2877
352 262 45.6695
262 352 45.6695
220 260 71.6211
260 220 71.6211
198 0 79.5421
0 198 79.5421
56 201 13.724
201 56 13.724
61 85 34.1892
85 61 34.1892
366 49 72.6715
49 366 72.6715
117 186 32.8318
186 117 32.8318
235 344 18.7324
344 235 18.7324
341 147 69.6948
147 341 69.6948
354 55 13.9398
55 354 13.9398
82 293 98.9862
293 82 98.9862
162 284 67.9239
284 162 67.9239
343 40 84.5836
40 343 84.5836
332 424 64.17
424 332 64.17
164 137 17.7183
137 164 17.7183
5 332 50.9773
332 5 50.9773
401 423 32.2409
423 401 32.2409
53 98 26.3033
98 53 26.3033
143 183 70.8294
183 143 70.8294
167 234 13.4722
234 167 13.4722
269 151 17.1395
151 269 17.1395
78 145 41.6286
145 78 41.6286
391 159 47.5504
159 391 47.5504
125 334 19.5656
334 125 19.5656
64 44 81.5914
44 64 81.5914
246 204 93.5857
204 246 93.5857
115 40 43.3331
40 115 43.3331
168 205 56.6645
205 168 56.6645
123 353 67.9823
353 123 67.9823
206 33 13.7626
33 206 13.7626
413 97 60.1419
97 413 60.1419
374 427 69.4185
427 374 69.4185
329 342 75.6481
342 329 75.6481
245 50 42.8065
50 245 42.8065
93 64 44.851
64 93 44.851
73 395 45.8457
395 73 45.8457
204 245 40.0082
245 204 40.0082
398 361 91.6634
361 398 91.6634
49 21 26.5341
21 49 26.5341
73 224 88.1785
224 73 88.1785
224 143 61.841
143 224 61.841
92 91 67.193
91 92 67.193
152 69 25.1832
69 152 25.1832
233 354 50.5893
354 233 50.5893
348 331 84.8201
331 348 84.8201
169 151 86.3393
151 169 86.3393
233 1 15.4719
1 233 15.4719
190 37 28.4494
37 190 28.4494
400 264 77.2505
264 400 77.2505
2 200 53.8056
200 2 53.8056
312 78 16.4131
78 312 16.4131
341 425 71.9987
425 341 71.9987
422 277 35.0222
277 422 35.0222
180 370 14.8305
370 180 14.8305
223 35 39.9956
35 223 39.9956
242 222 28.6232
222 242 28.6232
331 75 10.3635
75 331 10.3635
79 308 60.8528
308 79 60.8528
254 330 55.2528
330 254 55.2528
308 203 27.6256
203 308 27.6256
239 39 80.0317
39 239 80.0317
313 90 67.4726
90 313 67.4726
351 374 63.9621
374 351 63.9621
149 162 15.9275
162 149 15.9275
15 263 55.9164
263 15 55.9164
335 51 26.3597
51 335 26.3597
15 34 45.9896
34 15 45.9896
163 158 49.7722
158 163 49.7722
100 395 95.3722
395 100 95.3722
35 108 80.3015
108 35 80.3015
73 371 15.0833
371 73 15.0833
146 415 26.7251
415 146 26.7251
181 62 11.5223
62 181 11.5223
149 278 23.4839
278 149 23.4839
85 375 50.4004
375 85 50.4004
160 277 13.2053
277 160 13.2053
387 302 46.1774
302 387 46.1774
197 392 97.1844
392 197 97.1844
176 260 65.0563
260 176 65.0563
130 156 46.6147
156 130 46.6147
280 197 16.0002
197 280 16.0002
381 290 68.5993
290 381 68.5993
119 168 20.7799
168 119 20.7799
257 70 71.3749
70 257 71.3749
211 116 96.4652
116 211 96.4652
22 378 56.7384
378 22 56.7384
28 160 59.5719
160 28 59.5719
282 360 58.915
360 282 58.915
414 266 48.9514
266 414 48.9514
397 289 89.142
289 397 89.142
235 402 64.2024
402 235 64.2024
371 120 20.5319
120 371 20.5319
349 288 83.6194
288 349 83.6194
210 330 74.4491
330 210 74.4491
289 99 30.6022
99 289 30.6022
264 191 57.598
191 264 57.598
332 422 41.341
422 332 41.341
371 355 70.7518
355 371 70.7518
83 56 18.9595
56 83 18.9595
246 310 56.7358
310 246 56.7358
161 408 28.3364
408 161 28.3364
257 279 68.5194
279 257 68.5194
58 26 41.2547
26 58 41.2547
243 144 89.6546
144 243 89.6546
197 22 29.5548
22 197 29.5548
307 73 45.1662
73 307 45.1662
318 314 66.1571
314 318 66.1571
352 161 58.5192
161 352 58.5192
156 388 51.3135
388 156 51.3135
265 22 98.6668
22 265 98.6668
281 291 69.0442
291 281 69.0442
27 10 79.4729
10 27 79.4729
266 76 41.2164
76 266 41.2164
35 56 11.5131
56 35 11.5131
29 324 64.9389
324 29 64.9389
74 94 12.5869
94 74 12.5869
83 425 30.9139
425 83 30.9139
264 379 85.3087
379 264 85.3087
19 21 86.8601
21 19 86.8601
316 247 60.3762
247 316 60.3762
179 380 84.848
380 179 84.848
83 79 36.0826
79 83 36.0826
52 213 28.9933
213 52 28.9933
274 267 82.3646
267 274 82.3646
122 1 80.0278
1 122 80.0278
302 411 72.9051
411 302 72.9051
322 55 37.3761
55 322 37.3761
289 159 89.3126
159 289 89.3126
200 304 25.2687
304 200 25.2687
239 343 27.3061
343 239 27.3061
38 298 90.781
298 38 90.781
188 276 41.1087
276 188 41.1087
156 393 42.4583
393 156 42.4583
174 422 13.7089
422 174 13.7089
278 13 45.0572
13 278 45.0572
197 365 77.3878
365 197 77.3878
343 9 16.8012
9 343 16.8012
6 415 42.5824
415 6 42.5824
88 170 42.3945
170 88 42.3945
320 92 19.9278
92 320 19.9278
208 142 67.7157
142 208 67.7157
427 254 56.9258
254 427 56.9258
403 414 58.1404
414 403 58.1404
389 107 76.292
107 389 76.292
204 78 18.7727
78 204 18.7727
253 160 30.624
160 253 30.624
290 81 58.8875
81 290 58.8875
250 413 50.2768
413 250 50.2768
142 203 95.2175
203 142 95.2175
260 313 79.3149
313 260 79.3149
409 180 16.733
180 409 16.733
271 251 19.0218
251 271 19.0218
293 233 46.985
233 293 46.985
241 408 87.9451
408 241 87.9451
272 153 19.5811
153 272 19.5811
352 338 14.0305
338 352 14.0305
129 424 49.4133
424 129 49.4133
293 108 61.7586
108 293 61.7586
407 357 26.0658
357 407 26.0658
218 431 57.5516
431 218 57.5516
388 313 62.7424
313 388 62.7424
422 177 43.07
177 422 43.07
429 310 88.0241
310 429 88.0241
364 267 72.6209
267 364 72.6209
402 203 43.455
203 402 43.455
360 241 48.9252
241 360 48.9252
98 322 23.9842
322 98 23.9842
160 47 43.6225
47 160 43.6225
163 192 55.34
192 163 55.34
407 210 58.0751
210 407 58.0751
207 12 32.2179
12 207 32.2179
258 377 29.0292
377 258 29.0292
192 58 65.1228
58 192 65.1228
275 101 69.7251
101 275 69.7251
60 118 55.5631
118 60 55.5631
218 376 87.3201
376 218 87.3201
169 284 47.2887
284 169 47.2887
197 273 76.8611
273 197 76.8611
19 116 53.4212
116 19 53.4212
135 250 19.6425
250 135 19.6425
408 319 89.5364
319 408 89.5364
107 147 11.26
147 107 11.26
178 122 10.3899
122 178 10.3899
292 332 20.5731
332 292 20.5731
243 95 24.561
95 243 24.561
118 149 39.4359
149 118 39.4359
92 370 41.5244
370 92 41.5244
393 81 73.8575
81 393 73.8575
109 389 51.9583
389 109 51.9583
273 192 46.4564
192 273 46.4564
404 356 46.1282
356 404 46.1282
163 330 31.407
330 163 31.407
34 31 74.0166
31 34 74.0166
220 107 47.1703
107 220 47.1703
315 197 10.0029
197 315 10.0029
200 55 56.9187
55 200 56.9187
17 299 74.2273
299 17 74.2273
347 169 56.7199
169 347 56.7199
139 398 18.9509
398 139 18.9509
248 431 72.5871
431 248 72.5871
24 293 36.099
293 24 36.099
175 277 34.2278
277 175 34.2278
258 350 45.7479
350 258 45.7479
294 50 65.6156
50 294 65.6156
149 113 16.4904
113 149 16.4904
378 32 46.1575
32 378 46.1575
342 221 10.1585
221 342 10.1585
368 354 79.5592
354 368 79.5592
222 152 14.9393
152 222 14.9393
100 244 29.2971
244 100 29.2971
342 151 25.2126
151 342 25.2126
37 354 81.0626
354 37 81.0626
345 249 79.6742
249 345 79.6742
85 336 55.2712
336 85 55.2712
144 411 36.542
411 144 36.542
87 312 63.139
312 87 63.139
258 319 67.7552
319 258 67.7552
242 404 80.1418
404 242 80.1418
199 409 53.1157
409 199 53.1157
51 62 77.8069
62 51 77.8069
420 119 17.4573
119 420 17.4573
64 157 30.2782
157 64 30.2782
183 191 82.0196
191 183 82.0196
242 345 37.8088
345 242 37.8088
57 355 21.9801
355 57 21.9801
46 313 65.8924
313 46 65.8924
408 65 29.3295
65 408 29.3295
273 158 58.8674
158 273 58.8674
217 191 11.2782
191 217 11.2782
191 37 88.7122
37 191 88.7122
128 121 27.6918
121 128 27.6918
74 95 96.4069
95 74 96.4069
358 351 51.8212
351 358 51.8212
22 347 31.6557
347 22 31.6557
57 264 36.1349
264 57 36.1349
125 192 46.8886
192 125 46.8886
213 218 42.998
218 213 42.998
8 393 67.2017
393 8 67.2017
320 88 68.7493
88 320 68.7493
395 31 81.7639
31 395 81.7639
168 396 95.8325
396 168 95.8325
336 433 86.4458
433 336 86.4458
116 381 92.5664
381 116 92.5664
320 221 32.1155
221 320 32.1155
100 332 57.8406
332 100 57.8406
216 277 11.8824
277 216 11.8824
342 25 55.2632
25 342 55.2632
256 166 31.3008
166 256 31.3008
89 260 69.3581
260 89 69.3581
42 89 53.1357
89 42 53.1357
187 221 62.884
221 187 62.884
60 404 94.1472
404 60 94.1472
259 69 50.6985
69 259 50.6985
212 20 83.1522
20 212 83.1522
212 224 28.1946
224 212 28.1946
373 295 89.9342
295 373 89.9342
123 299 20.9188
299 123 20.9188
12 136 96.8956
136 12 96.8956
305 23 70.8833
23 305 70.8833
231 194 57.1373
194 231 57.1373
19 121 58.9749
121 19 58.9749
236 249 10.1881
249 236 10.1881
14 331 79.4142
331 14 79.4142
323 392 99.2255
392 323 99.2255
207 211 52.1458
211 207 52.1458
67 237 23.6894
237 67 23.6894
90 225 43.7005
225 90 43.7005
393 239 84.453
239 393 84.453
46 405 20.7636
405 46 20.7636
42 81 55.5418
81 42 55.5418
135 155 73.6539
155 135 73.6539
403 389 49.6975
389 403 49.6975
89 188 84.5546
188 89 84.5546
137 134 97.8117
134 137 97.8117
293 36 42.0907
36 293 42.0907
195 11 80.4644
11 195 80.4644
231 254 24.5358
254 231 24.5358
24 363 91.0917
363 24 91.0917
263 417 60.277
417 263 60.277
239 411 53.1254
411 239 53.1254
404 0 73.3597
0 404 73.3597
429 116 90.4729
116 429 90.4729
39 224 80.8769
224 39 80.8769
371 109 98.0198
109 371 98.0198
229 10 66.1985
10 229 66.1985
359 65 83.1795
65 359 83.1795
143 172 78.0958
172 143 78.0958
422 419 81
419 422 81
308 37 76.6194
37 308 76.6194
402 170 56.2934
170 402 56.2934
206 107 64.6871
107 206 64.6871
304 223 75.2514
223 304 75.2514
136 307 82.8457
307 136 82.8457
112 239 78.5926
239 112 78.5926
402 213 19.3848
213 402 19.3848
193 184 75.5191
184 193 75.5191
141 286 54.9328
286 141 54.9328
19 174 65.9124
174 19 65.9124
239 8 18.9992
8 239 18.9992
68 293 76.5962
293 68 76.5962
76 260 59.4838
260 76 59.4838
53 407 50.1998
407 53 50.1998
200 85 68.8755
85 200 68.8755
263 390 39.0557
390 263 39.0557
123 195 75.7188
195 123 75.7188
134 184 90.4784
184 134 90.4784
52 301 29.4101
301 52 29.4101
113 222 66.6118
222 113 66.6118
354 347 15.866
347 354 15.866
66 5 74.4362
5 66 74.4362
12 349 11.8833
349 12 11.8833
255 32 81.6135
32 255 81.6135
88 248 84.5668
248 88 84.5668
123 405 62.4364
405 123 62.4364
254 411 52.5128
411 254 52.5128
161 3 73.896
3 161 73.896
196 252 65.3938
252 196 65.3938
42 360 89.8398
360 42 89.8398
72 261 10.7454
261 72 10.7454
37 333 31.7611
333 37 31.7611
28 229 79.8523
229 28 79.8523
109 284 43.8421
284 109 43.8421
176 307 12.5823
307 176 12.5823
424 423 20.4169
423 424 20.4169
285 279 28.1387
279 285 28.1387
55 382 58.1082
382 55 58.1082
288 332 22.3809
332 288 22.3809
356 119 92.776
119 356 92.776
189 412 95.3532
412 189 95.3532
394 344 39.2686
344 394 39.2686
257 74 64.6761
74 257 64.6761
352 237 74.7713
237 352 74.7713
301 147 29.9251
147 301 29.9251
85 131 77.5941
131 85 77.5941
273 110 46.5777
110 273 46.5777
123 239 56.6488
239 123 56.6488
333 63 64.6604
63 333 64.6604
387 200 59.4906
200 387 59.4906
64 407 23.1788
407 64 23.1788
163 6 23.4139
6 163 23.4139
183 343 24.5461
343 183 24.5461
138 401 78.33
401 138 78.33
227 26 73.9121
26 227 73.9121
54 104 99.4557
104 54 99.4557
184 274 87.6705
274 184 87.6705
173 412 50.9599
412 173 50.9599
175 290 57.2572
290 175 57.2572
423 305 67.5664
305 423 67.5664
425 385 58.598
385 425 58.598
285 215 66.9109
215 285 66.9109
406 424 81.5497
424 406 81.5497
332 187 19.6422
187 332 19.6422
209 89 70.0703
89 209 70.0703
45 214 19.5296
214 45 19.5296
111 88 49.7769
88 111 49.7769
67 260 45.6557
260 67 45.6557
342 394 25.6862
394 342 25.6862
14 126 33.2412
126 14 33.2412
100 47 22.3256
47 100 22.3256
134 177 83.9403
177 134 83.9403
331 122 44.8957
122 331 44.8957
264 24 10.7926
24 264 10.7926
428 175 44.1803
175 428 44.1803
238 343 42.6866
343 238 42.6866
74 56 83.7459
56 74 83.7459
347 141 74.3405
141 347 74.3405
419 349 36.2703
349 419 36.2703
226 305 64.0775
305 226 64.0775
227 387 31.6682
387 227 31.6682
116 341 97.0836
341 116 97.0836
385 424 89.6831
424 385 89.6831
226 252 31.0536
252 226 31.0536
332 52 55.6988
52 332 55.6988
196 258 53.1921
258 196 53.1921
108 277 63.5866
277 108 63.5866
135 66 67.6933
66 135 67.6933
131 159 43.7695
159 131 43.7695
235 224 84.7083
224 235 84.7083
136 202 41.2153
202 136 41.2153
214 292 25.007
292 214 25.007
94 396 12.8634
396 94 12.8634
102 5 63.0945
5 102 63.0945
351 418 94.4942
418 351 94.4942
251 84 74.8327
84 251 74.8327
177 198 44.8195
198 177 44.8195
194 216 26.5954
216 194 26.5954
329 176 44.2111
176 329 44.2111
274 56 71.7398
56 274 71.7398
327 240 37.1178
240 327 37.1178
55 191 39.5778
191 55 39.5778
5 55 99.0516
55 5 99.0516
399 231 77.4245
231 399 77.4245
133 171 82.9319
171 133 82.9319
380 270 70.4462
270 380 70.4462
382 342 34.8857
342 382 34.8857
292 384 55.5683
384 292 55.5683
52 160 40.7378
160 52 40.7378
124 373 26.677
373 124 26.677
68 268 84.5339
268 68 84.5339
317 430 88.3764
430 317 88.3764
207 206 56.6914
206 207 56.6914
112 219 37.3118
219 112 37.3118
197 121 81.8601
121 197 81.8601
212 33 61.9649
33 212 61.9649
222 120 83.2899
120 222 83.2899
350 250 89.5123
250 350 89.5123
340 342 87.9012
342 340 87.9012
112 7 79.4832
7 112 79.4832
269 106 32.0767
106 269 32.0767
320 174 28.4365
174 320 28.4365
160 5 26.2206
5 160 26.2206
349 184 54.2422
184 349 54.2422
300 251 98.9323
251 300 98.9323
340 331 17.9078
331 340 17.9078
200 255 98.6858
255 200 98.6858
337 205 15.0337
205 337 15.0337
167 4 63.0938
4 167 63.0938
372 41 57.5943
41 372 57.5943
66 120 32.5844
120 66 32.5844
311 399 44.0964
399 311 44.0964
117 93 53.1462
93 117 53.1462
118 432 10.7331
432 118 10.7331
85 347 47.2444
347 85 47.2444
255 329 16.0548
329 255 16.0548
291 271 16.7207
271 291 16.7207
35 10 63.9701
10 35 63.9701
36 200 33.1254
200 36 33.1254
169 83 85.8101
83 169 85.8101
417 426 18.8713
426 417 18.8713
326 352 18.6611
352 326 18.6611
346 133 87.6388
133 346 87.6388
115 16 30.4389
16 115 30.4389
335 302 86.6492
302 335 86.6492
307 96 22.1697
96 307 22.1697
294 329 64.5277
329 294 64.5277
372 179 88.1865
179 372 88.1865
123 322 48.2641
322 123 48.2641
69 79 49.4904
79 69 49.4904
330 339 79.278
339 330 79.278
106 57 73.7933
57 106 73.7933
74 333 93.5535
333 74 93.5535
421 205 60.6972
205 421 60.6972
58 136 54.568
136 58 54.568
242 206 70.9835
206 242 70.9835
210 209 11.9765
209 210 11.9765
99 207 68.8137
207 99 68.8137
317 33 91.5299
33 317 91.5299
124 88 54.2033
88 124 54.2033
421 15 87.3346
15 421 87.3346
227 102 26.2297
102 227 26.2297
364 76 13.521
76 364 13.521
125 372 33.2983
372 125 33.2983
46 100 83.5528
100 46 83.5528
241 363 28.7091
363 241 28.7091
278 257 48.3571
257 278 48.3571
382 136 84.8636
136 382 84.8636
135 92 93.9601
92 135 93.9601
368 44 36.1955
44 368 36.1955
363 47 51.8864
47 363 51.8864
149 138 88.9929
138 149 88.9929
359 173 95.7884
173 359 95.7884
46 43 41.7136
43 46 41.7136
367 74 77.3602
74 367 77.3602
403 114 60.6705
114 403 60.6705
37 209 24.0982
209 37 24.0982
124 51 27.175
51 124 27.175
434 220 14.3495
220 434 14.3495
52 263 13.3484
263 52 13.3484
143 317 55.3796
317 143 55.3796
276 120 42.4456
120 276 42.4456
139 115 88.3725
115 139 88.3725
28 53 12.8871
53 28 12.8871
43 277 23.4315
277 43 23.4315
356 421 23.9926
421 356 23.9926
201 31 86.512
31 201 86.512
334 277 22.9789
277 334 22.9789
215 108 97.9123
108 215 97.9123
88 430 89.9821
430 88 89.9821
59 146 12.2478
146 59 12.2478
235 74 25.8444
74 235 25.8444
346 32 71.7885
32 346 71.7885
2 242 17.4648
242 2 17.4648
353 161 49.7375
161 353 49.7375
109 243 45.0085
243 109 45.0085
361 431 13.7189
431 361 13.7189
382 263 13.1244
263 382 13.1244
89 394 73.0165
394 89 73.0165
189 259 26.5951
259 189 26.5951
248 215 98.2773
215 248 98.2773
412 81 56.139
81 412 56.139
142 112 17.0758
112 142 17.0758
151 168 54.8676
168 151 54.8676
403 155 34.3821
155 403 34.3821
283 62 98.5865
62 283 98.5865
297 188 68.0286
188 297 68.0286
166 96 24.0606
96 166 24.0606
388 365 61.4673
365 388 61.4673
409 351 40.6181
351 409 40.6181
193 98 27.1939
98 193 27.1939
128 144 69.4962
144 128 69.4962
141 7 21.491
7 141 21.491
51 392 42.9004
392 51 42.9004
48 131 55.6347
131 48 55.6347
105 266 84.6026
266 105 84.6026
177 113 18.4977
113 177 18.4977
275 97 69.8783
97 275 69.8783
341 148 31.2231
148 341 31.2231
240 326 32.1913
326 240 32.1913
188 39 99.1554
39 188 99.1554
273 361 85.251
361 273 85.251
1 358 89.2847
358 1 89.2847
100 204 91.3862
204 100 91.3862
398 181 10.1307
181 398 10.1307
129 321 74.8182
321 129 74.8182
56 2 50.3267
2 56 50.3267
220 119 14.968
119 220 14.968
311 319 48.3917
319 311 48.3917
397 203 18.4891
203 397 18.4891
44 23 54.5643
23 44 54.5643
112 15 72.2302
15 112 72.2302
137 17 66.9841
17 137 66.9841
119 142 47.8258
142 119 47.8258
118 262 88.3052
262 118 88.3052
146 395 81.4021
395 146 81.4021
351 53 29.2558
53 351 29.2558
219 154 22.0868
154 219 22.0868
114 364 98.9411
364 114 98.9411
417 129 30.5425
129 417 30.5425
307 422 84.2503
422 307 84.2503
335 309 12.6102
309 335 12.6102
411 62 44.1853
62 411 44.1853
434 138 97.7001
138 434 97.7001
315 171 98.3745
171 315 98.3745
379 201 94.8946
201 379 94.8946
312 150 48.5608
150 312 48.5608
9 256 52.5032
256 9 52.5032
129 29 86.806
29 129 86.806
111 356 10.1378
356 111 10.1378
256 296 67.9628
296 256 67.9628
389 67 74.0403
67 389 74.0403
283 356 30.8577
356 283 30.8577
132 174 19.3544
174 132 19.3544
385 369 10.8774
369 385 10.8774
121 188 37.8959
188 121 37.8959
171 358 34.781
358 171 34.781
140 69 99.0921
69 140 99.0921
295 37 87.1518
37 295 87.1518
169 330 81.7855
330 169 81.7855
336 66 41.3476
66 336 41.3476
171 90 29.0382
90 171 29.0382
96 316 54.2597
316 96 54.2597
13 175 55.7884
175 13 55.7884
219 15 89.7169
15 219 89.7169
145 383 64.2815
383 145 64.2815
115 146 12.9537
146 115 12.9537
204 224 26.5606
224 204 26.5606
386 4 46.9936
4 386 46.9936
128 270 54.4785
270 128 54.4785
322 289 18.8786
289 322 18.8786
203 119 50.8454
119 203 50.8454
59 393 50.769
393 59 50.769
183 190 29.6258
190 183 29.6258
307 197 90.3794
197 307 90.3794
396 104 75.2694
104 396 75.2694
87 213 17.4668
213 87 17.4668
312 110 69.5721
110 312 69.5721
43 92 35.7633
92 43 35.7633
121 407 50.0778
407 121 50.0778
305 185 97.4911
185 305 97.4911
53 76 63.227
76 53 63.227
376 193 53.2789
193 376 53.2789
122 278 28.6678
278 122 28.6678
44 76 35.6087
76 44 35.6087
226 82 93.697
82 226 93.697
161 68 97.4835
68 161 97.4835
366 322 90.1066
322 366 90.1066
119 394 37.9535
394 119 37.9535
346 45 63.4105
45 346 63.4105
51 146 87.2687
146 51 87.2687
110 240 60.1038
240 110 60.1038
195 355 66.1824
355 195 66.1824
93 332 51.0556
332 93 51.0556
285 205 97.4912
205 285 97.4912
256 32 18.6064
32 256 18.6064
294 117 66.7569
117 294 66.7569
248 319 35.7484
319 248 35.7484
96 295 73.5151
295 96 73.5151
201 166 65.9231
166 201 65.9231
163 108 76.2433
108 163 76.2433
402 221 52.8952
221 402 52.8952
240 71 13.8223
71 240 13.8223
147 11 97.8448
11 147 97.8448
221 178 79.746
178 221 79.746
349 373 35.7951
373 349 35.7951
183 340 21.9069
340 183 21.9069
78 123 49.6873
123 78 49.6873
319 92 81.3608
92 319 81.3608
251 199 48.9921
199 251 48.9921
323 131 95.9926
131 323 95.9926
155 246 16.3721
246 155 16.3721
67 165 94.9308
165 67 94.9308
302 380 58.94
380 302 58.94
211 148 75.544
148 211 75.544
3 135 55.4778
135 3 55.4778
82 54 37.3275
54 82 37.3275
194 37 33.681
37 194 33.681
204 196 96.6788
196 204 96.6788
29 294 28.9619
294 29 28.9619
321 366 63.2779
366 321 63.2779
130 299 25.3322
299 130 25.3322
416 176 36.993
176 416 36.993
32 319 45.1486
319 32 45.1486
271 372 91.512
372 271 91.512
144 269 62.35
269 144 62.35
196 316 92.7402
316 196 92.7402
414 12 86.3333
12 414 86.3333
319 297 70.9004
297 319 70.9004
245 262 14.9462
262 245 14.9462
231 257 70.9818
257 231 70.9818
324 417 67.8481
417 324 67.8481
237 23 45.0507
23 237 45.0507
429 338 90.943
338 429 90.943
378 45 43.6347
45 378 43.6347
397 230 53.8691
230 397 53.8691
146 237 34.0056
237 146 34.0056
247 137 44.6794
137 247 44.6794
124 123 99.7011
123 124 99.7011
337 57 39.3225
57 337 39.3225
37 218 80.4734
218 37 80.4734
191 111 92.1016
111 191 92.1016
362 166 32.5026
166 362 32.5026
305 372 65.6157
372 305 65.6157
215 218 23.0203
218 215 23.0203
241 314 39.2094
314 241 39.2094
365 22 96.303
22 365 96.303
132 113 92.1825
113 132 92.1825
358 204 92.7142
204 358 92.7142
276 90 81.2011
90 276 81.2011
204 229 20.5525
229 204 20.5525
180 378 97.0076
378 180 97.0076
361 221 41.7281
221 361 41.7281
68 303 80.1075
303 68 80.1075
372 315 97.3132
315 372 97.3132
323 359 49.5191
359 323 49.5191
175 173 67.3185
173 175 67.3185
404 417 23.7156
417 404 23.7156
79 305 18.5362
305 79 18.5362
315 384 84.0494
384 315 84.0494
49 80 64.7362
80 49 64.7362
231 314 19.1815
314 231 19.1815
138 281 48.4218
281 138 48.4218
16 414 65.3162
414 16 65.3162
415 374 44.047
374 415 44.047
215 340 28.5015
340 215 28.5015
157 232 13.097
232 157 13.097
9 312 85.9564
312 9 85.9564
400 92 73.1027
92 400 73.1027
383 231 38.2805
231 383 38.2805
174 47 51.4023
47 174 51.4023
177 64 90.9813
64 177 90.9813
337 317 43.6074
317 337 43.6074
313 408 57.4421
408 313 57.4421
69 14 66.543
14 69 66.543
325 186 28.076
186 325 28.076
16 222 46.2661
222 16 46.2661
49 53 58.2656
53 49 58.2656
250 134 50.4832
134 250 50.4832
55 13 29.6356
13 55 29.6356
191 322 94.3994
322 191 94.3994
280 14 48.4528
14 280 48.4528
393 217 64.7176
217 393 64.7176
21 291 12.8991
291 21 12.8991
232 380 94.8973
380 232 94.8973
408 170 36.7555
170 408 36.7555
334 212 87.7014
212 334 87.7014
225 385 45.2881
385 225 45.2881
409 260 61.2759
260 409 61.2759
359 241 52.8192
241 359 52.8192
319 22 45.062
22 319 45.062
75 227 67.8587
227 75 67.8587
321 158 31.062
158 321 31.062
412 230 75.6768
230 412 75.6768
280 145 20.5249
145 280 20.5249
216 36 81.2629
36 216 81.2629
220 228 46.4765
228 220 46.4765
341 169 51.5841
169 341 51.5841
170 191 49.2031
191 170 49.2031
330 8 47.1318
8 330 47.1318
222 371 93.4683
371 222 93.4683
186 196 18.2892
196 186 18.2892
67 76 88.6283
76 67 88.6283
314 402 50.8926
402 314 50.8926
370 333 27.5138
333 370 27.5138
387 230 74.7723
230 387 74.7723
309 46 76.9644
46 309 76.9644
9 219 58.2211
219 9 58.2211
384 49 91.4402
49 384 91.4402
225 33 15.2961
33 225 15.2961
153 263 48.1395
263 153 48.1395
338 287 73.2827
287 338 73.2827
109 135 98.653
135 109 98.653
188 314 17.2484
314 188 17.2484
410 210 91.6214
210 410 91.6214
317 372 93.6905
372 317 93.6905
13 236 45.4627
236 13 45.4627
283 236 55.4055
236 283 55.4055
3 113 63.4905
113 3 63.4905
159 78 89.5169
78 159 89.5169
14 365 85.983
365 14 85.983
355 89 14.8603
89 355 14.8603
115 143 20.7254
143 115 20.7254
284 110 86.2092
110 284 86.2092
75 164 25.1848
164 75 25.1848
156 346 61.4463
346 156 61.4463
408 389 68.0727
389 408 68.0727
254 51 69.147
51 254 69.147
231 181 78.1594
181 231 78.1594
100 171 92.3731
171 100 92.3731
95 192 70.0129
192 95 70.0129
319 50 67.4627
50 319 67.4627
124 364 16.8035
364 124 16.8035
152 303 70.3224
303 152 70.3224
266 334 66.2783
334 266 66.2783
144 189 45.3238
189 144 45.3238
210 115 68.9426
115 210 68.9426
117 114 19.8758
114 117 19.8758
223 28 65.1238
28 223 65.1238
98 189 42.3965
189 98 42.3965
222 365 57.452
365 222 57.452
173 47 88.2501
47 173 88.2501
196 421 24.5677
421 196 24.5677
244 303 95.3986
303 244 95.3986
158 72 87.0843
72 158 87.0843
123 261 17.466
261 123 17.466
149 37 54.5047
37 149 54.5047
387 344 61.9559
344 387 61.9559
353 198 82.2749
198 353 82.2749
112 79 30.5029
79 112 30.5029
396 146 52.5554
146 396 52.5554
245 77 31.0298
77 245 31.0298
293 410 64.6082
410 293 64.6082
18 238 27.7347
238 18 27.7347
90 389 58.3066
389 90 58.3066
93 24 77.8107
24 93 77.8107
35 154 11.2582
154 35 11.2582
235 34 48.1687
34 235 48.1687
192 82 62.6959
82 192 62.6959
73 53 44.4831
53 73 44.4831
428 292 78.0979
292 428 78.0979
288 252 53.4088
252 288 53.4088
400 102 35.6358
102 400 35.6358
414 135 33.7648
135 414 33.7648
193 107 59.8882
107 193 59.8882
345 190 14.5449
190 345 14.5449
175 63 99.9281
63 175 99.9281
185 151 93.9942
151 185 93.9942
361 75 99.1046
75 361 99.1046
162 63 56.645
63 162 56.645
102 388 27.386
388 102 27.386
237 378 59.6691
378 237 59.6691
182 84 38.0431
84 182 38.0431
414 355 99.6939
355 414 99.6939
197 426 16.2367
426 197 16.2367
347 266 95.1576
266 347 95.1576
212 406 51.8068
406 212 51.8068
384 357 36.4201
357 384 36.4201
318 340 47.8034
340 318 47.8034
323 83 60.6366
83 323 60.6366
231 196 73.6304
196 231 73.6304
143 282 67.4721
282 143 67.4721
407 243 48.1185
243 407 48.1185
97 251 53.5305
251 97 53.5305
56 388 50.3391
388 56 50.3391
199 422 12.7819
422 199 12.7819
248 53 34.8852
53 248 34.8852
392 67 94.3215
67 392 94.3215
286 48 84.0616
48 286 84.0616
329 290 32.6178
290 329 32.6178
249 219 59.3629
219 249 59.3629
166 312 63.7563
312 166 63.7563
236 80 55.8769
80 236 55.8769
430 290 47.3764
290 430 47.3764
44 265 51.415
265 44 51.415
391 171 44.1587
171 391 44.1587
422 74 11.8315
74 422 11.8315
416 410 71.4029
410 416 71.4029
196 414 66.8966
414 196 66.8966
132 0 66.0862
0 132 66.0862
398 407 57.2915
407 398 57.2915
80 224 27.2553
224 80 27.2553
131 54 46.3714
54 131 46.3714
181 362 84.3345
362 181 84.3345
286 240 17.7487
240 286 17.7487
361 286 45.8796
286 361 45.8796
136 432 34.6131
432 136 34.6131
394 126 81.2653
126 394 81.2653
127 293 87.3513
293 127 87.3513
16 407 26.7755
407 16 26.7755
14 263 83.2386
263 14 83.2386
149 285 50.0613
285 149 50.0613
399 352 26.997
352 399 26.997
165 55 50.7334
55 165 50.7334
400 267 41.7058
267 400 41.7058
392 406 93.0528
406 392 93.0528
72 225 36.35
225 72 36.35
368 278 30.7622
278 368 30.7622
134 192 30.5669
192 134 30.5669
342 253 18.5056
253 342 18.5056
273 402 45.3
402 273 45.3
59 172 21.0627
172 59 21.0627
129 75 94.024
75 129 94.024
0 392 88.6903
392 0 88.6903
232 59 57.5279
59 232 57.5279
89 194 38.6503
194 89 38.6503
94 9 88.4151
9 94 88.4151
143 349 94.0123
349 143 94.0123
144 297 21.2572
297 144 21.2572
83 423 79.4102
423 83 79.4102
5 413 17.4368
413 5 17.4368
11 124 32.7988
124 11 32.7988
266 102 61.9469
102 266 61.9469
375 324 92.8393
324 375 92.8393
286 239 87.8913
239 286 87.8913
354 246 73.5136
246 354 73.5136
198 293 26.5696
293 198 26.5696
59 405 84.3604
405 59 84.3604
395 1 81.0021
1 395 81.0021
36 86 30.1304
86 36 30.1304
382 224 94.0258
224 382 94.0258
221 92 50.7621
92 221 50.7621
237 12 68.648
12 237 68.648
22 368 89.2867
368 22 89.2867
92 18 52.4942
18 92 52.4942
317 341 42.917
341 317 42.917
160 252 26.884
252 160 26.884
371 119 58.9895
119 371 58.9895
93 265 33.3063
265 93 33.3063
164 326 19.017
326 164 19.017
136 399 67.386
399 136 67.386
119 137 36.1424
137 119 36.1424
114 276 83.8431
276 114 83.8431
339 412 42.4019
412 339 42.4019
83 270 37.57
270 83 37.57
312 431 54.8179
431 312 54.8179
433 35 61.2808
35 433 61.2808
363 158 19.3088
158 363 19.3088
417 95 33.7046
95 417 33.7046
396 245 82.3166
245 396 82.3166
129 435 26.4898
435 129 26.4898
419 140 80.2344
140 419 80.2344
23 391 33.7177
391 23 33.7177
91 2 35.6918
2 91 35.6918
44 123 68.0659
123 44 68.0659
151 346 39.1417
346 151 39.1417
334 206 12.0214
206 334 12.0214
360 206 61.9728
206 360 61.9728
136 325 85.1095
325 136 85.1095
262 260 57.6147
260 262 57.6147
156 264 29.6771
264 156 29.6771
16 97 33.7041
97 16 33.7041
433 91 80.3533
91 433 80.3533
6 197 47.0428
197 6 47.0428
418 128 66.4578
128 418 66.4578
396 8 79.2797
8 396 79.2797
350 423 42.2753
423 350 42.2753
275 269 84.5404
269 275 84.5404
384 157 51.3247
157 384 51.3247
364 56 15.935
56 364 15.935
293 316 63.737
316 293 63.737
19 189 26.8743
189 19 26.8743
133 140 13.2262
140 133 13.2262
142 78 36.0214
78 142 36.0214
329 360 57.7206
360 329 57.7206
209 175 48.3331
175 209 48.3331
94 143 78.4594
143 94 78.4594
56 148 66.9041
148 56 66.9041
88 282 35.6561
282 88 35.6561
143 202 90.7481
202 143 90.7481
355 381 71.8423
381 355 71.8423
385 15 82.2991
15 385 82.2991
19 276 85.5415
276 19 85.5415
375 330 86.7194
330 375 86.7194
140 202 97.2959
202 140 97.2959
70 93 32.0759
93 70 32.0759
171 214 31.0949
214 171 31.0949
375 16 89.7246
16 375 89.7246
338 47 31.4442
47 338 31.4442
92 197 94.4014
197 92 94.4014
345 76 75.4692
76 345 75.4692
410 215 50.7323
215 410 50.7323
418 236 99.2038
236 418 99.2038
92 435 60.8893
435 92 60.8893
353 151 95.4655
151 353 95.4655
39 204 47.0922
204 39 47.0922
309 393 75.3465
393 309 75.3465
225 227 43.5485
227 225 43.5485
117 364 57.8358
364 117 57.8358
144 217 98.2978
217 144 98.2978
430 146 49.6517
146 430 49.6517
407 33 15.0081
33 407 15.0081
155 111 42.0877
111 155 42.0877
97 219 99.124
219 97 99.124
420 131 50.2838
131 420 50.2838
100 52 36.7982
52 100 36.7982
293 277 51.2699
277 293 51.2699
170 388 50.0643
388 170 50.0643
0 219 62.9292
219 0 62.9292
226 333 42.5393
333 226 42.5393
2 334 21.661
334 2 21.661
7 128 53.8543
128 7 53.8543
63 231 69.9849
231 63 69.9849
4 201 10.466
201 4 10.466
95 21 89.3323
21 95 89.3323
92 396 34.6337
396 92 34.6337
344 162 42.5696
162 344 42.5696
161 388 62.065
388 161 62.065
257 253 64.0228
253 257 64.0228
37 316 32.7032
316 37 32.7032
176 124 90.2909
124 176 90.2909
417 69 42.5173
69 417 42.5173
12 35 92.7352
35 12 92.7352
102 130 96.3669
130 102 96.3669
216 144 74.5285
144 216 74.5285
21 303 36.7471
303 21 36.7471
395 230 42.4817
230 395 42.4817
54 220 56.1653
220 54 56.1653
418 189 70.8635
189 418 70.8635
286 320 91.9945
320 286 91.9945
103 116 94.9951
116 103 94.9951
46 36 54.9365
36 46 54.9365
416 426 93.6129
426 416 93.6129
339 375 12.7529
375 339 12.7529
190 65 97.5838
65 190 97.5838
232 179 51.6869
179 232 51.6869
275 369 54.7601
369 275 54.7601
399 220 18.6238
220 399 18.6238
343 197 82.3776
197 343 82.3776
287 143 32.6764
143 287 32.6764
430 275 25.941
275 430 25.941
32 321 84.0129
321 32 84.0129
138 57 70.7135
57 138 70.7135
376 428 27.5467
428 376 27.5467
125 290 20.7379
290 125 20.7379
81 367 18.1514
367 81 18.1514
172 210 18.1826
210 172 18.1826
385 33 12.6877
33 385 12.6877
143 54 64.8551
54 143 64.8551
320 254 89.5506
254 320 89.5506
63 235 12.3378
235 63 12.3378
183 223 56.3741
223 183 56.3741
20 273 20.4852
273 20 20.4852
417 372 96.6081
372 417 96.6081
319 184 64.0017
184 319 64.0017
217 177 90.7252
177 217 90.7252
287 158 91.2144
158 287 91.2144
307 205 13.149
205 307 13.149
233 137 15.0014
137 233 15.0014
424 311 63.5973
311 424 63.5973
305 312 38.1234
312 305 38.1234
63 360 36.7681
360 63 36.7681
419 415 32.5803
415 419 32.5803
17 402 93.0154
402 17 93.0154
86 414 36.512
414 86 36.512
357 350 60.8296
350 357 60.8296
276 168 32.5069
168 276 32.5069
420 236 74.3116
236 420 74.3116
104 58 22.1533
58 104 22.1533
8 428 73.9131
428 8 73.9131
42 430 92.2034
430 42 92.2034
0 18 91.975
18 0 91.975
178 251 12.0495
251 178 12.0495
265 340 43.3999
340 265 43.3999
248 5 80.4579
5 248 80.4579
57 335 52.2124
335 57 52.2124
430 14 65.11
14 430 65.11
162 256 79.667
256 162 79.667
245 96 10.848
96 245 10.848
409 425 99.121
425 409 99.121
426 239 60.1644
239 426 60.1644
165 421 51.542
421 165 51.542
328 90 17.423
90 328 17.423
307 253 87.5163
253 307 87.5163
321 239 90.2254
239 321 90.2254
224 354 90.9382
354 224 90.9382
41 201 81.7073
201 41 81.7073
115 333 24.131
333 115 24.131
1 140 21.6238
140 1 21.6238
338 320 88.196
320 338 88.196
328 181 96.4115
181 328 96.4115
415 1 25.8275
1 415 25.8275
3 425 59.0543
425 3 59.0543
77 141 80.2545
141 77 80.2545
319 316 38.0368
316 319 38.0368
339 140 91.5206
140 339 91.5206
215 122 21.2818
122 215 21.2818
197 243 95.0247
243 197 95.0247
304 371 88.0813
371 304 88.0813
64 248 91.0192
248 64 91.0192
137 395 51.6846
395 137 51.6846
199 302 14.7339
302 199 14.7339
70 6 80.0501
6 70 80.0501
420 360 82.2683
360 420 82.2683
193 27 61.7572
27 193 61.7572
169 406 41.3136
406 169 41.3136
109 315 53.5107
315 109 53.5107
34 217 87.7664
217 34 87.7664
110 358 29.9362
358 110 29.9362
96 435 34.6637
435 96 34.6637
108 250 86.733
250 108 86.733
409 13 35.1662
13 409 35.1662
411 407 44.8867
407 411 44.8867
185 126 95.7221
126 185 95.7221
99 16 93.2518
16 99 93.2518
399 211 14.436
211 399 14.436
402 44 69.4377
44 402 69.4377
246 53 14.558
53 246 14.558
16 425 90.5087
425 16 90.5087
180 402 19.9347
402 180 19.9347
139 112 78.1482
112 139 78.1482
152 278 66.9296
278 152 66.9296
84 128 59.4034
128 84 59.4034
125 218 51.4027
218 125 51.4027
30 343 48.8756
343 30 48.8756
4 290 95.5928
290 4 95.5928
346 72 80.955
72 346 80.955
266 204 55.3801
204 266 55.3801
321 414 81.9053
414 321 81.9053
410 282 34.5916
282 410 34.5916
179 88 87.9957
88 179 87.9957
335 58 78.2302
58 335 78.2302
233 159 82.623
159 233 82.623
349 245 18.9388
245 349 18.9388
35 278 99.6415
278 35 99.6415
202 235 76.8267
235 202 76.8267
179 190 58.7932
190 179 58.7932
211 243 58.1351
243 211 58.1351
124 290 31.5143
290 124 31.5143
377 289 32.4551
289 377 32.4551
41 82 90.8805
82 41 90.8805
66 225 65.3791
225 66 65.3791
226 317 91.4669
317 226 91.4669
417 75 63.116
75 417 63.116
222 291 11.5625
291 222 11.5625
116 70 78.4893
70 116 78.4893
262 237 41.3257
237 262 41.3257
126 221 16.7183
221 126 16.7183
360 166 80.8537
166 360 80.8537
242 395 64.6556
395 242 64.6556
175 281 48.0334
281 175 48.0334
58 319 78.3228
319 58 78.3228
24 176 66.6616
176 24 66.6616
336 420 70.8322
420 336 70.8322
171 190 44.6064
190 171 44.6064
37 104 65.9754
104 37 65.9754
22 301 18.7315
301 22 18.7315
82 306 91.2921
306 82 91.2921
431 397 37.5455
397 431 37.5455
111 263 66.5879
263 111 66.5879
253 158 25.3652
158 253 25.3652
380 216 63.984
216 380 63.984
409 419 87.8551
419 409 87.8551
154 96 85.3722
96 154 85.3722
205 310 94.6702
310 205 94.6702
276 24 48.1891
24 276 48.1891
332 191 55.0252
191 332 55.0252
421 393 53.3563
393 421 53.3563
126 166 94.0756
166 126 94.0756
64 260 89.3772
260 64 89.3772
416 36 46.0468
36 416 46.0468
349 201 28.6345
201 349 28.6345
409 177 15.1184
177 409 15.1184
155 160 46.4625
160 155 46.4625
77 179 81.5595
179 77 81.5595
20 83 80.9109
83 20 80.9109
232 398 31.7333
398 232 31.7333
303 410 64.4595
410 303 64.4595
419 66 27.3483
66 419 27.3483
334 280 22.2708
280 334 22.2708
410 153 25.9025
153 410 25.9025
160 284 37.1785
284 160 37.1785
102 6 65.2195
6 102 65.2195
281 200 29.9794
200 281 29.9794
103 269 43.7016
269 103 43.7016
108 270 94.6227
270 108 94.6227
56 357 93.873
357 56 93.873
275 342 63.0085
342 275 63.0085
401 406 32.039
406 401 32.039
228 98 72.6976
98 228 72.6976
206 330 19.6837
330 206 19.6837
39 90 86.8694
90 39 86.8694
411 13 23.6323
13 411 23.6323
147 225 97.8918
225 147 97.8918
413 418 36.9719
418 413 36.9719
197 253 58.5566
253 197 58.5566
418 113 17.254
113 418 17.254
235 257 12.5389
257 235 12.5389
84 12 39.9254
12 84 39.9254
181 27 18.2981
27 181 18.2981
341 135 73.4138
135 341 73.4138
305 429 55.4929
429 305 55.4929
216 26 43.5094
26 216 43.5094
88 421 40.8855
421 88 40.8855
85 410 20.1755
410 85 20.1755
170 407 70.0509
407 170 70.0509
151 300 64.6193
300 151 64.6193
153 363 49.9225
363 153 49.9225
46 139 31.9203
139 46 31.9203
245 103 25.2557
103 245 25.2557
324 237 47.4848
237 324 47.4848
351 373 97.4786
373 351 97.4786
364 75 33.8193
75 364 33.8193
292 175 74.7222
175 292 74.7222
427 212 32.1873
212 427 32.1873
341 254 32.9974
254 341 32.9974
264 420 87.4581
420 264 87.4581
200 242 96.4463
242 200 96.4463
27 64 70.8942
64 27 70.8942
106 295 29.9557
295 106 29.9557
171 417 23.6168
417 171 23.6168
303 230 98.7356
230 303 98.7356
99 205 59.0966
205 99 59.0966
