281 5268 77 10
1 0 32.0185
0 1 32.0185
2 1 53.0538
1 2 53.0538
3 1 28.0021
1 3 28.0021
4 3 53.6317
3 4 53.6317
5 2 12.6752
2 5 12.6752
6 1 44.2567
1 6 44.2567
7 0 73.5986
0 7 73.5986
8 0 20.1107
0 8 20.1107
9 2 17.773
2 9 17.773
10 7 49.9219
7 10 49.9219
11 10 41.2867
10 11 41.2867
12 8 48.2081
8 12 48.2081
13 11 22.7907
11 13 22.7907
14 13 19.7281
13 14 19.7281
15 13 92.5855
13 15 92.5855
16 9 47.1016
9 16 47.1016
17 4 78.8743
4 17 78.8743
18 1 27.0146
1 18 27.0146
19 7 18.4156
7 19 18.4156
20 11 97.0053
11 20 97.0053
21 4 96.2474
4 21 96.2474
22 3 33.1861
3 22 33.1861
23 1 55.9317
1 23 55.9317
24 20 24.3778
20 24 24.3778
25 5 84.319
5 25 84.319
26 9 97.3367
9 26 97.3367
27 6 17.2078
6 27 17.2078
28 21 85.7314
21 28 85.7314
29 11 66.7673
11 29 66.7673
30 1 20.1355
1 30 20.1355
31 5 99.444
5 31 99.444
32 28 89.3143
28 32 89.3143
33 7 94.1543
7 33 94.1543
34 27 83.0218
27 34 83.0218
35 3 16.4968
3 35 16.4968
36 24 30.9137
24 36 30.9137
37 15 48.0842
15 37 48.0842
38 34 84.4982
34 38 84.4982
39 3 30.528
3 39 30.528
40 29 62.1801
29 40 62.1801
41 33 42.9564
33 41 42.9564
42 9 73.393
9 42 73.393
43 9 60.6901
9 43 60.6901
44 43 49.1527
43 44 49.1527
45 44 32.8033
44 45 32.8033
46 26 63.0886
26 46 63.0886
47 28 82.4356
28 47 82.4356
48 1 62.6185
1 48 62.6185
49 27 35.8604
27 49 35.8604
50 34 68.7159
34 50 68.7159
51 43 11.9493
43 51 11.9493
52 21 95.6228
21 52 95.6228
53 29 79.3516
29 53 79.3516
54 27 60.9509
27 54 60.9509
55 24 40.0958
24 55 40.0958
56 18 81.2122
18 56 81.2122
57 4 95.3726
4 57 95.3726
58 49 69.9651
49 58 69.9651
59 14 21.4922
14 59 21.4922
60 32 13.3238
32 60 13.3238
61 8 51.6294
8 61 51.6294
62 14 93.303
14 62 93.303
63 9 80.1626
9 63 80.1626
64 4 45.4883
4 64 45.4883
65 40 10.9356
40 65 10.9356
66 43 85.7815
43 66 85.7815
67 6 51.7782
6 67 51.7782
68 26 43.0888
26 68 43.0888
69 57 85.344
57 69 85.344
70 65 49.4097
65 70 49.4097
71 46 54.5679
46 71 54.5679
72 63 36.6375
63 72 36.6375
73 50 88.8179
50 73 88.8179
74 46 95.9067
46 74 95.9067
75 71 15.1488
71 75 15.1488
76 49 34.8382
49 76 34.8382
77 23 24.2562
23 77 24.2562
78 69 59.0722
69 78 59.0722
79 48 81.5664
48 79 81.5664
80 26 52.9394
26 80 52.9394
81 77 62.524
77 81 62.524
82 35 18.1623
35 82 18.1623
83 81 71.2903
81 83 71.2903
84 28 85.0204
28 84 85.0204
85 76 40.5078
76 85 40.5078
86 70 43.2039
70 86 43.2039
87 66 96.4658
66 87 96.4658
88 83 43.8716
83 88 43.8716
89 58 50.7085
58 89 50.7085
90 40 64.7338
40 90 64.7338
91 23 57.0125
23 91 57.0125
92 70 33.1494
70 92 33.1494
93 92 71.0734
92 93 71.0734
94 55 23.9974
55 94 23.9974
95 2 43.1004
2 95 43.1004
96 16 44.4611
16 96 44.4611
97 20 51.7288
20 97 51.7288
98 18 60.6578
18 98 60.6578
99 28 71.143
28 99 71.143
100 23 63.1807
23 100 63.1807
101 7 51.18
7 101 51.18
102 6 47.2796
6 102 47.2796
103 99 15.4979
99 103 15.4979
104 88 91.8134
88 104 91.8134
105 92 26.4017
92 105 26.4017
106 96 64.8878
96 106 64.8878
107 97 57.3563
97 107 57.3563
108 56 59.6669
56 108 59.6669
109 58 54.4348
58 109 54.4348
110 19 37.9412
19 110 37.9412
111 88 28.8009
88 111 28.8009
112 49 83.6466
49 112 83.6466
113 33 52.3316
33 113 52.3316
114 91 74.3008
91 114 74.3008
115 101 99.5996
101 115 99.5996
116 114 29.4607
114 116 29.4607
117 56 64.2631
56 117 64.2631
118 102 26.4681
102 118 26.4681
119 78 66.1019
78 119 66.1019
120 24 82.3633
24 120 82.3633
121 12 99.7944
12 121 99.7944
122 13 72.6462
13 122 72.6462
123 19 38.4003
19 123 38.4003
124 9 37.8128
9 124 37.8128
125 56 45.9546
56 125 45.9546
126 48 24.6275
48 126 24.6275
127 24 52.0629
24 127 52.0629
128 63 95.8199
63 128 95.8199
129 10 95.9961
10 129 95.9961
130 75 42.3098
75 130 42.3098
131 110 39.5296
110 131 39.5296
132 2 79.9517
2 132 79.9517
133 43 91.6845
43 133 91.6845
134 106 60.6847
106 134 60.6847
135 12 56.6179
12 135 56.6179
136 71 16.1743
71 136 16.1743
137 104 42.9149
104 137 42.9149
138 76 25.0397
76 138 25.0397
139 122 17.8928
122 139 17.8928
140 17 55.2877
17 140 55.2877
141 96 53.7904
96 141 53.7904
142 89 53.8039
89 142 53.8039
143 37 14.6718
37 143 14.6718
144 97 34.8041
97 144 34.8041
145 103 80.1493
103 145 80.1493
146 130 45.922
130 146 45.922
147 31 33.8759
31 147 33.8759
148 19 78.6885
19 148 78.6885
149 68 21.6913
68 149 21.6913
150 44 28.4535
44 150 28.4535
151 53 55.7257
53 151 55.7257
152 69 23.6839
69 152 23.6839
153 79 90.0427
79 153 90.0427
154 108 76.3171
108 154 76.3171
155 114 64.2925
114 155 64.2925
156 20 34.4409
20 156 34.4409
157 154 38.4121
154 157 38.4121
158 106 10.3456
106 158 10.3456
159 27 24.0578
27 159 24.0578
160 33 37.1658
33 160 37.1658
161 115 80.0057
115 161 80.0057
162 115 60.7895
115 162 60.7895
163 42 28.2193
42 163 28.2193
164 144 44.5643
144 164 44.5643
165 143 27.9109
143 165 27.9109
166 5 37.3196
5 166 37.3196
167 109 37.2796
109 167 37.2796
168 55 95.7407
55 168 95.7407
169 71 17.2435
71 169 17.2435
170 93 15.8527
93 170 15.8527
171 69 54.7506
69 171 54.7506
172 15 82.9307
15 172 82.9307
173 130 89.6146
130 173 89.6146
174 162 71.026
162 174 71.026
175 35 12.7356
35 175 12.7356
176 172 13.9357
172 176 13.9357
177 22 83.9154
22 177 83.9154
178 2 91.548
2 178 91.548
179 10 52.5052
10 179 52.5052
180 97 29.1424
97 180 29.1424
181 157 36.396
157 181 36.396
182 156 75.6834
156 182 75.6834
183 166 39.7072
166 183 39.7072
184 30 47.7206
30 184 47.7206
185 27 96.0428
27 185 96.0428
186 66 18.4559
66 186 18.4559
187 69 75.2757
69 187 75.2757
188 58 56.7013
58 188 56.7013
189 54 32.8346
54 189 32.8346
190 164 57.9555
164 190 57.9555
191 170 23.174
170 191 23.174
192 160 30.3091
160 192 30.3091
193 187 43.3303
187 193 43.3303
194 5 87.0919
5 194 87.0919
195 98 17.0464
98 195 17.0464
196 3 85.2542
3 196 85.2542
197 184 90.2184
184 197 90.2184
198 79 50.0176
79 198 50.0176
199 163 12.7593
163 199 12.7593
200 129 94.4662
129 200 94.4662
201 34 97.8031
34 201 97.8031
202 184 26.4381
184 202 26.4381
203 77 94.3451
77 203 94.3451
204 58 57.6035
58 204 57.6035
205 154 73.5428
154 205 73.5428
206 172 42.8244
172 206 42.8244
207 77 74.8195
77 207 74.8195
208 89 46.201
89 208 46.201
209 125 41.4525
125 209 41.4525
210 13 11.7652
13 210 11.7652
211 188 80.9925
188 211 80.9925
212 159 43.9703
159 212 43.9703
213 192 22.2807
192 213 22.2807
214 210 97.4908
210 214 97.4908
215 144 66.7923
144 215 66.7923
216 71 36.163
71 216 36.163
217 77 33.1326
77 217 33.1326
218 86 99.8851
86 218 99.8851
219 169 85.1404
169 219 85.1404
220 157 61.0055
157 220 61.0055
221 66 60.1178
66 221 60.1178
222 101 63.175
101 222 63.175
223 115 47.5637
115 223 47.5637
224 114 61.5348
114 224 61.5348
225 69 27.5866
69 225 27.5866
226 164 30.3477
164 226 30.3477
227 149 65.819
149 227 65.819
228 95 59.7958
95 228 59.7958
229 77 28.4341
77 229 28.4341
230 124 91.6845
124 230 91.6845
231 18 76.819
18 231 76.819
232 77 20.8899
77 232 20.8899
233 85 57.8524
85 233 57.8524
234 95 24.0498
95 234 24.0498
235 100 56.3981
100 235 56.3981
236 165 56.6723
165 236 56.6723
237 51 59.3741
51 237 59.3741
238 134 10.2915
134 238 10.2915
239 116 53.3689
116 239 53.3689
240 118 31.3135
118 240 31.3135
241 4 10.3444
4 241 10.3444
242 220 74.3544
220 242 74.3544
243 99 20.8297
99 243 20.8297
244 63 14.0204
63 244 14.0204
245 88 64.3635
88 245 64.3635
246 191 22.265
191 246 22.265
247 167 72.5799
167 247 72.5799
248 176 70.7817
176 248 70.7817
249 67 27.1141
67 249 27.1141
250 213 10.3875
213 250 10.3875
251 24 10.9454
24 251 10.9454
252 78 96.778
78 252 96.778
253 76 70.1386
76 253 70.1386
254 28 26.2476
28 254 26.2476
255 40 27.7437
40 255 27.7437
256 151 30.3353
151 256 30.3353
257 78 39.0702
78 257 39.0702
258 102 61.5666
102 258 61.5666
259 121 15.7119
121 259 15.7119
260 40 88.2669
40 260 88.2669
261 42 19.2969
42 261 19.2969
262 162 56.6981
162 262 56.6981
263 170 34.2533
170 263 34.2533
264 48 72.6001
48 264 72.6001
265 130 30.0652
130 265 30.0652
266 21 48.6651
21 266 48.6651
267 114 65.194
114 267 65.194
268 184 99.2168
184 268 99.2168
269 99 47.5434
99 269 47.5434
270 31 85.4629
31 270 85.4629
271 166 50.771
166 271 50.771
272 153 40.3858
153 272 40.3858
273 81 10.7111
81 273 10.7111
274 175 46.1585
175 274 46.1585
275 68 90.6834
68 275 90.6834
276 12 17.6185
12 276 17.6185
277 255 73.408
255 277 73.408
278 145 45.4104
145 278 45.4104
279 70 38.3295
70 279 38.3295
280 189 70.3026
189 280 70.3026
82 228 84.419
228 82 84.419
212 165 59.1177
165 212 59.1177
7 166 36.827
166 7 36.827
46 141 35.6704
141 46 35.6704
61 92 44.4173
92 61 44.4173
73 243 56.1295
243 73 56.1295
105 238 26.0176
238 105 26.0176
101 0 79.1113
0 101 79.1113
75 112 82.2626
112 75 82.2626
85 9 14.1047
9 85 14.1047
6 57 49.5296
57 6 49.5296
147 229 15.8383
229 147 15.8383
148 160 10.5532
160 148 10.5532
128 166 62.7155
166 128 62.7155
200 234 14.3378
234 200 14.3378
200 101 88.1167
101 200 88.1167
29 19 72.1584
19 29 72.1584
227 24 75.3155
24 227 75.3155
249 225 40.2895
225 249 40.2895
98 1 50.9551
1 98 50.9551
36 66 98.1567
66 36 98.1567
59 115 69.3779
115 59 69.3779
194 167 63.3095
167 194 63.3095
136 267 72.9337
267 136 72.9337
216 116 60.8181
116 216 60.8181
128 173 80.1497
173 128 80.1497
192 180 28.74
180 192 28.74
207 2 63.1789
2 207 63.1789
271 267 73.3911
267 271 73.3911
33 150 66.1783
150 33 66.1783
124 128 87.2404
128 124 87.2404
34 121 80.9303
121 34 80.9303
141 102 68.0254
102 141 68.0254
147 237 11.9002
237 147 11.9002
50 40 78.6645
40 50 78.6645
61 55 63.8777
55 61 63.8777
269 64 82.4776
64 269 82.4776
238 77 65.9543
77 238 65.9543
40 94 42.6803
94 40 42.6803
225 20 82.7904
20 225 82.7904
87 214 27.0143
214 87 27.0143
82 26 52.2688
26 82 52.2688
272 32 71.7736
32 272 71.7736
95 104 20.2333
104 95 20.2333
129 234 53.4661
234 129 53.4661
93 97 12.5857
97 93 12.5857
88 237 51.7663
237 88 51.7663
223 229 27.9623
229 223 27.9623
199 78 66.6905
78 199 66.6905
252 147 64.9297
147 252 64.9297
73 267 72.5122
267 73 72.5122
209 57 81.0507
57 209 81.0507
1 117 34.1765
117 1 34.1765
272 139 18.0418
139 272 18.0418
138 232 56.6981
232 138 56.6981
29 214 83.796
214 29 83.796
172 138 17.0032
138 172 17.0032
3 16 41.8812
16 3 41.8812
45 0 88.0402
0 45 88.0402
278 208 15.6936
208 278 15.6936
259 39 24.7791
39 259 24.7791
193 54 68.0246
54 193 68.0246
237 131 93.2347
131 237 93.2347
155 237 18.7735
237 155 18.7735
194 213 66.499
213 194 66.499
13 204 96.8972
204 13 96.8972
211 27 21.1618
27 211 21.1618
167 174 67.3726
174 167 67.3726
251 120 38.1223
120 251 38.1223
136 223 92.1386
223 136 92.1386
151 190 99.3343
190 151 99.3343
93 194 38.5302
194 93 38.5302
165 246 55.9726
246 165 55.9726
276 140 62.8243
140 276 62.8243
270 45 23.8354
45 270 23.8354
99 200 46.4996
200 99 46.4996
108 36 74.7892
36 108 74.7892
250 148 10.5485
148 250 10.5485
76 51 80.1625
51 76 80.1625
171 151 18.8596
151 171 18.8596
272 240 17.5296
240 272 17.5296
277 200 37.4969
200 277 37.4969
149 123 19.7956
123 149 19.7956
15 161 67.4644
161 15 67.4644
54 105 69.8223
105 54 69.8223
80 264 24.3928
264 80 24.3928
11 216 16.516
216 11 16.516
117 17 35.6233
17 117 35.6233
167 240 83.6164
240 167 83.6164
105 158 29.9651
158 105 29.9651
26 228 54.6515
228 26 54.6515
267 142 99.1693
142 267 99.1693
251 12 48.0774
12 251 48.0774
217 137 84.3797
137 217 84.3797
234 171 46.5331
171 234 46.5331
89 85 10.0388
85 89 10.0388
181 80 62.4313
80 181 62.4313
140 192 59.1282
192 140 59.1282
193 231 37.5522
231 193 37.5522
63 243 45.623
243 63 45.623
266 33 47.4159
33 266 47.4159
254 14 42.9072
14 254 42.9072
164 116 96.7111
116 164 96.7111
251 14 69.2756
14 251 69.2756
117 269 18.7404
269 117 18.7404
206 132 17.0016
132 206 17.0016
154 58 83.9582
58 154 83.9582
83 225 30.6344
225 83 30.6344
166 153 22.2528
153 166 22.2528
66 46 43.5596
46 66 43.5596
175 189 55.8384
189 175 55.8384
89 244 16.6657
244 89 16.6657
76 150 28.1362
150 76 28.1362
45 131 36.062
131 45 36.062
215 32 58.9939
32 215 58.9939
223 5 80.1049
5 223 80.1049
136 171 25.476
171 136 25.476
36 26 67.2577
26 36 67.2577
35 257 84.5589
257 35 84.5589
80 227 26.7502
227 80 26.7502
251 23 56.1397
23 251 56.1397
19 169 17.7727
169 19 17.7727
246 155 76.837
155 246 76.837
190 234 27.8502
234 190 27.8502
76 62 50.4157
62 76 50.4157
106 62 99.6677
62 106 99.6677
22 24 38.9627
24 22 38.9627
137 182 22.9846
182 137 22.9846
209 162 16.2241
162 209 16.2241
243 236 53.1584
236 243 53.1584
2 226 97.6283
226 2 97.6283
108 44 53.4491
44 108 53.4491
185 187 80.4438
187 185 80.4438
57 141 57.496
141 57 57.496
185 202 49.2565
202 185 49.2565
35 103 33.2952
103 35 33.2952
254 66 72.9854
66 254 72.9854
79 246 49.1878
246 79 49.1878
38 105 66.3205
105 38 66.3205
34 259 51.3317
259 34 51.3317
218 252 23.6892
252 218 23.6892
61 250 34.5975
250 61 34.5975
101 218 47.7893
218 101 47.7893
216 240 30.2416
240 216 30.2416
28 50 69.5063
50 28 69.5063
175 5 94.0347
5 175 94.0347
106 231 68.2007
231 106 68.2007
141 49 11.946
49 141 11.946
73 178 60.5743
178 73 60.5743
274 189 67.3983
189 274 67.3983
217 177 24.4398
177 217 24.4398
41 71 56.2356
71 41 56.2356
103 72 92.9021
72 103 92.9021
34 173 90.5041
173 34 90.5041
100 78 40.4754
78 100 40.4754
58 191 37.2921
191 58 37.2921
193 62 85.1151
62 193 85.1151
110 223 45.812
223 110 45.812
13 214 56.9489
214 13 56.9489
198 219 82.7734
219 198 82.7734
111 52 59.8304
52 111 59.8304
91 264 79.3267
264 91 79.3267
10 118 69.4645
118 10 69.4645
101 14 38.8132
14 101 38.8132
10 248 72.7273
248 10 72.7273
54 222 10.3464
222 54 10.3464
198 160 53.8175
160 198 53.8175
74 246 51.7129
246 74 51.7129
193 204 57.3859
204 193 57.3859
102 2 84.7178
2 102 84.7178
122 72 81.5954
72 122 81.5954
97 46 47.1082
46 97 47.1082
107 111 15.0424
111 107 15.0424
76 232 86.7245
232 76 86.7245
61 56 13.6937
56 61 13.6937
157 97 36.7907
97 157 36.7907
212 69 25.541
69 212 25.541
25 3 85.5702
3 25 85.5702
183 0 15.0009
0 183 15.0009
13 6 49.3353
6 13 49.3353
167 80 59.6177
80 167 59.6177
44 222 19.4748
222 44 19.4748
178 77 44.1971
77 178 44.1971
81 278 34.645
278 81 34.645
68 74 56.1054
74 68 56.1054
208 52 92.6298
52 208 92.6298
120 265 33.1481
265 120 33.1481
166 189 98.0326
189 166 98.0326
119 32 77.3446
32 119 77.3446
211 62 76.0856
62 211 76.0856
90 118 40.0018
118 90 40.0018
155 50 28.2073
50 155 28.2073
67 163 66.54
163 67 66.54
56 149 95.1649
149 56 95.1649
269 50 38.2245
50 269 38.2245
278 261 47.4031
261 278 47.4031
276 250 58.4434
250 276 58.4434
77 108 87.1758
108 77 87.1758
157 231 74.4841
231 157 74.4841
22 176 66.0438
176 22 66.0438
261 59 88.7177
59 261 88.7177
70 139 21.7102
139 70 21.7102
71 116 55.6458
116 71 55.6458
240 189 29.9514
189 240 29.9514
108 83 98.3943
83 108 98.3943
192 209 81.8751
209 192 81.8751
279 245 39.3846
245 279 39.3846
184 151 98.1521
151 184 98.1521
23 278 15.5077
278 23 15.5077
56 248 87.8331
248 56 87.8331
131 126 38.0427
126 131 38.0427
2 15 47.2105
15 2 47.2105
29 264 42.3058
264 29 42.3058
162 234 55.0784
234 162 55.0784
234 272 42.9095
272 234 42.9095
125 150 62.8006
150 125 62.8006
156 262 92.4428
262 156 92.4428
243 222 99.4686
222 243 99.4686
163 140 71.6153
140 163 71.6153
224 87 38.3888
87 224 38.3888
131 67 59.3064
67 131 59.3064
117 128 20.2565
128 117 20.2565
69 242 62.6261
242 69 62.6261
266 187 63.7318
187 266 63.7318
239 257 46.0417
257 239 46.0417
216 221 25.5209
221 216 25.5209
95 245 75.1703
245 95 75.1703
17 124 54.4715
124 17 54.4715
92 102 13.9211
102 92 13.9211
110 68 85.1084
68 110 85.1084
13 79 16.8793
79 13 16.8793
239 168 80.1126
168 239 80.1126
269 71 78.6252
71 269 78.6252
231 145 92.6509
145 231 92.6509
9 244 59.7596
244 9 59.7596
172 249 93.1632
249 172 93.1632
39 94 32.501
94 39 32.501
78 29 72.4185
29 78 72.4185
187 225 40.3085
225 187 40.3085
229 49 69.7481
49 229 69.7481
186 86 78.7935
86 186 78.7935
239 162 49.0282
162 239 49.0282
174 157 36.6089
157 174 36.6089
58 12 90.6373
12 58 90.6373
260 234 64.6214
234 260 64.6214
153 54 81.6579
54 153 81.6579
237 46 11.041
46 237 11.041
37 18 29.7974
18 37 29.7974
152 143 50.3498
143 152 50.3498
67 142 72.7365
142 67 72.7365
252 207 80.4468
207 252 80.4468
47 268 60.9214
268 47 60.9214
1 271 94.6642
271 1 94.6642
275 59 98.6402
59 275 98.6402
103 268 95.9431
268 103 95.9431
39 128 32.875
128 39 32.875
81 7 90.4265
7 81 90.4265
103 213 53.1859
213 103 53.1859
35 260 57.3876
260 35 57.3876
59 36 23.8245
36 59 23.8245
62 231 21.6473
231 62 21.6473
230 98 89.5967
98 230 89.5967
188 271 56.0794
271 188 56.0794
134 120 90.646
120 134 90.646
40 91 28.8859
91 40 28.8859
36 37 93.5957
37 36 93.5957
109 134 69.6174
134 109 69.6174
218 219 85.3119
219 218 85.3119
64 156 12.9399
156 64 12.9399
97 142 18.3473
142 97 18.3473
58 103 31.0596
103 58 31.0596
178 103 60.258
103 178 60.258
248 224 32.3676
224 248 32.3676
54 235 56.7166
235 54 56.7166
150 210 26.2927
210 150 26.2927
87 137 71.9922
137 87 71.9922
255 177 61.2008
177 255 61.2008
240 88 35.4968
88 240 35.4968
186 205 89.3214
205 186 89.3214
89 216 87.473
216 89 87.473
49 10 78.5808
10 49 78.5808
86 7 45.4714
7 86 45.4714
233 147 79.2111
147 233 79.2111
140 63 85.2534
63 140 85.2534
138 181 42.4762
181 138 42.4762
31 187 89.0078
187 31 89.0078
147 242 61.7436
242 147 61.7436
209 52 78.177
52 209 78.177
60 14 74.1053
14 60 74.1053
253 247 34.9378
247 253 34.9378
274 108 72.4181
108 274 72.4181
251 274 43.51
274 251 43.51
174 180 72.3385
180 174 72.3385
240 157 84.2458
157 240 84.2458
95 157 64.0421
157 95 64.0421
39 23 73.0981
23 39 73.0981
272 127 74.8695
127 272 74.8695
55 201 57.283
201 55 57.283
80 96 76.0494
96 80 76.0494
173 164 47.3152
164 173 47.3152
139 277 40.5593
277 139 40.5593
62 133 98.3702
133 62 98.3702
74 211 95.6555
211 74 95.6555
166 108 14.3735
108 166 14.3735
150 12 55.3251
12 150 55.3251
266 241 74.202
241 266 74.202
252 30 43.9154
30 252 43.9154
133 162 33.6989
162 133 33.6989
256 86 60.0305
86 256 60.0305
238 220 43.9672
220 238 43.9672
28 120 67.3263
120 28 67.3263
268 122 78.3256
122 268 78.3256
195 119 93.2586
119 195 93.2586
170 53 47.1846
53 170 47.1846
77 4 70.0553
4 77 70.0553
122 233 40.4191
233 122 40.4191
266 62 21.6994
62 266 21.6994
91 65 99.603
65 91 99.603
52 232 88.185
232 52 88.185
23 109 79.9383
109 23 79.9383
85 264 62.4451
264 85 62.4451
36 55 24.7673
55 36 24.7673
180 181 38.4227
181 180 38.4227
41 220 93.4364
220 41 93.4364
144 206 22.4156
206 144 22.4156
115 116 22.9472
116 115 22.9472
104 116 96.346
116 104 96.346
89 180 17.1756
180 89 17.1756
133 196 99.7324
196 133 99.7324
1 254 14.737
254 1 14.737
162 26 86.545
26 162 86.545
272 124 73.5644
124 272 73.5644
192 100 60.9719
100 192 60.9719
60 47 55.9887
47 60 55.9887
117 124 86.4233
124 117 86.4233
227 178 78.0764
178 227 78.0764
179 136 38.2856
136 179 38.2856
231 109 25.6843
109 231 25.6843
106 95 39.7515
95 106 39.7515
251 242 58.8803
242 251 58.8803
172 168 83.6343
168 172 83.6343
116 228 17.8499
228 116 17.8499
39 100 24.0016
100 39 24.0016
99 280 60.3108
280 99 60.3108
124 194 83.0198
194 124 83.0198
258 51 66.3966
51 258 66.3966
154 65 29.1279
65 154 29.1279
30 111 74.5965
111 30 74.5965
49 163 67.9687
163 49 67.9687
255 172 99.9665
172 255 99.9665
28 162 34.5397
162 28 34.5397
46 118 74.9116
118 46 74.9116
223 135 83.0732
135 223 83.0732
190 162 77.6945
162 190 77.6945
125 67 97.6773
67 125 97.6773
124 244 58.0993
244 124 58.0993
245 153 68.4743
153 245 68.4743
134 98 94.6845
98 134 94.6845
210 185 59.0576
185 210 59.0576
2 190 21.3482
190 2 21.3482
174 265 63.7738
265 174 63.7738
57 43 39.6183
43 57 39.6183
103 20 27.0406
20 103 27.0406
24 212 18.4189
212 24 18.4189
73 120 81.9795
120 73 81.9795
264 267 59.3558
267 264 59.3558
136 113 23.1488
113 136 23.1488
50 273 25.7536
273 50 25.7536
75 144 21.7083
144 75 21.7083
9 280 27.3799
280 9 27.3799
242 171 70.3756
171 242 70.3756
260 229 28.5593
229 260 28.5593
60 217 28.4368
217 60 28.4368
58 257 39.5584
257 58 39.5584
256 46 62.902
46 256 62.902
46 14 25.9703
14 46 25.9703
248 145 37.4444
145 248 37.4444
39 212 99.8165
212 39 99.8165
63 260 65.4268
260 63 65.4268
263 46 66.6087
46 263 66.6087
38 138 48.9428
138 38 48.9428
198 133 56.616
133 198 56.616
52 129 76.6677
129 52 76.6677
92 129 47.3969
129 92 47.3969
96 274 83.6647
274 96 83.6647
143 53 50.7047
53 143 50.7047
202 62 99.4945
62 202 99.4945
24 193 55.9678
193 24 55.9678
211 249 87.3115
249 211 87.3115
15 196 49.8964
196 15 49.8964
225 28 37.6966
28 225 37.6966
270 122 46.989
122 270 46.989
163 47 83.0324
47 163 83.0324
263 186 70.0016
186 263 70.0016
3 251 40.8407
251 3 40.8407
216 163 57.8877
163 216 57.8877
186 25 36.9325
25 186 36.9325
263 102 19.4545
102 263 19.4545
97 126 27.3059
126 97 27.3059
185 97 64.8609
97 185 64.8609
215 148 96.3368
148 215 96.3368
210 271 17.2954
271 210 17.2954
139 99 70.4681
99 139 70.4681
193 178 65.5104
178 193 65.5104
96 122 40.3342
122 96 40.3342
197 147 32.4076
147 197 32.4076
9 75 29.2071
75 9 29.2071
13 280 51.7765
280 13 51.7765
83 170 43.5177
170 83 43.5177
20 46 58.8701
46 20 58.8701
265 73 53.0808
73 265 53.0808
228 254 36.6532
254 228 36.6532
76 162 82.5443
162 76 82.5443
214 72 73.0816
72 214 73.0816
165 133 35.3187
133 165 35.3187
155 274 28.8113
274 155 28.8113
13 98 17.0147
98 13 17.0147
191 275 10.3759
275 191 10.3759
90 181 66.5329
181 90 66.5329
114 108 29.8616
108 114 29.8616
111 65 20.7389
65 111 20.7389
86 142 95.0404
142 86 95.0404
265 148 94.7369
148 265 94.7369
144 275 26.7887
275 144 26.7887
33 36 18.2905
36 33 18.2905
51 257 97.1678
257 51 97.1678
185 78 21.1816
78 185 21.1816
262 19 86.9182
19 262 86.9182
229 148 76.9228
148 229 76.9228
265 126 38.0763
126 265 38.0763
88 221 24.5837
221 88 24.5837
123 190 32.5484
190 123 32.5484
158 54 74.0347
54 158 74.0347
253 8 44.051
8 253 44.051
84 56 52.4911
56 84 52.4911
233 155 32.5561
155 233 32.5561
32 75 67.1443
75 32 67.1443
277 213 30.1742
213 277 30.1742
148 73 86.3821
73 148 86.3821
66 105 15.3052
105 66 15.3052
170 14 91.3826
14 170 91.3826
149 280 56.8356
280 149 56.8356
197 244 47.315
244 197 47.315
133 20 16.9953
20 133 16.9953
273 118 86.4378
118 273 86.4378
17 164 83.8219
164 17 83.8219
221 46 80.0423
46 221 80.0423
0 193 62.4629
193 0 62.4629
247 211 28.8488
211 247 28.8488
145 29 61.5868
29 145 61.5868
81 92 71.7739
92 81 71.7739
115 109 23.0041
109 115 23.0041
117 30 72.3509
30 117 72.3509
258 42 56.9128
42 258 56.9128
66 119 66.6612
119 66 66.6612
29 254 40.6432
254 29 40.6432
87 241 87.7936
241 87 87.7936
106 93 93.2687
93 106 93.2687
207 263 58.649
263 207 58.649
251 92 33.1402
92 251 33.1402
279 19 47.3989
19 279 47.3989
208 154 13.833
154 208 13.833
107 279 38.644
279 107 38.644
154 194 47.717
194 154 47.717
215 196 20.8215
196 215 20.8215
146 41 73.8079
41 146 73.8079
175 234 89.4981
234 175 89.4981
180 183 80.534
183 180 80.534
35 115 28.7725
115 35 28.7725
22 245 41.0117
245 22 41.0117
139 135 48.0486
135 139 48.0486
260 191 55.7805
191 260 55.7805
259 142 67.1446
142 259 67.1446
68 130 33.7684
130 68 33.7684
53 76 14.6854
76 53 14.6854
67 70 54.7376
70 67 54.7376
188 71 47.8828
71 188 47.8828
200 188 70.3998
188 200 70.3998
267 166 32.7899
166 267 32.7899
141 54 58.6597
54 141 58.6597
45 108 73.917
108 45 73.917
152 166 33.3701
166 152 33.3701
280 168 26.4424
168 280 26.4424
6 246 66.5358
246 6 66.5358
278 130 39.872
130 278 39.872
170 113 19.348
113 170 19.348
47 15 84.9198
15 47 84.9198
222 70 58.5034
70 222 58.5034
190 25 39.476
25 190 39.476
117 215 95.587
215 117 95.587
73 64 96.4933
64 73 96.4933
32 242 35.8207
242 32 35.8207
238 208 33.3932
208 238 33.3932
193 110 54.1923
110 193 54.1923
35 141 91.0439
141 35 91.0439
165 30 18.7594
30 165 18.7594
219 277 50.363
277 219 50.363
253 188 99.3996
188 253 99.3996
247 226 63.7736
226 247 63.7736
278 217 54.6859
217 278 54.6859
16 244 37.7575
244 16 37.7575
3 52 98.4333
52 3 98.4333
231 174 37.6623
174 231 37.6623
183 259 72.6429
259 183 72.6429
157 280 23.2227
280 157 23.2227
242 110 68.7342
110 242 68.7342
164 72 61.9391
72 164 61.9391
29 169 29.938
169 29 29.938
84 258 36.1411
258 84 36.1411
149 204 64.8082
204 149 64.8082
241 184 18.0841
184 241 18.0841
73 122 10.2541
122 73 10.2541
16 258 46.0684
258 16 46.0684
70 145 91.061
145 70 91.061
204 40 65.179
40 204 65.179
31 182 75.9083
182 31 75.9083
170 206 82.5602
206 170 82.5602
124 58 49.0218
58 124 49.0218
269 121 16.6571
121 269 16.6571
216 48 52.7237
48 216 52.7237
210 186 44.2526
186 210 44.2526
13 272 30.5344
272 13 30.5344
264 232 25.758
232 264 25.758
241 206 53.9484
206 241 53.9484
196 178 71.5961
178 196 71.5961
164 48 57.8478
48 164 57.8478
89 57 94.4703
57 89 94.4703
258 199 54.1335
199 258 54.1335
139 9 96.4998
9 139 96.4998
54 208 82.966
208 54 82.966
38 244 50.4737
244 38 50.4737
232 49 99.7203
49 232 99.7203
49 171 35.6765
171 49 35.6765
197 242 34.3968
242 197 34.3968
269 4 75.8824
4 269 75.8824
185 72 75.0893
72 185 75.0893
89 95 62.0113
95 89 62.0113
113 166 81.4422
166 113 81.4422
144 190 34.0609
190 144 34.0609
264 55 53.7382
55 264 53.7382
278 104 49.1534
104 278 49.1534
146 28 78.565
28 146 78.565
5 141 23.6205
141 5 23.6205
52 253 52.8167
253 52 52.8167
7 251 39.7028
251 7 39.7028
68 79 55.9381
79 68 55.9381
38 177 91.1869
177 38 91.1869
5 219 94.5058
219 5 94.5058
202 59 94.584
59 202 94.584
250 183 37.7152
183 250 37.7152
236 271 78.2312
271 236 78.2312
235 97 88.2252
97 235 88.2252
57 193 65.6893
193 57 65.6893
181 93 49.1557
93 181 49.1557
172 87 19.0541
87 172 19.0541
263 157 33.9922
157 263 33.9922
39 146 95.3229
146 39 95.3229
222 277 54.0541
277 222 54.0541
185 169 51.7076
169 185 51.7076
108 153 11.9759
153 108 11.9759
47 88 39.5228
88 47 39.5228
99 171 41.2946
171 99 41.2946
75 198 37.2744
198 75 37.2744
238 271 75.0606
271 238 75.0606
34 130 58.4717
130 34 58.4717
169 35 94.5507
35 169 94.5507
226 128 54.8439
128 226 54.8439
201 43 28.9181
43 201 28.9181
54 171 73.0317
171 54 73.0317
197 175 46.504
175 197 46.504
16 42 10.1976
42 16 10.1976
158 118 44.8433
118 158 44.8433
95 101 56.5814
101 95 56.5814
129 138 68.704
138 129 68.704
240 68 48.5444
68 240 48.5444
144 101 51.1036
101 144 51.1036
245 140 92.3319
140 245 92.3319
208 180 86.3299
180 208 86.3299
2 163 74.7315
163 2 74.7315
268 96 29.031
96 268 29.031
57 228 10.4504
228 57 10.4504
36 6 87.4151
6 36 87.4151
268 170 75.5682
170 268 75.5682
215 138 81.955
138 215 81.955
91 99 29.6992
99 91 29.6992
191 100 90.9368
100 191 90.9368
30 256 41.0917
256 30 41.0917
171 21 69.9382
21 171 69.9382
221 258 87.1107
258 221 87.1107
59 166 52.1124
166 59 52.1124
91 119 40.5902
119 91 40.5902
230 115 17.1189
115 230 17.1189
227 194 43.0588
194 227 43.0588
190 169 78.7859
169 190 78.7859
244 239 69.494
239 244 69.494
154 145 29.0267
145 154 29.0267
259 89 72.5215
89 259 72.5215
62 2 34.2011
2 62 34.2011
279 249 70.4006
249 279 70.4006
17 90 42.0056
90 17 42.0056
30 80 97.1415
80 30 97.1415
80 27 48.9464
27 80 48.9464
165 84 33.7547
84 165 33.7547
16 264 98.4566
264 16 98.4566
169 239 11.9467
239 169 11.9467
48 39 61.0129
39 48 61.0129
38 122 99.4028
122 38 99.4028
194 18 91.9918
18 194 91.9918
144 87 36.1341
87 144 36.1341
182 207 43.3185
207 182 43.3185
279 181 98.8266
181 279 98.8266
110 33 21.0804
33 110 21.0804
152 186 60.3018
186 152 60.3018
66 69 54.5024
69 66 54.5024
267 261 76.7807
261 267 76.7807
236 188 50.3813
188 236 50.3813
20 167 75.2478
167 20 75.2478
61 152 62.7805
152 61 62.7805
155 221 88.3848
221 155 88.3848
118 271 69.7825
271 118 69.7825
90 36 61.8693
36 90 61.8693
240 39 78.1442
39 240 78.1442
21 158 85.888
158 21 85.888
278 120 50.8376
120 278 50.8376
258 273 67.2164
273 258 67.2164
45 130 22.7812
130 45 22.7812
125 184 22.3816
184 125 22.3816
107 133 65.3556
133 107 65.3556
267 158 31.2969
158 267 31.2969
41 232 39.0466
232 41 39.0466
216 107 79.0239
107 216 79.0239
1 84 31.342
84 1 31.342
183 32 58.105
32 183 58.105
16 194 76.54
194 16 76.54
118 254 23.0036
254 118 23.0036
273 44 89.2514
44 273 89.2514
39 222 34.8101
222 39 34.8101
279 31 80.5934
31 279 80.5934
69 108 37.4487
108 69 37.4487
184 238 34.811
238 184 34.811
201 141 15.0276
141 201 15.0276
17 206 34.5966
206 17 34.5966
21 118 91.1051
118 21 91.1051
188 95 92.1162
95 188 92.1162
182 1 55.0075
1 182 55.0075
23 122 88.2451
122 23 88.2451
259 124 22.6067
124 259 22.6067
124 99 93.8162
99 124 93.8162
246 101 17.9159
101 246 17.9159
268 44 83.05
44 268 83.05
245 201 75.0949
201 245 75.0949
197 253 58.9441
253 197 58.9441
36 210 47.5741
210 36 47.5741
114 227 41.2995
227 114 41.2995
161 144 15.9668
144 161 15.9668
199 76 70.9642
76 199 70.9642
138 80 80.108
80 138 80.108
60 95 89.076
95 60 89.076
124 47 97.4863
47 124 97.4863
91 178 10.1962
178 91 10.1962
31 66 77.9634
66 31 77.9634
105 19 95.0784
19 105 95.0784
231 136 78.7389
136 231 78.7389
95 162 57.8262
162 95 57.8262
113 239 15.7739
239 113 15.7739
179 41 43.5681
41 179 43.5681
67 224 76.6196
224 67 76.6196
97 183 55.3161
183 97 55.3161
113 99 48.5428
99 113 48.5428
153 35 55.3584
35 153 55.3584
156 68 80.5059
68 156 80.5059
135 113 52.1642
113 135 52.1642
135 101 68.4728
101 135 68.4728
166 119 93.1808
119 166 93.1808
160 32 46.245
32 160 46.245
168 178 36.0276
178 168 36.0276
277 8 85.0838
8 277 85.0838
252 263 68.73
263 252 68.73
47 27 36.0224
27 47 36.0224
162 70 59.9335
70 162 59.9335
101 208 83.4702
208 101 83.4702
29 8 70.9826
8 29 70.9826
75 211 99.3329
211 75 99.3329
250 262 46.5262
262 250 46.5262
207 75 92.2271
75 207 92.2271
277 104 43.0456
104 277 43.0456
3 220 68.7105
220 3 68.7105
185 62 50.927
62 185 50.927
103 223 99.9488
223 103 99.9488
104 164 90.539
164 104 90.539
84 256 17.9163
256 84 17.9163
38 240 92.3276
240 38 92.3276
175 52 62.8834
52 175 62.8834
246 213 38.0555
213 246 38.0555
262 110 29.4107
110 262 29.4107
256 97 54.1913
97 256 54.1913
259 122 17.1715
122 259 17.1715
160 172 96.5101
172 160 96.5101
204 279 50.5738
279 204 50.5738
142 250 29.1053
250 142 29.1053
195 272 63.3432
272 195 63.3432
127 161 30.4672
161 127 30.4672
188 25 65.6462
25 188 65.6462
271 153 28.3956
153 271 28.3956
33 109 19.2042
109 33 19.2042
210 163 37.8671
163 210 37.8671
224 210 97.9655
210 224 97.9655
198 64 24.7853
64 198 24.7853
21 65 82.638
65 21 82.638
12 180 23.031
180 12 23.031
238 94 31.7981
94 238 31.7981
7 79 26.0852
79 7 26.0852
280 273 52.7332
273 280 52.7332
214 174 15.9052
174 214 15.9052
49 209 22.9972
209 49 22.9972
0 110 20.882
110 0 20.882
156 142 40.7464
142 156 40.7464
27 166 49.128
166 27 49.128
136 40 14.4307
40 136 14.4307
29 92 94.2866
92 29 94.2866
33 186 77.6068
186 33 77.6068
203 167 88.7645
167 203 88.7645
27 16 18.1842
16 27 18.1842
15 85 38.1607
85 15 38.1607
102 249 78.6382
249 102 78.6382
35 107 96.2434
107 35 96.2434
198 59 26.4556
59 198 26.4556
200 252 23.5042
252 200 23.5042
176 23 68.8804
23 176 68.8804
126 182 46.5109
182 126 46.5109
126 117 99.1261
117 126 99.1261
26 107 76.9578
107 26 76.9578
79 247 33.8079
247 79 33.8079
194 249 19.0581
249 194 19.0581
114 262 64.4289
262 114 64.4289
139 46 82.9973
46 139 82.9973
211 144 13.2699
144 211 13.2699
48 76 32.8308
76 48 32.8308
246 146 72.0859
146 246 72.0859
256 206 86.6277
206 256 86.6277
104 61 33.5685
61 104 33.5685
168 144 26.8564
144 168 26.8564
221 247 39.4245
247 221 39.4245
216 42 92.9819
42 216 92.9819
138 83 24.2216
83 138 24.2216
128 279 99.6655
279 128 99.6655
110 12 52.7048
12 110 52.7048
159 243 32.7423
243 159 32.7423
72 229 17.4737
229 72 17.4737
146 6 33.1243
6 146 33.1243
208 120 54.4985
120 208 54.4985
0 251 31.8818
251 0 31.8818
183 129 22.5161
129 183 22.5161
134 90 58.5723
90 134 58.5723
144 182 93.3094
182 144 93.3094
42 110 54.3383
110 42 54.3383
21 190 51.6937
190 21 51.6937
252 0 49.2926
0 252 49.2926
228 46 89.014
46 228 89.014
25 251 41.2772
251 25 41.2772
145 23 50.2812
23 145 50.2812
236 107 15.6785
107 236 15.6785
208 126 76.9163
126 208 76.9163
75 240 34.4511
240 75 34.4511
87 181 51.1357
181 87 51.1357
278 157 43.8833
157 278 43.8833
153 164 64.1801
164 153 64.1801
65 72 98.8312
72 65 98.8312
250 43 71.49
43 250 71.49
230 207 30.5911
207 230 30.5911
228 32 43.3249
32 228 43.3249
114 73 91.576
73 114 91.576
26 59 48.5973
59 26 48.5973
42 129 29.3599
129 42 29.3599
106 248 94.1677
248 106 94.1677
235 270 24.0941
270 235 24.0941
108 197 30.2273
197 108 30.2273
170 222 42.3094
222 170 42.3094
116 70 96.9543
70 116 96.9543
249 79 13.3883
79 249 13.3883
112 26 13.1456
26 112 13.1456
263 155 89.7596
155 263 89.7596
171 19 79.6523
19 171 79.6523
141 174 72.742
174 141 72.742
68 14 28.0154
14 68 28.0154
149 13 54.3906
13 149 54.3906
31 90 58.7524
90 31 58.7524
105 180 98.1784
180 105 98.1784
2 250 26.0545
250 2 26.0545
52 273 82.4435
273 52 82.4435
83 274 13.5559
274 83 13.5559
212 218 18.2265
218 212 18.2265
260 141 94.1114
141 260 94.1114
116 103 28.2604
103 116 28.2604
122 92 10.3473
92 122 10.3473
99 261 99.6309
261 99 99.6309
108 157 85.1764
157 108 85.1764
187 163 27.6744
163 187 27.6744
173 126 47.0477
126 173 47.0477
99 40 78.028
40 99 78.028
248 240 27.0844
240 248 27.0844
172 113 98.9634
113 172 98.9634
78 27 81.9509
27 78 81.9509
279 232 42.9966
232 279 42.9966
168 275 30.1223
275 168 30.1223
158 73 88.7344
73 158 88.7344
91 73 23.1126
73 91 23.1126
241 273 67.1375
273 241 67.1375
148 17 98.7396
17 148 98.7396
186 116 41.0845
116 186 41.0845
38 250 45.2969
250 38 45.2969
117 210 37.0618
210 117 37.0618
135 132 81.6252
132 135 81.6252
116 272 16.0853
272 116 16.0853
6 70 71.3067
70 6 71.3067
73 141 30.5807
141 73 30.5807
168 117 26.8346
117 168 26.8346
92 31 58.725
31 92 58.725
220 193 63.9456
193 220 63.9456
239 126 56.615
126 239 56.615
28 83 49.5515
83 28 49.5515
174 126 74.7463
126 174 74.7463
99 94 22.9524
94 99 22.9524
58 42 45.0119
42 58 45.0119
33 211 21.8418
211 33 21.8418
134 144 85.2782
144 134 85.2782
259 148 29.8568
148 259 29.8568
272 137 77.1044
137 272 77.1044
128 59 20.6413
59 128 20.6413
210 121 96.0412
121 210 96.0412
186 70 90.8407
70 186 90.8407
158 78 97.6546
78 158 97.6546
231 214 96.2906
214 231 96.2906
14 168 33.51
168 14 33.51
263 82 37.2144
82 263 37.2144
194 230 79.0005
230 194 79.0005
188 157 35.9439
157 188 35.9439
7 176 94.4497
176 7 94.4497
56 165 70.3419
165 56 70.3419
252 55 97.0032
55 252 97.0032
80 68 64.5396
68 80 64.5396
16 44 62.9817
44 16 62.9817
54 168 12.4943
168 54 12.4943
58 23 17.2643
23 58 17.2643
229 98 33.7848
98 229 33.7848
118 110 89.0185
110 118 89.0185
63 81 33.6792
81 63 33.6792
189 255 49.6624
255 189 49.6624
213 142 59.8177
142 213 59.8177
225 106 55.5467
106 225 55.5467
75 41 17.5016
41 75 17.5016
176 18 20.7773
18 176 20.7773
58 226 25.515
226 58 25.515
209 275 39.3366
275 209 39.3366
228 249 60.9328
249 228 60.9328
14 83 20.7961
83 14 20.7961
238 172 66.8867
172 238 66.8867
81 74 93.6369
74 81 93.6369
19 235 56.3015
235 19 56.3015
241 117 71.4782
117 241 71.4782
182 244 53.8824
244 182 53.8824
242 167 27.4691
167 242 27.4691
89 19 66.8979
19 89 66.8979
97 21 55.4208
21 97 55.4208
43 35 54.1505
35 43 54.1505
69 236 78.1283
236 69 78.1283
83 16 57.419
16 83 57.419
243 126 72.6911
126 243 72.6911
84 210 17.9041
210 84 17.9041
97 2 55.5942
2 97 55.5942
274 137 42.0801
137 274 42.0801
175 72 53.2518
72 175 53.2518
124 217 87.7164
217 124 87.7164
71 51 24.8107
51 71 24.8107
14 109 79.7654
109 14 79.7654
8 170 39.2506
170 8 39.2506
90 99 12.6546
99 90 12.6546
179 241 29.2119
241 179 29.2119
18 136 82.2388
136 18 82.2388
110 230 97.3904
230 110 97.3904
210 278 71.4223
278 210 71.4223
120 36 87.5363
36 120 87.5363
66 151 52.477
151 66 52.477
141 111 43.0517
111 141 43.0517
14 252 22.2437
252 14 22.2437
114 107 40.6756
107 114 40.6756
184 192 30.8457
192 184 30.8457
134 164 14.1093
164 134 14.1093
234 50 53.858
50 234 53.858
106 232 39.6967
232 106 39.6967
76 226 31.4636
226 76 31.4636
162 125 63.2246
125 162 63.2246
166 127 86.8537
127 166 86.8537
251 40 75.3915
40 251 75.3915
36 252 84.2811
252 36 84.2811
54 279 39.2801
279 54 39.2801
134 76 74.5183
76 134 74.5183
190 199 90.565
199 190 90.565
47 195 12.4899
195 47 12.4899
71 29 93.2868
29 71 93.2868
6 161 70.5098
161 6 70.5098
102 213 27.1162
213 102 27.1162
216 164 42.8476
164 216 42.8476
109 55 84.5561
55 109 84.5561
36 68 40.4512
68 36 40.4512
254 138 19.7125
138 254 19.7125
250 46 81.5498
46 250 81.5498
44 133 68.8363
133 44 68.8363
97 32 92.4047
32 97 92.4047
235 36 17.4013
36 235 17.4013
158 280 70.1921
280 158 70.1921
214 24 18.2367
24 214 18.2367
236 249 24.3104
249 236 24.3104
137 43 80.4274
43 137 80.4274
92 74 39.1097
74 92 39.1097
144 7 24.5614
7 144 24.5614
80 63 56.3104
63 80 56.3104
210 130 91.0954
130 210 91.0954
95 99 33.8344
99 95 33.8344
252 54 29.3207
54 252 29.3207
0 22 59.2223
22 0 59.2223
275 78 18.7421
78 275 18.7421
64 113 67.3738
113 64 67.3738
125 106 74.3545
106 125 74.3545
216 99 12.4373
99 216 12.4373
264 37 70.9214
37 264 70.9214
227 208 46.5081
208 227 46.5081
217 111 91.3249
111 217 91.3249
160 62 47.1501
62 160 47.1501
106 41 36.0941
41 106 36.0941
14 74 41.6606
74 14 41.6606
176 64 74.539
64 176 74.539
31 163 65.3162
163 31 65.3162
181 188 55.9033
188 181 55.9033
108 132 89.5691
132 108 89.5691
161 131 37.7346
131 161 37.7346
247 234 42.1604
234 247 42.1604
211 136 73.077
136 211 73.077
226 264 92.9772
264 226 92.9772
96 207 73.6917
207 96 73.6917
239 236 81.7816
236 239 81.7816
154 51 38.8139
51 154 38.8139
131 72 86.1793
72 131 86.1793
161 276 75.715
276 161 75.715
177 240 60.9884
240 177 60.9884
195 81 43.6037
81 195 43.6037
15 265 20.6386
265 15 20.6386
45 253 40.3502
253 45 40.3502
154 44 19.8579
44 154 19.8579
188 22 26.8978
22 188 26.8978
46 99 11.1264
99 46 11.1264
145 131 15.8196
131 145 15.8196
31 41 79.1652
41 31 79.1652
46 179 83.6463
179 46 83.6463
188 10 55.2881
10 188 55.2881
226 3 69.0141
3 226 69.0141
133 129 59.1822
129 133 59.1822
242 106 57.9117
106 242 57.9117
252 103 12.934
103 252 12.934
227 33 16.4931
33 227 16.4931
254 212 29.4806
212 254 29.4806
130 224 23.5043
224 130 23.5043
182 93 96.1755
93 182 96.1755
260 249 47.9298
249 260 47.9298
9 21 61.092
21 9 61.092
117 95 41.1093
95 117 41.1093
250 180 57.968
180 250 57.968
219 86 70.3158
86 219 70.3158
231 155 56.2534
155 231 56.2534
139 17 61.3382
17 139 61.3382
2 214 32.9972
214 2 32.9972
160 262 93.3397
262 160 93.3397
80 262 58.5558
262 80 58.5558
30 2 20.6268
2 30 20.6268
100 52 69.2721
52 100 69.2721
190 160 63.8139
160 190 63.8139
230 269 84.6734
269 230 84.6734
51 201 48.6855
201 51 48.6855
259 230 48.7002
230 259 48.7002
171 134 75.7717
134 171 75.7717
76 123 28.5973
123 76 28.5973
104 129 79.7991
129 104 79.7991
26 77 72.169
77 26 72.169
153 89 83.3428
89 153 83.3428
124 232 55.3362
232 124 55.3362
214 134 57.5006
134 214 57.5006
260 276 13.8204
276 260 13.8204
17 156 11.0494
156 17 11.0494
134 206 17.5659
206 134 17.5659
274 125 51.7339
125 274 51.7339
185 130 41.5102
130 185 41.5102
42 187 26.7884
187 42 26.7884
53 71 86.6499
71 53 86.6499
135 59 58.4913
59 135 58.4913
166 232 39.766
232 166 39.766
85 126 91.596
126 85 91.596
244 136 85.1481
136 244 85.1481
243 41 66.3764
41 243 66.3764
71 248 45.3093
248 71 45.3093
17 43 49.6783
43 17 49.6783
65 251 67.4545
251 65 67.4545
66 91 92.1983
91 66 92.1983
195 105 44.4888
105 195 44.4888
270 186 55.0067
186 270 55.0067
148 197 68.1382
197 148 68.1382
153 30 26.251
30 153 26.251
66 51 58.9077
51 66 58.9077
117 147 13.2353
147 117 13.2353
48 19 26.6973
19 48 26.6973
136 60 86.8915
60 136 86.8915
46 170 32.7626
170 46 32.7626
192 87 60.7845
87 192 60.7845
189 81 81.9771
81 189 81.9771
206 124 98.5528
124 206 98.5528
69 37 25.8414
37 69 25.8414
10 120 14.8108
120 10 14.8108
107 30 85.5062
30 107 85.5062
279 254 53.6197
254 279 53.6197
141 235 73.0313
235 141 73.0313
15 183 77.0234
183 15 77.0234
204 214 99.4766
214 204 99.4766
272 184 46.1287
184 272 46.1287
176 67 76.4405
67 176 76.4405
134 236 29.0792
236 134 29.0792
158 161 87.2364
161 158 87.2364
196 206 14.6979
206 196 14.6979
75 224 10.3253
224 75 10.3253
73 95 38.6518
95 73 38.6518
150 183 97.2295
183 150 97.2295
200 151 85.4728
151 200 85.4728
119 63 55.819
63 119 55.819
136 43 90.133
43 136 90.133
45 27 58.9918
27 45 58.9918
83 273 48.7656
273 83 48.7656
84 81 96.6669
81 84 96.6669
133 155 56.0451
155 133 56.0451
30 127 48.7893
127 30 48.7893
253 279 16.7277
279 253 16.7277
137 52 81.7305
52 137 81.7305
8 126 29.9364
126 8 29.9364
272 80 86.3275
80 272 86.3275
270 148 69.4818
148 270 69.4818
102 110 66.7353
110 102 66.7353
267 146 35.8857
146 267 35.8857
39 183 52.1425
183 39 52.1425
50 208 29.4948
208 50 29.4948
93 90 44.6865
90 93 44.6865
148 27 77.1042
27 148 77.1042
83 234 58.9103
234 83 58.9103
52 173 91.3281
173 52 91.3281
166 186 39.5199
186 166 39.5199
267 278 73.3238
278 267 73.3238
122 6 24.166
6 122 24.166
204 79 71.4373
79 204 71.4373
245 86 17.4849
86 245 17.4849
5 211 76.6988
211 5 76.6988
230 104 62.0433
104 230 62.0433
270 1 11.7308
1 270 11.7308
138 208 49.2792
208 138 49.2792
258 70 11.4131
70 258 11.4131
132 139 91.4764
139 132 91.4764
22 144 33.2908
144 22 33.2908
191 253 70.2885
253 191 70.2885
188 79 49.9593
79 188 49.9593
49 3 92.4116
3 49 92.4116
138 22 69.5282
22 138 69.5282
160 187 44.3639
187 160 44.3639
18 46 26.2374
46 18 26.2374
191 122 31.1002
122 191 31.1002
176 129 86.3357
129 176 86.3357
207 85 69.4863
85 207 69.4863
59 187 72.174
187 59 72.174
36 113 67.3964
113 36 67.3964
179 105 86.5826
105 179 86.5826
2 50 38.4389
50 2 38.4389
272 173 42.5778
173 272 42.5778
79 193 35.7818
193 79 35.7818
246 249 60.2988
249 246 60.2988
1 188 71.8007
188 1 71.8007
263 117 41.5587
117 263 41.5587
243 70 32.9587
70 243 32.9587
188 279 82.8613
279 188 82.8613
4 106 58.8143
106 4 58.8143
72 162 11.6146
162 72 11.6146
105 196 68.6517
196 105 68.6517
1 45 67.1143
45 1 67.1143
72 80 24.4776
80 72 24.4776
71 211 27.7618
211 71 27.7618
174 249 24.2238
249 174 24.2238
118 201 85.8107
201 118 85.8107
170 58 32.1654
58 170 32.1654
171 113 29.4101
113 171 29.4101
201 134 73.3896
134 201 73.3896
51 157 88.4938
157 51 88.4938
159 106 69.0499
106 159 69.0499
173 191 10.0145
191 173 10.0145
123 53 77.063
53 123 77.063
20 155 75.3224
155 20 75.3224
261 69 70.996
69 261 70.996
126 20 10.1832
20 126 10.1832
55 223 68.9871
223 55 68.9871
192 179 83.5125
179 192 83.5125
172 244 98.733
244 172 98.733
274 228 43.7792
228 274 43.7792
237 250 40.6747
250 237 40.6747
44 246 79.9913
246 44 79.9913
118 103 46.6515
103 118 46.6515
233 258 15.4722
258 233 15.4722
51 14 37.2128
14 51 37.2128
141 212 57.7344
212 141 57.7344
146 193 52.5506
193 146 52.5506
50 177 66.7667
177 50 66.7667
80 189 52.0882
189 80 52.0882
187 218 37.6839
218 187 37.6839
192 255 36.8943
255 192 36.8943
48 274 40.4324
274 48 40.4324
10 48 54.144
48 10 54.144
234 115 18.1335
115 234 18.1335
215 260 32.1334
260 215 32.1334
134 265 13.6184
265 134 13.6184
87 180 44.4149
180 87 44.4149
116 208 84.2713
208 116 84.2713
276 64 75.9666
64 276 75.9666
247 161 95.2646
161 247 95.2646
31 8 80.8033
8 31 80.8033
255 1 74.5828
1 255 74.5828
273 123 37.1423
123 273 37.1423
26 272 74.4592
272 26 74.4592
271 65 40.7421
65 271 40.7421
192 276 42.213
276 192 42.213
234 137 15.2108
137 234 15.2108
66 27 80.7719
27 66 80.7719
109 122 65.962
122 109 65.962
121 67 79.2028
67 121 79.2028
155 86 96.6991
86 155 96.6991
57 27 30.0315
27 57 30.0315
49 26 95.8221
26 49 95.8221
250 181 60.8543
181 250 60.8543
31 247 35.0418
247 31 35.0418
204 3 98.234
3 204 98.234
45 142 76.7619
142 45 76.7619
240 9 36.2751
9 240 36.2751
93 184 76.7449
184 93 76.7449
221 160 76.8815
160 221 76.8815
112 121 56.7434
121 112 56.7434
88 43 14.5806
43 88 14.5806
5 259 42.5551
259 5 42.5551
252 149 73.1668
149 252 73.1668
91 259 58.2956
259 91 58.2956
183 43 99.9819
43 183 99.9819
66 3 22.2907
3 66 22.2907
161 273 80.5401
273 161 80.5401
211 57 30.839
57 211 30.839
70 147 57.5191
147 70 57.5191
67 137 36.9705
137 67 36.9705
31 38 54.4746
38 31 54.4746
270 66 97.9312
66 270 97.9312
94 205 71.2848
205 94 71.2848
169 161 21.8243
161 169 21.8243
176 229 97.0739
229 176 97.0739
214 84 12.7045
84 214 12.7045
40 238 71.6289
238 40 71.6289
135 149 10.6618
149 135 10.6618
279 215 81.6392
215 279 81.6392
218 13 45.168
13 218 45.168
267 71 23.8885
71 267 23.8885
90 269 26.8016
269 90 26.8016
158 137 36.9554
137 158 36.9554
278 196 17.4613
196 278 17.4613
175 89 18.936
89 175 18.936
197 112 36.1431
112 197 36.1431
247 223 50.3235
223 247 50.3235
38 120 84.5037
120 38 84.5037
205 226 65.3326
226 205 65.3326
18 102 40.7174
102 18 40.7174
187 54 53.7733
54 187 53.7733
174 227 61.6079
227 174 61.6079
211 39 18.2545
39 211 18.2545
10 178 68.9899
178 10 68.9899
266 37 17.876
37 266 17.876
241 123 52.6068
123 241 52.6068
182 202 91.6792
202 182 91.6792
144 113 42.8028
113 144 42.8028
187 28 77.7036
28 187 77.7036
141 152 99.9763
152 141 99.9763
103 75 85.6037
75 103 85.6037
34 52 97.6135
52 34 97.6135
123 199 83.8822
199 123 83.8822
26 191 80.3638
191 26 80.3638
212 118 26.6336
118 212 26.6336
163 231 98.8844
231 163 98.8844
16 183 51.4926
183 16 51.4926
232 253 69.0569
253 232 69.0569
176 212 46.1735
212 176 46.1735
261 56 67.9174
56 261 67.9174
61 30 56.6655
30 61 56.6655
159 83 42.7466
83 159 42.7466
73 47 50.2451
47 73 50.2451
245 249 66.0637
249 245 66.0637
84 99 35.1256
99 84 35.1256
262 13 68.763
13 262 68.763
234 109 29.1512
109 234 29.1512
155 2 86.7357
2 155 86.7357
170 270 14.9498
270 170 14.9498
240 163 16.3211
163 240 16.3211
181 208 45.4048
208 181 45.4048
263 169 35.3871
169 263 35.3871
159 121 92.0509
121 159 92.0509
82 185 47.0916
185 82 47.0916
218 106 66.9888
106 218 66.9888
205 45 94.9099
45 205 94.9099
103 10 26.4437
10 103 26.4437
107 42 83.6574
42 107 83.6574
182 271 70.1022
271 182 70.1022
254 137 52.3322
137 254 52.3322
127 107 45.0013
107 127 45.0013
9 137 83.7623
137 9 83.7623
245 55 22.93
55 245 22.93
134 156 53.7226
156 134 53.7226
12 22 93.6993
22 12 93.6993
139 237 88.592
237 139 88.592
218 130 83.3445
130 218 83.3445
80 212 59.6459
212 80 59.6459
278 101 11.8833
101 278 11.8833
191 152 23.8102
152 191 23.8102
122 80 65.9659
80 122 65.9659
219 121 89.1922
121 219 89.1922
64 222 63.9892
222 64 63.9892
215 44 77.1172
44 215 77.1172
262 88 52.8018
88 262 52.8018
248 155 37.0273
155 248 37.0273
147 114 30.9754
114 147 30.9754
154 34 65.0006
34 154 65.0006
46 162 94.2438
162 46 94.2438
61 115 28.639
115 61 28.639
145 28 88.8064
28 145 88.8064
278 155 57.3288
155 278 57.3288
274 163 41.847
163 274 41.847
62 225 64.573
225 62 64.573
159 31 28.3941
31 159 28.3941
10 115 63.4462
115 10 63.4462
37 217 91.7935
217 37 91.7935
101 201 20.5378
201 101 20.5378
167 2 91.8509
2 167 91.8509
3 128 85.1051
128 3 85.1051
207 191 11.8224
191 207 11.8224
181 70 56.1122
70 181 56.1122
251 193 94.4632
193 251 94.4632
33 72 39.9222
72 33 39.9222
51 163 34.5031
163 51 34.5031
88 19 94.2656
19 88 94.2656
71 249 37.2129
249 71 37.2129
38 64 67.4084
64 38 67.4084
248 66 76.1346
66 248 76.1346
77 150 53.0173
150 77 53.0173
249 149 55.2846
149 249 55.2846
76 260 68.4904
260 76 68.4904
162 27 42.2938
27 162 42.2938
184 186 53.6057
186 184 53.6057
144 35 42.9495
35 144 42.9495
109 246 71.0965
246 109 71.0965
164 76 60.977
76 164 60.977
33 158 44.0047
158 33 44.0047
80 52 12.2447
52 80 12.2447
254 72 69.1304
72 254 69.1304
15 9 47.2091
9 15 47.2091
159 19 81.3802
19 159 81.3802
148 31 14.1623
31 148 14.1623
214 169 24.7998
169 214 24.7998
122 175 73.5405
175 122 73.5405
209 139 23.1499
139 209 23.1499
253 182 40.1766
182 253 40.1766
70 17 57.6172
17 70 57.6172
203 183 31.0118
183 203 31.0118
219 69 37.0192
69 219 37.0192
74 231 24.7392
231 74 24.7392
151 70 64.6422
70 151 64.6422
20 211 56.7465
211 20 56.7465
232 65 20.6254
65 232 20.6254
251 75 98.246
75 251 98.246
143 90 91.5941
90 143 91.5941
139 180 60.5818
180 139 60.5818
146 135 65.669
135 146 65.669
19 13 11.5387
13 19 11.5387
13 125 65.9178
125 13 65.9178
112 269 10.8391
269 112 10.8391
84 204 10.9887
204 84 10.9887
64 255 12.3507
255 64 12.3507
85 178 18.1127
178 85 18.1127
198 72 89.3077
72 198 89.3077
129 97 14.6544
97 129 14.6544
87 2 48.3894
2 87 48.3894
273 145 20.3999
145 273 20.3999
272 218 86.0862
218 272 86.0862
43 272 59.2459
272 43 59.2459
224 226 52.8862
226 224 52.8862
200 168 85.3245
168 200 85.3245
255 94 27.6969
94 255 27.6969
202 57 96.0309
57 202 96.0309
126 150 89.2362
150 126 89.2362
229 193 21.2192
193 229 21.2192
151 271 40.3264
271 151 40.3264
179 147 29.8797
147 179 29.8797
141 33 80.4751
33 141 80.4751
254 140 89.2769
140 254 89.2769
29 147 67.2288
147 29 67.2288
21 156 11.805
156 21 11.805
253 245 23.6183
245 253 23.6183
4 199 45.2051
199 4 45.2051
69 251 96.4348
251 69 96.4348
151 156 51.1805
156 151 51.1805
70 10 82.99
10 70 82.99
225 40 36.3563
40 225 36.3563
54 250 21.327
250 54 21.327
33 214 23.2968
214 33 23.2968
215 89 66.788
89 215 66.788
177 247 56.6873
247 177 56.6873
182 276 82.2762
276 182 82.2762
229 225 56.2785
225 229 56.2785
190 250 90.6841
250 190 90.6841
8 231 17.6604
231 8 17.6604
21 103 36.5701
103 21 36.5701
259 202 13.4439
202 259 13.4439
59 83 54.3926
83 59 54.3926
200 127 60.7227
127 200 60.7227
130 80 38.0279
80 130 38.0279
145 185 92.4994
185 145 92.4994
205 61 73.5158
61 205 73.5158
97 272 51.7829
272 97 51.7829
240 107 78.6945
107 240 78.6945
256 192 41.1527
192 256 41.1527
201 9 42.5453
9 201 42.5453
207 59 26.7779
59 207 26.7779
120 80 91.2701
80 120 91.2701
215 225 12.094
225 215 12.094
256 196 45.0294
196 256 45.0294
34 16 71.3845
16 34 71.3845
140 269 61.6407
269 140 61.6407
177 156 53.3804
156 177 53.3804
4 276 15.3766
276 4 15.3766
79 217 60.2068
217 79 60.2068
268 6 51.2764
6 268 51.2764
58 72 62.1849
72 58 62.1849
93 143 59.4384
143 93 59.4384
270 272 62.5471
272 270 62.5471
244 164 51.3604
164 244 51.3604
231 35 80.3692
35 231 80.3692
206 221 52.8458
221 206 52.8458
114 125 79.723
125 114 79.723
21 15 96.8889
15 21 96.8889
228 188 39.7732
188 228 39.7732
273 188 79.884
188 273 79.884
115 197 50.0955
197 115 50.0955
183 143 38.4762
143 183 38.4762
121 217 52.4026
217 121 52.4026
90 187 73.0108
187 90 73.0108
249 138 85.4814
138 249 85.4814
106 29 37.7244
29 106 37.7244
279 211 11.0373
211 279 11.0373
280 208 24.1142
208 280 24.1142
61 28 57.2707
28 61 57.2707
73 198 89.7321
198 73 89.7321
157 236 39.2818
236 157 39.2818
16 58 67.1196
58 16 67.1196
25 115 96.3945
115 25 96.3945
36 80 75.8036
80 36 75.8036
101 192 38.7232
192 101 38.7232
179 257 20.0897
257 179 20.0897
183 17 70.7096
17 183 70.7096
147 105 87.0465
105 147 87.0465
202 157 58.77
157 202 58.77
30 173 40.9362
173 30 40.9362
6 158 95.1925
158 6 95.1925
66 82 27.6914
82 66 27.6914
86 42 50.513
42 86 50.513
205 102 72.8657
102 205 72.8657
113 50 33.0012
50 113 33.0012
91 240 64.697
240 91 64.697
136 111 91.7616
111 136 91.7616
254 112 15.7176
112 254 15.7176
277 179 59.1772
179 277 59.1772
264 217 51.0868
217 264 51.0868
192 167 54.3537
167 192 54.3537
71 254 42.7541
254 71 42.7541
102 37 16.8649
37 102 16.8649
50 42 11.4809
42 50 11.4809
67 204 73.8089
204 67 73.8089
105 95 29.0456
95 105 29.0456
192 272 10.8997
272 192 10.8997
74 213 35.0987
213 74 35.0987
75 137 29.1334
137 75 29.1334
166 61 64.6842
61 166 64.6842
194 9 51.4737
9 194 51.4737
218 75 95.7321
75 218 95.7321
36 187 50.6706
187 36 50.6706
151 214 37.7571
214 151 37.7571
10 175 38.7481
175 10 38.7481
240 128 57.0505
128 240 57.0505
250 280 76.2916
280 250 76.2916
234 53 40.4395
53 234 40.4395
93 46 76.0554
46 93 76.0554
238 179 60.4877
179 238 60.4877
152 181 76.4488
181 152 76.4488
163 136 16.818
136 163 16.818
86 274 32.7731
274 86 32.7731
147 129 13.8093
129 147 13.8093
182 263 72.1271
263 182 72.1271
263 148 40.2601
148 263 40.2601
174 55 31.7159
55 174 31.7159
76 273 18.2858
273 76 18.2858
75 197 37.2431
197 75 37.2431
163 30 96.681
30 163 96.681
208 162 25.0975
162 208 25.0975
124 7 37.8879
7 124 37.8879
260 178 74.3934
178 260 74.3934
143 237 91.1673
237 143 91.1673
137 16 73.1342
16 137 73.1342
28 206 19.7012
206 28 19.7012
105 64 35.7183
64 105 35.7183
24 255 51.2608
255 24 51.2608
167 143 58.9697
143 167 58.9697
199 277 10.3997
277 199 10.3997
198 185 38.9592
185 198 38.9592
96 109 81.9779
109 96 81.9779
143 40 87.9545
40 143 87.9545
199 42 74.0288
42 199 74.0288
116 4 31.3155
4 116 31.3155
62 9 35.116
9 62 35.116
3 183 21.858
183 3 21.858
34 194 73.5119
194 34 73.5119
113 233 84.8766
233 113 84.8766
197 189 17.3101
189 197 17.3101
80 81 46.3706
81 80 46.3706
263 67 27.4753
67 263 27.4753
141 211 79.8647
211 141 79.8647
174 234 23.9162
234 174 23.9162
241 270 19.6422
270 241 19.6422
58 0 97.3716
0 58 97.3716
56 36 59.3765
36 56 59.3765
206 96 56.9299
96 206 56.9299
125 83 14.4638
83 125 14.4638
248 197 31.2266
197 248 31.2266
125 169 70.5917
169 125 70.5917
53 242 19.9191
242 53 19.9191
104 81 22.9429
81 104 22.9429
161 4 63.8338
4 161 63.8338
261 272 30.2649
272 261 30.2649
133 27 56.2827
27 133 56.2827
127 231 42.2586
231 127 42.2586
171 97 19.9421
97 171 19.9421
275 76 79.7532
76 275 79.7532
27 236 13.8544
236 27 13.8544
78 177 73.849
177 78 73.849
135 65 37.6936
65 135 37.6936
147 98 79.7648
98 147 79.7648
85 155 19.3507
155 85 19.3507
119 142 95.1742
142 119 95.1742
222 125 66.1206
125 222 66.1206
269 3 55.2421
3 269 55.2421
128 34 91.5235
34 128 91.5235
128 134 66.5325
134 128 66.5325
24 155 99.9215
155 24 99.9215
100 92 20.8752
92 100 20.8752
31 184 18.8472
184 31 18.8472
105 213 98.4863
213 105 98.4863
51 87 52.405
87 51 52.405
211 253 20.3441
253 211 20.3441
264 279 84.8669
279 264 84.8669
188 240 23.2893
240 188 23.2893
46 276 48.915
276 46 48.915
266 273 54.0447
273 266 54.0447
115 148 68.0701
148 115 68.0701
213 260 67.2671
260 213 67.2671
184 10 65.6651
10 184 65.6651
20 229 62.0835
229 20 62.0835
246 202 33.3814
202 246 33.3814
90 152 68.2119
152 90 68.2119
55 132 76.663
132 55 76.663
99 77 19.771
77 99 19.771
169 277 58.311
277 169 58.311
110 178 49.3446
178 110 49.3446
101 162 40.857
162 101 40.857
73 209 42.3174
209 73 42.3174
199 220 88.1329
220 199 88.1329
214 51 82.4429
51 214 82.4429
80 194 39.7233
194 80 39.7233
153 8 92.6583
8 153 92.6583
165 184 65.1025
184 165 65.1025
93 218 90.3841
218 93 90.3841
128 62 46.0234
62 128 46.0234
225 93 14.88
93 225 14.88
50 72 72.6767
72 50 72.6767
200 87 89.2801
87 200 89.2801
65 193 26.5332
193 65 26.5332
129 3 79.6798
3 129 79.6798
60 149 85.1473
149 60 85.1473
177 2 34.0512
2 177 34.0512
192 107 36.9207
107 192 36.9207
258 27 79.0805
27 258 79.0805
271 92 50.3349
92 271 50.3349
254 188 39.0625
188 254 39.0625
165 262 67.3079
262 165 67.3079
167 202 21.6538
202 167 21.6538
84 177 36.3223
177 84 36.3223
24 262 85.7081
262 24 85.7081
254 219 92.7682
219 254 92.7682
177 61 89.8848
61 177 89.8848
60 224 74.1964
224 60 74.1964
223 66 52.9856
66 223 52.9856
155 242 13.0085
242 155 13.0085
73 80 53.3228
80 73 53.3228
13 143 67.0564
143 13 67.0564
110 176 12.775
176 110 12.775
39 71 55.6815
71 39 55.6815
49 250 14.9549
250 49 14.9549
65 214 45.1864
214 65 45.1864
74 265 65.186
265 74 65.186
133 41 64.5792
41 133 64.5792
181 278 74.1202
278 181 74.1202
175 101 16.8804
101 175 16.8804
137 240 19.9303
240 137 19.9303
90 135 15.6341
135 90 15.6341
68 33 78.596
33 68 78.596
169 131 59.4094
131 169 59.4094
205 246 89.5902
246 205 89.5902
196 183 44.5233
183 196 44.5233
134 101 30.9508
101 134 30.9508
88 140 95.8171
140 88 95.8171
113 10 32.9932
10 113 32.9932
188 38 22.3356
38 188 22.3356
224 102 92.9439
102 224 92.9439
84 92 37.7591
92 84 37.7591
198 56 30.0654
56 198 30.0654
121 62 72.3933
62 121 72.3933
235 39 98.4678
39 235 98.4678
256 7 33.3788
7 256 33.3788
165 177 73.5344
177 165 73.5344
165 168 15.4745
168 165 15.4745
196 12 42.6137
12 196 42.6137
72 234 79.7431
234 72 79.7431
140 19 76.2961
19 140 76.2961
15 137 28.6254
137 15 28.6254
234 81 75.9344
81 234 75.9344
115 46 62.7375
46 115 62.7375
174 87 75.5633
87 174 75.5633
105 8 31.5467
8 105 31.5467
235 84 59.4968
84 235 59.4968
257 217 63.4769
217 257 63.4769
185 213 39.031
213 185 39.031
264 132 48.1333
132 264 48.1333
172 165 75.2982
165 172 75.2982
164 80 40.0427
80 164 40.0427
237 259 52.9652
259 237 52.9652
90 13 50.2007
13 90 50.2007
108 200 78.4179
200 108 78.4179
61 103 81.51
103 61 81.51
86 188 66.9283
188 86 66.9283
111 132 21.585
132 111 21.585
198 183 88.0394
183 198 88.0394
72 224 92.8651
224 72 92.8651
200 259 70.3033
259 200 70.3033
133 9 83.2599
9 133 83.2599
18 13 38.9042
13 18 38.9042
261 22 49.2309
22 261 49.2309
274 28 89.381
28 274 89.381
176 183 44.9334
183 176 44.9334
18 223 96.6185
223 18 96.6185
165 7 99.0773
7 165 99.0773
145 12 24.3123
12 145 24.3123
98 146 91.9437
146 98 91.9437
20 93 16.6972
93 20 16.6972
184 103 96.7862
103 184 96.7862
176 4 10.9934
4 176 10.9934
58 18 25.8343
18 58 25.8343
275 208 92.2589
208 275 92.2589
98 96 75.3946
96 98 75.3946
143 215 66.6654
215 143 66.6654
265 94 93.0613
94 265 93.0613
219 199 39.7049
199 219 39.7049
156 274 16.2036
274 156 16.2036
102 192 43.5066
192 102 43.5066
10 116 12.7259
116 10 12.7259
267 104 36.9597
104 267 36.9597
125 220 20.5406
220 125 20.5406
277 257 45.2811
257 277 45.2811
60 31 85.6326
31 60 85.6326
262 266 91.4432
266 262 91.4432
51 109 51.4201
109 51 51.4201
234 220 20.1024
220 234 20.1024
250 271 93.1404
271 250 93.1404
279 122 32.4354
122 279 32.4354
275 44 72.5718
44 275 72.5718
223 169 77.2872
169 223 77.2872
242 154 33.536
154 242 33.536
280 204 54.009
204 280 54.009
103 40 72.4865
40 103 72.4865
52 92 24.7257
92 52 24.7257
73 277 86.8238
277 73 86.8238
235 50 90.5746
50 235 90.5746
157 156 49.203
156 157 49.203
9 256 92.7302
256 9 92.7302
77 265 64.2144
265 77 64.2144
136 105 54.2517
105 136 54.2517
71 250 90.8879
250 71 90.8879
257 150 42.3226
150 257 42.3226
116 120 51.608
120 116 51.608
58 123 59.3463
123 58 59.3463
219 6 37.4694
6 219 37.4694
105 212 44.5701
212 105 44.5701
178 256 83.0422
256 178 83.0422
69 196 16.9658
196 69 16.9658
272 219 14.9193
219 272 14.9193
29 128 19.4726
128 29 19.4726
228 66 87.253
66 228 87.253
91 6 37.8807
6 91 37.8807
232 142 46.2725
142 232 46.2725
226 92 52.1203
92 226 52.1203
54 199 75.0714
199 54 75.0714
119 152 80.6469
152 119 80.6469
44 226 78.2756
226 44 78.2756
182 238 93.6202
238 182 93.6202
1 90 89.6214
90 1 89.6214
46 148 53.8662
148 46 53.8662
87 55 16.5824
55 87 16.5824
252 256 13.8215
256 252 13.8215
65 117 61.5006
117 65 61.5006
95 108 90.1913
108 95 90.1913
41 134 21.301
134 41 21.301
168 237 95.7249
237 168 95.7249
255 251 37.5157
251 255 37.5157
72 56 68.3301
56 72 68.3301
183 190 82.0279
190 183 82.0279
259 72 94.2831
72 259 94.2831
220 170 81.7755
170 220 81.7755
17 55 65.7864
55 17 65.7864
21 117 59.1064
117 21 59.1064
201 190 96.094
190 201 96.094
30 52 29.3336
52 30 29.3336
217 126 21.0108
126 217 21.0108
48 213 99.202
213 48 99.202
147 159 31.024
159 147 31.024
164 268 30.4445
268 164 30.4445
54 159 75.5753
159 54 75.5753
118 278 80.6479
278 118 80.6479
11 222 36.3448
222 11 36.3448
38 69 36.498
69 38 36.498
115 214 53.7941
214 115 53.7941
63 134 22.5487
134 63 22.5487
37 169 40.6439
169 37 40.6439
250 18 20.1136
18 250 20.1136
18 11 46.6895
11 18 46.6895
151 91 98.9639
91 151 98.9639
191 271 98.752
271 191 98.752
177 249 60.8784
249 177 60.8784
262 102 75.5116
102 262 75.5116
235 203 19.4502
203 235 19.4502
133 128 51.9191
128 133 51.9191
38 127 53.5781
127 38 53.5781
171 106 47.9621
106 171 47.9621
166 233 15.6188
233 166 15.6188
272 206 15.1175
206 272 15.1175
175 147 35.8958
147 175 35.8958
239 214 46.6726
214 239 46.6726
125 123 25.5207
123 125 25.5207
111 195 81.6298
195 111 81.6298
188 108 16.9801
108 188 16.9801
263 270 11.7364
270 263 11.7364
128 66 83.4639
66 128 83.4639
173 85 84.8456
85 173 84.8456
12 259 38.1969
259 12 38.1969
155 259 23.2092
259 155 23.2092
11 266 58.6523
266 11 58.6523
118 71 62.4914
71 118 62.4914
87 119 71.5753
119 87 71.5753
147 189 29.025
189 147 29.025
227 230 33.4325
230 227 33.4325
271 132 47.6438
132 271 47.6438
200 20 26.7264
20 200 26.7264
16 4 40.6132
4 16 40.6132
238 84 40.9423
84 238 40.9423
5 271 37.0321
271 5 37.0321
217 80 25.9814
80 217 25.9814
192 2 31.6114
2 192 31.6114
98 82 90.3679
82 98 90.3679
127 72 26.4018
72 127 26.4018
150 24 51.9372
24 150 51.9372
214 257 55.7355
257 214 55.7355
37 67 40.4819
67 37 40.4819
231 159 80.6034
159 231 80.6034
212 156 62.2104
156 212 62.2104
51 192 99.461
192 51 99.461
117 192 30.4946
192 117 30.4946
73 132 85.674
132 73 85.674
74 172 71.2873
172 74 71.2873
220 46 46.0553
46 220 46.0553
77 242 94.7257
242 77 94.7257
7 114 58.8564
114 7 58.8564
267 12 54.5182
12 267 54.5182
81 45 85.6763
45 81 85.6763
140 82 89.7265
82 140 89.7265
158 149 98.8922
149 158 98.8922
147 74 47.1067
74 147 47.1067
32 157 70.2744
157 32 70.2744
231 148 43.1829
148 231 43.1829
224 119 23.1487
119 224 23.1487
245 241 42.5257
241 245 42.5257
143 274 76.5858
274 143 76.5858
146 163 96.1402
163 146 96.1402
232 44 55.7313
44 232 55.7313
274 264 17.9625
264 274 17.9625
254 113 98.5956
113 254 98.5956
109 36 62.0348
36 109 62.0348
67 242 12.4217
242 67 12.4217
202 79 79.9477
79 202 79.9477
238 62 53.2457
62 238 53.2457
246 212 46.7465
212 246 46.7465
79 261 15.328
261 79 15.328
155 45 15.8509
45 155 15.8509
42 166 89.4617
166 42 89.4617
183 165 43.1991
165 183 43.1991
42 5 54.5098
5 42 54.5098
0 254 60.184
254 0 60.184
264 104 49.9916
104 264 49.9916
163 264 70.8737
264 163 70.8737
227 171 64.559
171 227 64.559
202 52 47.7014
52 202 47.7014
43 22 25.3771
22 43 25.3771
139 198 56.0148
198 139 56.0148
258 161 37.8536
161 258 37.8536
242 101 17.7168
101 242 17.7168
80 176 86.4598
176 80 86.4598
223 44 78.8878
44 223 78.8878
280 163 37.4391
163 280 37.4391
55 49 27.9395
49 55 27.9395
128 50 74.8419
50 128 74.8419
280 140 43.7422
140 280 43.7422
209 64 74.4991
64 209 74.4991
42 106 99.2361
106 42 99.2361
36 230 75.8972
230 36 75.8972
58 101 37.7392
101 58 37.7392
200 156 28.6704
156 200 28.6704
129 255 69.0745
255 129 69.0745
189 198 63.4913
198 189 63.4913
10 228 56.7523
228 10 56.7523
117 176 15.0883
176 117 15.0883
178 33 97.6863
33 178 97.6863
194 68 56.2366
68 194 56.2366
4 131 84.8972
131 4 84.8972
19 195 52.5062
195 19 52.5062
136 240 75.6723
240 136 75.6723
145 25 86.6358
25 145 86.6358
34 220 56.6297
220 34 56.6297
226 236 68.7374
236 226 68.7374
162 184 56.9463
184 162 56.9463
94 57 76.9359
57 94 76.9359
77 34 25.4203
34 77 25.4203
212 58 76.5551
58 212 76.5551
274 11 21.9542
11 274 21.9542
255 271 76.1032
271 255 76.1032
87 4 94.6231
4 87 94.6231
185 234 73.5448
234 185 73.5448
146 180 95.2967
180 146 95.2967
23 148 41.9372
148 23 41.9372
264 25 37.1133
25 264 37.1133
217 15 68.6285
15 217 68.6285
166 14 76.6604
14 166 76.6604
113 141 93.6785
141 113 93.6785
138 202 72.2032
202 138 72.2032
19 267 57.3669
267 19 57.3669
1 40 66.272
40 1 66.272
216 73 34.2531
73 216 34.2531
28 208 28.2909
208 28 28.2909
240 105 74.2192
105 240 74.2192
199 230 94.5107
230 199 94.5107
166 12 82.3121
12 166 82.3121
220 271 89.3702
271 220 89.3702
37 193 70.2311
193 37 70.2311
237 135 84.5477
135 237 84.5477
77 260 54.8057
260 77 54.8057
247 133 53.6822
133 247 53.6822
280 161 69.4875
161 280 69.4875
212 235 80.7334
235 212 80.7334
254 39 33.5669
39 254 33.5669
259 209 68.4671
209 259 68.4671
152 261 25.2412
261 152 25.2412
29 230 48.8309
230 29 48.8309
250 219 68.3797
219 250 68.3797
128 116 65.3162
116 128 65.3162
220 217 61.452
217 220 61.452
259 8 70.5998
8 259 70.5998
120 31 69.4377
31 120 69.4377
43 182 44.8584
182 43 44.8584
134 191 93.0751
191 134 93.0751
257 45 21.518
45 257 21.518
144 93 87.0636
93 144 87.0636
97 279 78.481
279 97 78.481
6 53 49.1533
53 6 49.1533
235 173 34.2148
173 235 34.2148
165 32 41.0066
32 165 41.0066
140 118 97.2793
118 140 97.2793
87 136 92.4156
136 87 92.4156
154 9 80.5515
9 154 80.5515
18 101 24.6439
101 18 24.6439
115 269 48.6884
269 115 48.6884
211 37 30.3459
37 211 30.3459
259 269 24.8671
269 259 24.8671
253 18 29.5203
18 253 29.5203
96 233 58.5884
233 96 58.5884
56 62 40.253
62 56 40.253
80 41 32.1356
41 80 32.1356
132 170 20.3511
170 132 20.3511
268 240 81.7689
240 268 81.7689
8 37 15.7085
37 8 15.7085
165 87 21.7199
87 165 21.7199
163 196 23.5476
196 163 23.5476
280 259 79.3378
259 280 79.3378
269 17 62.7726
17 269 62.7726
137 276 93.3354
276 137 93.3354
36 54 69.4653
54 36 69.4653
223 112 45.2321
112 223 45.2321
42 135 65.4052
135 42 65.4052
195 254 55.6941
254 195 55.6941
72 117 20.639
117 72 20.639
265 256 15.2237
256 265 15.2237
149 256 19.2562
256 149 19.2562
118 252 77.0299
252 118 77.0299
44 71 88.6205
71 44 88.6205
67 34 23.493
34 67 23.493
48 148 64.4644
148 48 64.4644
200 175 20.628
175 200 20.628
181 112 72.4592
112 181 72.4592
60 201 85.9868
201 60 85.9868
99 11 38.2294
11 99 38.2294
102 140 96.9566
140 102 96.9566
10 119 38.7001
119 10 38.7001
267 201 39.1283
201 267 39.1283
77 173 80.4284
173 77 80.4284
168 233 41.2757
233 168 41.2757
99 188 11.0804
188 99 11.0804
272 37 40.2844
37 272 40.2844
50 13 67.2513
13 50 67.2513
165 34 41.4521
34 165 41.4521
154 182 62.1876
182 154 62.1876
176 43 66.5299
43 176 66.5299
92 82 86.5867
82 92 86.5867
41 67 78.5322
67 41 78.5322
12 59 82.1672
59 12 82.1672
275 272 63.3805
272 275 63.3805
266 90 59.6717
90 266 59.6717
35 178 18.5486
178 35 18.5486
140 25 90.5373
25 140 90.5373
144 21 39.4673
21 144 39.4673
124 109 49.5964
109 124 49.5964
191 46 81.4152
46 191 81.4152
39 106 81.2824
106 39 81.2824
158 251 32.386
251 158 32.386
271 4 43.0768
4 271 43.0768
277 51 68.7062
51 277 68.7062
192 205 75.9403
205 192 75.9403
48 122 93.4781
122 48 93.4781
7 181 37.3445
181 7 37.3445
176 167 83.9518
167 176 83.9518
240 211 10.4166
211 240 10.4166
247 44 37.237
44 247 37.237
154 2 68.4609
2 154 68.4609
30 151 26.4325
151 30 26.4325
224 17 19.5546
17 224 19.5546
203 181 64.4927
181 203 64.4927
270 229 35.2921
229 270 35.2921
142 211 45.6805
211 142 45.6805
107 27 23.9244
27 107 23.9244
224 14 56.0391
14 224 56.0391
131 254 43.8511
254 131 43.8511
125 183 27.2694
183 125 27.2694
264 178 92.2707
178 264 92.2707
33 191 26.3138
191 33 26.3138
49 173 37.8091
173 49 37.8091
184 28 15.5535
28 184 15.5535
252 34 71.6577
34 252 71.6577
126 214 81.6084
214 126 81.6084
102 125 99.474
125 102 99.474
11 207 30.3621
207 11 30.3621
72 108 20.0689
108 72 20.0689
57 200 66.3845
200 57 66.3845
93 37 58.8027
37 93 58.8027
170 264 38.049
264 170 38.049
248 199 15.3931
199 248 15.3931
0 53 79.8738
53 0 79.8738
10 273 43.1301
273 10 43.1301
42 184 22.2676
184 42 22.2676
210 41 17.3278
41 210 17.3278
33 61 40.127
61 33 40.127
29 9 65.7995
9 29 65.7995
243 208 72.1072
208 243 72.1072
127 275 32.716
275 127 32.716
265 105 43.7958
105 265 43.7958
61 132 15.4734
132 61 15.4734
54 166 21.9521
166 54 21.9521
13 225 82.2
225 13 82.2
26 93 87.724
93 26 87.724
268 187 73.0582
187 268 73.0582
127 240 25.7092
240 127 25.7092
216 138 22.9532
138 216 22.9532
228 81 40.4762
81 228 40.4762
222 272 42.4604
272 222 42.4604
260 184 20.7854
184 260 20.7854
69 138 48.516
138 69 48.516
43 248 80.6776
248 43 80.6776
154 72 29.4305
72 154 29.4305
138 56 56.5922
56 138 56.5922
152 23 61.8501
23 152 61.8501
226 276 75.2774
276 226 75.2774
10 106 55.7006
106 10 55.7006
170 214 55.2167
214 170 55.2167
146 74 22.6206
74 146 22.6206
207 276 95.7438
276 207 95.7438
216 72 64.0917
72 216 64.0917
121 29 28.5464
29 121 28.5464
58 280 32.6827
280 58 32.6827
71 20 59.5107
20 71 59.5107
147 210 52.7681
210 147 52.7681
193 145 99.3127
145 193 99.3127
57 184 30.3003
184 57 30.3003
174 52 70.5418
52 174 70.5418
252 114 72.4322
114 252 72.4322
53 197 14.0008
197 53 14.0008
189 203 79.4518
203 189 79.4518
55 134 49.2528
134 55 49.2528
84 189 56.5073
189 84 56.5073
0 153 52.9652
153 0 52.9652
261 47 50.9326
47 261 50.9326
255 194 76.1965
194 255 76.1965
73 137 23.6853
137 73 23.6853
75 69 65.7525
69 75 65.7525
253 97 85.9741
97 253 85.9741
94 221 76.7713
221 94 76.7713
256 20 17.0235
20 256 17.0235
217 101 61.5571
101 217 61.5571
78 21 75.5365
21 78 75.5365
232 241 42.2917
241 232 42.2917
0 195 21.4555
195 0 21.4555
188 77 98.7885
77 188 98.7885
47 50 24.1332
50 47 24.1332
184 79 64.3275
79 184 64.3275
194 88 45.2566
88 194 45.2566
33 253 84.5955
253 33 84.5955
208 192 63.0884
192 208 63.0884
26 254 54.2932
254 26 54.2932
160 53 25.3717
53 160 25.3717
139 71 32.9339
71 139 32.9339
64 136 15.4787
136 64 15.4787
9 232 79.3723
232 9 79.3723
1 38 54.8083
38 1 54.8083
58 223 61.5238
223 58 61.5238
161 186 43.4649
186 161 43.4649
210 219 83.0389
219 210 83.0389
164 6 11.8934
6 164 11.8934
90 19 70.4948
19 90 70.4948
22 15 22.853
15 22 22.853
27 270 13.689
270 27 13.689
109 276 43.0776
276 109 43.0776
193 213 90.8886
213 193 90.8886
134 142 20.4928
142 134 20.4928
179 130 76.9003
130 179 76.9003
76 88 13.3157
88 76 13.3157
178 191 57.7419
191 178 57.7419
239 0 58.9706
0 239 58.9706
222 211 29.32
211 222 29.32
227 62 90.4828
62 227 90.4828
232 237 97.6048
237 232 97.6048
210 183 90.5583
183 210 90.5583
210 56 37.593
56 210 37.593
59 216 75.1977
216 59 75.1977
134 13 15.4425
13 134 15.4425
64 10 29.4763
10 64 29.4763
39 22 21.7353
22 39 21.7353
265 221 48.9108
221 265 48.9108
10 58 27.7761
58 10 27.7761
90 91 11.5646
91 90 11.5646
181 89 87.6196
89 181 87.6196
158 8 62.911
8 158 62.911
200 30 69.4658
30 200 69.4658
47 226 25.1208
226 47 25.1208
204 59 85.0384
59 204 85.0384
269 265 51.2075
265 269 51.2075
254 172 36.4311
172 254 36.4311
164 0 49.007
0 164 49.007
139 94 38.745
94 139 38.745
157 201 86.938
201 157 86.938
75 70 20.6658
70 75 20.6658
13 103 83.1092
103 13 83.1092
267 62 97.3804
62 267 97.3804
257 29 83.9721
29 257 83.9721
0 278 61.3591
278 0 61.3591
31 210 52.6091
210 31 52.6091
248 226 72.6792
226 248 72.6792
105 96 91.9895
96 105 91.9895
128 136 16.5615
136 128 16.5615
166 246 64.7204
246 166 64.7204
66 244 89.8111
244 66 89.8111
172 185 21.0714
185 172 21.0714
167 216 86.3975
216 167 86.3975
173 247 79.97
247 173 79.97
279 263 80.6106
263 279 80.6106
87 94 66.7194
94 87 66.7194
66 115 25.2691
115 66 25.2691
254 10 40.7491
10 254 40.7491
73 143 32.3496
143 73 32.3496
19 174 44.4715
174 19 44.4715
111 95 53.6889
95 111 53.6889
259 257 87.9601
257 259 87.9601
195 158 36.6599
158 195 36.6599
51 133 30.9449
133 51 30.9449
176 33 97.6925
33 176 97.6925
173 190 23.7586
190 173 23.7586
236 230 68.3355
230 236 68.3355
63 255 92.0107
255 63 92.0107
192 78 48.6348
78 192 48.6348
182 19 58.4502
19 182 58.4502
2 71 58.7076
71 2 58.7076
278 75 44.9392
75 278 44.9392
142 139 85.8845
139 142 85.8845
132 228 75.3316
228 132 75.3316
57 104 74.286
104 57 74.286
273 110 63.5489
110 273 63.5489
102 218 35.2188
218 102 35.2188
2 82 56.6108
82 2 56.6108
140 228 41.0009
228 140 41.0009
200 136 47.2681
136 200 47.2681
174 45 44.4122
45 174 44.4122
162 127 49.7611
127 162 49.7611
253 271 76.8121
271 253 76.8121
165 215 23.736
215 165 23.736
109 141 62.5196
141 109 62.5196
270 205 20.3833
205 270 20.3833
155 268 60.461
268 155 60.461
7 266 67.4065
266 7 67.4065
4 127 90.4542
127 4 90.4542
168 98 59.7784
98 168 59.7784
236 241 93.0371
241 236 93.0371
231 116 92.5461
116 231 92.5461
142 196 47.114
196 142 47.114
77 141 15.7348
141 77 15.7348
219 81 42.5365
81 219 42.5365
104 196 63.3473
196 104 63.3473
47 105 92.5744
105 47 92.5744
83 252 80.9386
252 83 80.9386
251 55 70.8552
55 251 70.8552
250 203 71.5539
203 250 71.5539
189 244 18.8612
244 189 18.8612
168 214 10.2209
214 168 10.2209
234 194 81.2878
194 234 81.2878
244 221 98.8358
221 244 98.8358
85 79 80.5538
79 85 80.5538
110 47 45.2933
47 110 45.2933
215 213 67.2248
213 215 67.2248
170 162 46.0235
162 170 46.0235
117 248 95.7023
248 117 95.7023
164 261 85.0341
261 164 85.0341
153 138 30.0337
138 153 30.0337
119 220 39.976
220 119 39.976
19 108 40.4588
108 19 40.4588
196 179 32.4311
179 196 32.4311
202 11 25.5121
11 202 25.5121
218 160 47.3665
160 218 47.3665
270 198 82.2391
198 270 82.2391
262 275 73.689
275 262 73.689
74 41 11.5113
41 74 11.5113
1 249 88.7559
249 1 88.7559
31 208 36.0458
208 31 36.0458
71 11 84.0548
11 71 84.0548
264 43 13.7681
43 264 13.7681
165 118 62.1245
118 165 62.1245
113 39 15.3196
39 113 15.3196
160 241 41.6598
241 160 41.6598
24 97 86.2747
97 24 86.2747
4 255 66.3007
255 4 66.3007
228 181 64.4956
181 228 64.4956
152 161 79.4586
161 152 79.4586
144 89 12.416
89 144 12.416
126 276 34.7666
276 126 34.7666
188 91 34.0799
91 188 34.0799
10 43 74.3559
43 10 74.3559
104 166 41.2063
166 104 41.2063
12 61 63.1342
61 12 63.1342
266 140 44.6929
140 266 44.6929
201 0 99.4509
0 201 99.4509
177 126 17.3881
126 177 17.3881
213 222 57.0868
222 213 57.0868
146 191 64.974
191 146 64.974
156 78 87.5518
78 156 87.5518
17 99 23.5203
99 17 23.5203
60 77 67.6953
77 60 67.6953
157 258 71.3305
258 157 71.3305
258 106 90.3395
106 258 90.3395
177 226 10.1466
226 177 10.1466
87 109 49.6187
109 87 49.6187
145 107 99.2657
107 145 99.2657
64 263 11.1656
263 64 11.1656
115 262 86.7783
262 115 86.7783
261 171 65.2722
171 261 65.2722
33 27 17.0574
27 33 17.0574
26 197 19.7685
197 26 19.7685
273 254 11.4727
254 273 11.4727
12 274 18.4185
274 12 18.4185
9 273 53.155
273 9 53.155
202 211 57.4006
211 202 57.4006
73 110 68.0431
110 73 68.0431
42 34 35.4528
34 42 35.4528
107 110 93.8912
110 107 93.8912
186 114 15.0346
114 186 15.0346
141 118 72.6996
118 141 72.6996
202 113 71.5057
113 202 71.5057
19 41 45.4858
41 19 45.4858
83 29 47.8534
29 83 47.8534
95 20 54.8261
20 95 54.8261
67 216 29.4508
216 67 29.4508
47 197 95.6825
197 47 95.6825
152 55 99.0408
55 152 99.0408
228 191 67.2255
191 228 67.2255
116 194 28.9032
194 116 28.9032
80 250 54.5807
250 80 54.5807
103 170 34.7684
170 103 34.7684
99 133 36.569
133 99 36.569
28 253 36.059
253 28 36.059
45 264 16.7079
264 45 16.7079
204 254 14.9016
254 204 14.9016
94 155 45.97
155 94 45.97
244 212 27.8128
212 244 27.8128
141 29 15.0496
29 141 15.0496
238 263 42.2059
263 238 42.2059
197 81 90.0166
81 197 90.0166
252 117 51.8202
117 252 51.8202
109 265 11.1436
265 109 11.1436
214 143 66.1554
143 214 66.1554
105 185 28.9138
185 105 28.9138
210 126 36.4504
126 210 36.4504
73 36 76.5007
36 73 76.5007
134 118 83.1421
118 134 83.1421
79 223 89.0538
223 79 89.0538
120 45 74.9252
45 120 74.9252
138 261 45.7598
261 138 45.7598
2 272 14.9541
272 2 14.9541
92 178 44.0727
178 92 44.0727
140 268 72.4611
268 140 72.4611
56 213 24.7019
213 56 24.7019
43 168 12.5259
168 43 12.5259
135 263 38.2642
263 135 38.2642
72 36 58.9354
36 72 58.9354
66 247 96.2949
247 66 96.2949
266 73 68.2203
73 266 68.2203
193 228 66.6747
228 193 66.6747
255 90 22.6179
90 255 22.6179
94 133 93.9829
133 94 93.9829
175 41 94.2611
41 175 94.2611
219 264 89.8816
264 219 89.8816
62 127 22.7
127 62 22.7
227 56 34.8143
56 227 34.8143
45 99 40.0422
99 45 40.0422
99 187 29.2901
187 99 29.2901
134 276 99.2793
276 134 99.2793
211 22 45.2004
22 211 45.2004
101 232 80.6314
232 101 80.6314
199 91 58.1046
91 199 58.1046
190 176 93.4676
176 190 93.4676
124 195 74.2103
195 124 74.2103
26 128 46.4314
128 26 46.4314
104 35 47.9094
35 104 47.9094
32 48 49.6896
48 32 49.6896
198 61 51.8544
61 198 51.8544
36 3 85.535
3 36 85.535
173 21 62.7465
21 173 62.7465
182 99 22.0208
99 182 22.0208
199 244 46.5015
244 199 46.5015
94 194 75.604
194 94 75.604
193 100 95.9078
100 193 95.9078
38 221 68.1404
221 38 68.1404
43 236 13.9774
236 43 13.9774
157 41 44.2749
41 157 44.2749
116 213 55.4391
213 116 55.4391
193 166 96.2476
166 193 96.2476
246 180 73.9976
180 246 73.9976
177 8 97.1005
8 177 97.1005
96 132 27.4824
132 96 27.4824
48 197 98.6634
197 48 98.6634
56 268 51.4176
268 56 51.4176
42 19 79.8117
19 42 79.8117
105 190 13.1251
190 105 13.1251
219 252 97.0161
252 219 97.0161
4 2 39.042
2 4 39.042
89 158 85.9805
158 89 85.9805
70 126 86.7275
126 70 86.7275
157 186 47.5884
186 157 47.5884
87 113 37.6977
113 87 37.6977
149 81 21.9563
81 149 21.9563
244 70 70.2319
70 244 70.2319
251 57 69.3608
57 251 69.3608
25 142 10.3929
142 25 10.3929
54 230 49.2129
230 54 49.2129
64 166 35.597
166 64 35.597
199 132 50.2094
132 199 50.2094
67 259 84.7219
259 67 84.7219
95 68 42.6513
68 95 42.6513
165 227 54.4843
227 165 54.4843
81 207 19.6812
207 81 19.6812
197 222 67.6963
222 197 67.6963
122 14 35.9457
14 122 35.9457
138 184 65.6869
184 138 65.6869
217 175 96.5596
175 217 96.5596
224 110 19.4384
110 224 19.4384
115 271 55.9408
271 115 55.9408
174 39 86.5258
39 174 86.5258
3 51 10.2841
51 3 10.2841
232 214 57.7954
214 232 57.7954
30 273 46.0687
273 30 46.0687
128 187 65.5524
187 128 65.5524
114 23 23.1157
23 114 23.1157
78 117 35.6779
117 78 35.6779
78 249 13.5429
249 78 13.5429
72 28 22.025
28 72 22.025
67 143 88.2695
143 67 88.2695
241 182 99.4783
182 241 99.4783
78 5 98.6047
5 78 98.6047
78 215 56.7856
215 78 56.7856
165 268 48.959
268 165 48.959
247 30 33.3116
30 247 33.3116
104 187 20.3305
187 104 20.3305
128 32 31.6068
32 128 31.6068
60 273 26.4288
273 60 26.4288
185 66 64.3558
66 185 64.3558
175 76 50.4871
76 175 50.4871
127 55 51.7143
55 127 51.7143
104 93 42.7473
93 104 42.7473
124 216 29.0521
216 124 29.0521
143 189 91.9883
189 143 91.9883
95 5 83.7112
5 95 83.7112
252 3 38.8555
3 252 38.8555
272 204 58.2706
204 272 58.2706
170 279 31.9811
279 170 31.9811
186 96 58.3875
96 186 58.3875
142 17 35.5263
17 142 35.5263
89 275 28.5581
275 89 28.5581
76 245 58.8477
245 76 58.8477
177 102 44.6433
102 177 44.6433
203 228 20.3203
228 203 20.3203
66 256 39.6518
256 66 39.6518
278 4 51.6827
4 278 51.6827
89 70 62.9574
70 89 62.9574
147 59 80.2666
59 147 80.2666
51 215 82.6031
215 51 82.6031
52 179 41.101
179 52 41.101
204 152 59.0209
152 204 59.0209
8 75 47.9423
75 8 47.9423
157 185 38.2632
185 157 38.2632
110 16 38.3882
16 110 38.3882
195 34 76.8827
34 195 76.8827
32 164 34.3951
164 32 34.3951
12 113 22.3393
113 12 22.3393
41 90 13.0468
90 41 13.0468
181 33 94.5069
33 181 94.5069
150 1 76.0629
1 150 76.0629
141 261 83.7353
261 141 83.7353
75 214 19.3049
214 75 19.3049
45 82 20.8698
82 45 20.8698
116 203 50.6166
203 116 50.6166
81 119 26.088
119 81 26.088
99 218 22.5789
218 99 22.5789
168 15 70.6912
15 168 70.6912
142 170 88.1693
170 142 88.1693
91 268 91.754
268 91 91.754
7 230 79.0917
230 7 79.0917
19 0 36.7799
0 19 36.7799
195 153 86.1344
153 195 86.1344
204 247 94.3248
247 204 94.3248
205 142 44.2274
142 205 44.2274
200 267 20.123
267 200 20.123
280 46 12.4172
46 280 12.4172
60 118 61.1836
118 60 61.1836
37 156 66.0453
156 37 66.0453
1 135 61.2189
135 1 61.2189
37 88 26.2837
88 37 26.2837
92 138 43.1946
138 92 43.1946
179 182 49.3917
182 179 49.3917
161 113 20.1632
113 161 20.1632
122 101 23.6306
101 122 23.6306
0 142 70.918
142 0 70.918
126 148 92.7983
148 126 92.7983
248 51 35.3976
51 248 35.3976
73 278 52.5786
278 73 52.5786
27 85 50.9083
85 27 50.9083
250 63 43.6916
63 250 43.6916
214 135 66.7617
135 214 66.7617
5 176 36.9616
176 5 36.9616
190 54 62.2503
54 190 62.2503
217 170 55.1464
170 217 55.1464
69 205 51.6676
205 69 51.6676
80 111 82.6182
111 80 82.6182
191 272 44.4442
272 191 44.4442
48 208 29.9296
208 48 29.9296
24 196 36.7844
196 24 36.7844
196 153 35.5987
153 196 35.5987
13 241 69.9117
241 13 69.9117
154 211 75.4213
211 154 75.4213
201 200 51.9393
200 201 51.9393
100 91 83.3095
91 100 83.3095
189 225 92.6972
225 189 92.6972
124 92 75.0637
92 124 75.0637
83 95 97.3139
95 83 97.3139
114 217 36.6196
217 114 36.6196
197 87 43.8534
87 197 43.8534
126 127 76.0606
127 126 76.0606
68 271 40.4671
271 68 40.4671
213 36 23.8181
36 213 23.8181
43 256 71.3679
256 43 71.3679
207 113 24.5114
113 207 24.5114
59 10 29.4897
10 59 29.4897
271 241 62.9468
241 271 62.9468
132 175 40.5303
175 132 40.5303
59 161 45.4202
161 59 45.4202
112 243 14.3682
243 112 14.3682
103 97 58.5799
97 103 58.5799
68 188 83.1193
188 68 83.1193
198 17 20.17
17 198 20.17
245 269 14.7834
269 245 14.7834
234 138 14.8607
138 234 14.8607
42 45 21.1912
45 42 21.1912
22 88 84.8732
88 22 84.8732
95 208 41.0266
208 95 41.0266
94 262 16.8552
262 94 16.8552
33 105 82.4487
105 33 82.4487
67 170 46.9087
170 67 46.9087
52 25 80.1742
25 52 80.1742
168 122 47.1524
122 168 47.1524
121 215 13.0305
215 121 13.0305
185 122 70.2268
122 185 70.2268
42 266 39.0429
266 42 39.0429
170 33 33.8644
33 170 33.8644
269 232 34.8094
232 269 34.8094
259 251 96.02
251 259 96.02
23 218 89.9367
218 23 89.9367
132 26 58.3379
26 132 58.3379
13 68 73.0364
68 13 73.0364
115 65 13.6137
65 115 13.6137
162 272 95.3006
272 162 95.3006
272 154 94
154 272 94
67 100 80.8292
100 67 80.8292
230 263 48.3245
263 230 48.3245
133 84 56.5388
84 133 56.5388
265 108 14.8779
108 265 14.8779
55 141 65.7538
141 55 65.7538
152 172 34.536
172 152 34.536
265 8 99.4599
8 265 99.4599
71 91 14.935
91 71 14.935
74 109 97.1533
109 74 97.1533
