316 5110 242 270
1 0 79.0404
0 1 79.0404
2 0 16.4407
0 2 16.4407
3 0 33.8166
0 3 33.8166
4 1 91.8575
1 4 91.8575
5 0 45.4038
0 5 45.4038
6 5 61.5718
5 6 61.5718
7 5 27.0544
5 7 27.0544
8 5 98.2039
5 8 98.2039
9 8 34.5521
8 9 34.5521
10 9 43.0981
9 10 43.0981
11 0 80.8706
0 11 80.8706
12 9 93.4842
9 12 93.4842
13 9 16.5231
9 13 16.5231
14 13 22.1289
13 14 22.1289
15 6 81.1336
6 15 81.1336
16 11 81.269
11 16 81.269
17 12 71.2574
12 17 71.2574
18 14 87.2436
14 18 87.2436
19 8 39.9092
8 19 39.9092
20 10 43.4656
10 20 43.4656
21 10 73.089
10 21 73.089
22 7 36.9149
7 22 36.9149
23 6 69.8281
6 23 69.8281
24 2 70.7283
2 24 70.7283
25 23 43.0867
23 25 43.0867
26 24 22.4136
24 26 22.4136
27 23 52.4203
23 27 52.4203
28 4 36.9322
4 28 36.9322
29 9 28.7023
9 29 28.7023
30 17 90.5743
17 30 90.5743
31 12 21.6562
12 31 21.6562
32 11 81.8699
11 32 81.8699
33 6 43.2596
6 33 43.2596
34 21 62.1932
21 34 62.1932
35 29 18.8294
29 35 18.8294
36 7 83.9159
7 36 83.9159
37 24 94.9883
24 37 94.9883
38 8 48.6794
8 38 48.6794
39 7 43.7828
7 39 43.7828
40 10 14.2793
10 40 14.2793
41 33 75.1578
33 41 75.1578
42 41 50.0022
41 42 50.0022
43 10 29.7203
10 43 29.7203
44 20 17.4864
20 44 17.4864
45 12 83.9542
12 45 83.9542
46 17 16.5228
17 46 16.5228
47 16 80.198
16 47 80.198
48 29 95.365
29 48 95.365
49 13 74.7512
13 49 74.7512
50 27 45.6337
27 50 45.6337
51 7 90.4395
7 51 90.4395
52 16 19.9225
16 52 19.9225
53 42 19.753
42 53 19.753
54 35 99.2747
35 54 99.2747
55 36 53.6986
36 55 53.6986
56 25 18.3424
25 56 18.3424
57 3 98.5108
3 57 98.5108
58 9 22.0209
9 58 22.0209
59 56 39.6501
56 59 39.6501
60 18 21.5075
18 60 21.5075
61 29 84.9699
29 61 84.9699
62 52 85.8897
52 62 85.8897
63 19 88.3905
19 63 88.3905
64 3 98.6316
3 64 98.6316
65 42 46.1253
42 65 46.1253
66 23 42.5749
23 66 42.5749
67 30 67.1763
30 67 67.1763
68 12 68.1592
12 68 68.1592
69 64 28.0314
64 69 28.0314
70 58 63.3726
58 70 63.3726
71 32 39.1079
32 71 39.1079
72 44 68.2535
44 72 68.2535
73 29 75.6663
29 73 75.6663
74 4 63.4174
4 74 63.4174
75 65 33.8943
65 75 33.8943
76 3 78.6398
3 76 78.6398
77 1 34.5439
1 77 34.5439
78 62 73.1017
62 78 73.1017
79 4 22.6237
4 79 22.6237
80 15 68.9137
15 80 68.9137
81 13 14.1287
13 81 14.1287
82 30 40.1528
30 82 40.1528
83 8 30.3344
8 83 30.3344
84 53 95.0392
53 84 95.0392
85 0 73.9751
0 85 73.9751
86 64 14.7952
64 86 14.7952
87 43 71.6754
43 87 71.6754
88 4 75.0667
4 88 75.0667
89 34 26.3226
34 89 26.3226
90 25 49.559
25 90 49.559
91 74 83.6682
74 91 83.6682
92 38 48.8599
38 92 48.8599
93 85 55.0556
85 93 55.0556
94 73 68.4304
73 94 68.4304
95 58 68.8894
58 95 68.8894
96 82 76.8398
82 96 76.8398
97 16 64.9687
16 97 64.9687
98 17 67.9297
17 98 67.9297
99 42 25.6476
42 99 25.6476
100 29 11.6122
29 100 11.6122
101 48 85.425
48 101 85.425
102 76 30.2204
76 102 30.2204
103 66 26.1096
66 103 26.1096
104 10 22.4333
10 104 22.4333
105 43 98.4507
43 105 98.4507
106 95 43.0764
95 106 43.0764
107 89 89.3056
89 107 89.3056
108 43 14.7383
43 108 14.7383
109 71 57.1858
71 109 57.1858
110 72 99.884
72 110 99.884
111 40 19.4413
40 111 19.4413
112 88 50.5632
88 112 50.5632
113 68 36.167
68 113 36.167
114 99 23.1042
99 114 23.1042
115 8 94.2147
8 115 94.2147
116 48 19.7396
48 116 19.7396
117 111 17.7331
111 117 17.7331
118 23 17.9971
23 118 17.9971
119 24 77.0169
24 119 77.0169
120 19 24.9412
19 120 24.9412
121 56 13.7393
56 121 13.7393
122 28 59.2955
28 122 59.2955
123 73 62.7992
73 123 62.7992
124 8 90.6054
8 124 90.6054
125 95 20.8354
95 125 20.8354
126 78 58.2518
78 126 58.2518
127 100 95.8673
100 127 95.8673
128 68 31.5396
68 128 31.5396
129 16 67.7669
16 129 67.7669
130 17 55.8483
17 130 55.8483
131 18 20.018
18 131 20.018
132 7 89.4286
7 132 89.4286
133 72 38.7584
72 133 38.7584
134 28 97.5938
28 134 97.5938
135 23 53.6547
23 135 53.6547
136 60 23.0073
60 136 23.0073
137 83 91.8845
83 137 91.8845
138 137 64.5068
137 138 64.5068
139 42 41.3761
42 139 41.3761
140 15 92.6709
15 140 92.6709
141 53 42.2
53 141 42.2
142 75 52.2602
75 142 52.2602
143 30 38.1621
30 143 38.1621
144 94 26.8551
94 144 26.8551
145 120 13.2909
120 145 13.2909
146 117 38.9434
117 146 38.9434
147 130 71.3845
130 147 71.3845
148 75 46.4459
75 148 46.4459
149 69 69.3929
69 149 69.3929
150 149 36.2081
149 150 36.2081
151 23 17.4466
23 151 17.4466
152 12 35.2807
12 152 35.2807
153 140 58.6118
140 153 58.6118
154 133 88.8659
133 154 88.8659
155 3 28.788
3 155 28.788
156 61 89.3623
61 156 89.3623
157 56 21.1028
56 157 21.1028
158 132 35.0846
132 158 35.0846
159 116 49.4579
116 159 49.4579
160 104 59.4698
104 160 59.4698
161 30 19.1573
30 161 19.1573
162 120 51.0184
120 162 51.0184
163 21 84.9446
21 163 84.9446
164 139 52.0338
139 164 52.0338
165 95 23.9606
95 165 23.9606
166 64 32.2675
64 166 32.2675
167 87 28.0922
87 167 28.0922
168 159 61.2366
159 168 61.2366
169 10 67.9939
10 169 67.9939
170 93 27.626
93 170 27.626
171 147 49.2919
147 171 49.2919
172 163 52.5065
163 172 52.5065
173 146 76.1463
146 173 76.1463
174 9 54.1426
9 174 54.1426
175 36 86.2289
36 175 86.2289
176 96 72.8306
96 176 72.8306
177 29 99.0352
29 177 99.0352
178 11 77.8189
11 178 77.8189
179 169 16.6211
169 179 16.6211
180 87 66.8854
87 180 66.8854
181 96 37.7225
96 181 37.7225
182 4 34.9882
4 182 34.9882
183 110 78.0783
110 183 78.0783
184 20 84.3121
20 184 84.3121
185 88 76.599
88 185 76.599
186 56 33.6899
56 186 33.6899
187 151 50.8345
151 187 50.8345
188 170 47.8916
170 188 47.8916
189 136 40.8269
136 189 40.8269
190 189 68.8241
189 190 68.8241
191 60 72.1547
60 191 72.1547
192 132 97.6038
132 192 97.6038
193 75 14.7578
75 193 14.7578
194 43 42.3629
43 194 42.3629
195 100 90.0438
100 195 90.0438
196 116 78.5297
116 196 78.5297
197 70 47.6985
70 197 47.6985
198 67 17.3634
67 198 17.3634
199 157 11.2001
157 199 11.2001
200 48 57.5314
48 200 57.5314
201 195 87.5531
195 201 87.5531
202 19 10.8252
19 202 10.8252
203 23 38.6259
23 203 38.6259
204 150 69.0132
150 204 69.0132
205 42 95.7765
42 205 95.7765
206 199 78.5516
199 206 78.5516
207 146 35.837
146 207 35.837
208 89 72.9248
89 208 72.9248
209 149 65.7351
149 209 65.7351
210 175 90.0764
175 210 90.0764
211 142 56.3749
142 211 56.3749
212 174 23.312
174 212 23.312
213 194 61.1926
194 213 61.1926
214 172 40.1271
172 214 40.1271
215 202 43.4242
202 215 43.4242
216 193 45.3091
193 216 45.3091
217 21 52.6649
21 217 52.6649
218 121 96.0074
121 218 96.0074
219 137 74.6003
137 219 74.6003
220 25 98.2795
25 220 98.2795
221 109 80.2979
109 221 80.2979
222 129 13.7616
129 222 13.7616
223 200 68.2028
200 223 68.2028
224 110 39.7672
110 224 39.7672
225 52 51.1023
52 225 51.1023
226 175 16.5363
175 226 16.5363
227 214 34.7421
214 227 34.7421
228 216 77.6092
216 228 77.6092
229 94 97.0119
94 229 97.0119
230 49 89.7926
49 230 89.7926
231 199 47.5439
199 231 47.5439
232 8 47.2604
8 232 47.2604
233 159 70.4121
159 233 70.4121
234 13 34.1228
13 234 34.1228
235 11 45.5658
11 235 45.5658
236 225 46.3799
225 236 46.3799
237 174 56.0374
174 237 56.0374
238 133 45.8337
133 238 45.8337
239 169 71.8907
169 239 71.8907
240 238 49.7266
238 240 49.7266
241 131 56.5852
131 241 56.5852
242 189 32.468
189 242 32.468
243 188 55.7602
188 243 55.7602
244 119 87.8364
119 244 87.8364
245 149 28.9305
149 245 28.9305
246 147 73.4391
147 246 73.4391
247 209 69.6024
209 247 69.6024
248 142 43.0975
142 248 43.0975
249 29 81.2003
29 249 81.2003
250 164 79.5201
164 250 79.5201
251 177 77.4128
177 251 77.4128
252 208 10.5062
208 252 10.5062
253 234 30.0181
234 253 30.0181
254 110 39.0215
110 254 39.0215
255 42 57.3908
42 255 57.3908
256 101 31.0317
101 256 31.0317
257 151 42.0896
151 257 42.0896
258 195 45.2782
195 258 45.2782
259 6 44.1759
6 259 44.1759
260 168 16.7651
168 260 16.7651
261 107 11.298
107 261 11.298
262 11 19.2716
11 262 19.2716
263 103 16.9033
103 263 16.9033
264 117 23.4301
117 264 23.4301
265 162 16.7739
162 265 16.7739
266 50 44.8953
50 266 44.8953
267 75 13.6889
75 267 13.6889
268 58 85.4479
58 268 85.4479
269 21 95.5478
21 269 95.5478
270 241 78.3799
241 270 78.3799
271 235 22.38
235 271 22.38
272 107 98.657
107 272 98.657
273 215 22.228
215 273 22.228
274 152 45.4607
152 274 45.4607
275 259 56.182
259 275 56.182
276 122 82.8873
122 276 82.8873
277 88 16.9306
88 277 16.9306
278 35 86.9525
35 278 86.9525
279 59 62.2752
59 279 62.2752
280 215 67.6576
215 280 67.6576
281 54 42.3521
54 281 42.3521
282 187 94.8896
187 282 94.8896
283 198 12.0352
198 283 12.0352
284 77 32.8291
77 284 32.8291
285 21 14.9145
21 285 14.9145
286 272 29.1464
272 286 29.1464
287 0 76.7101
0 287 76.7101
288 192 74.3884
192 288 74.3884
289 53 79.4854
53 289 79.4854
290 109 50.933
109 290 50.933
291 215 91.8268
215 291 91.8268
292 215 62.9283
215 292 62.9283
293 98 53.808
98 293 53.808
294 116 24.7087
116 294 24.7087
295 14 98.6875
14 295 98.6875
296 62 74.672
62 296 74.672
297 116 58.4193
116 297 58.4193
298 281 54.2513
281 298 54.2513
299 259 67.7339
259 299 67.7339
300 20 47.6977
20 300 47.6977
301 158 24.3349
158 301 24.3349
302 67 27.5156
67 302 27.5156
303 29 92.939
29 303 92.939
304 269 75.553
269 304 75.553
305 235 47.7323
235 305 47.7323
306 258 90.9233
258 306 90.9233
307 213 81.4009
213 307 81.4009
308 220 70.8352
220 308 70.8352
309 19 90.3208
19 309 90.3208
310 294 40.6343
294 310 40.6343
311 136 65.6021
136 311 65.6021
312 293 56.9767
293 312 56.9767
313 248 12.4756
248 313 12.4756
314 105 41.0931
105 314 41.0931
315 179 58.7156
179 315 58.7156
310 255 37.4113
255 310 37.4113
227 76 49.6559
76 227 49.6559
140 10 42.7559
10 140 42.7559
216 18 43.862
18 216 43.862
137 241 80.7124
241 137 80.7124
38 279 12.7342
279 38 12.7342
312 207 22.1364
207 312 22.1364
243 92 49.3556
92 243 49.3556
157 251 71.0192
251 157 71.0192
266 14 32.8417
14 266 32.8417
161 207 46.1649
207 161 46.1649
200 61 74.2891
61 200 74.2891
13 237 15.3487
237 13 15.3487
58 214 26.0189
214 58 26.0189
208 85 26.5189
85 208 26.5189
165 38 26.5848
38 165 26.5848
45 209 85.3269
209 45 85.3269
305 188 37.4537
188 305 37.4537
309 47 25.3989
47 309 25.3989
87 129 48.4809
129 87 48.4809
266 5 25.0392
5 266 25.0392
129 96 36.8103
96 129 36.8103
313 72 21.4307
72 313 21.4307
40 77 98.1846
77 40 98.1846
21 136 82.9041
136 21 82.9041
74 272 57.904
272 74 57.904
17 244 40.7709
244 17 40.7709
167 92 43.9597
92 167 43.9597
279 206 81.203
206 279 81.203
138 160 99.6504
160 138 99.6504
114 315 33.3208
315 114 33.3208
25 216 42.6747
216 25 42.6747
206 303 45.1428
303 206 45.1428
134 43 77.4963
43 134 77.4963
301 75 86.6854
75 301 86.6854
235 23 39.0064
23 235 39.0064
72 214 95.9677
214 72 95.9677
23 83 88.5013
83 23 88.5013
219 22 46.2157
22 219 46.2157
13 64 42.5183
64 13 42.5183
231 110 70.9375
110 231 70.9375
100 164 46.8385
164 100 46.8385
187 62 26.9819
62 187 26.9819
31 20 86.7035
20 31 86.7035
311 248 90.7443
248 311 90.7443
35 117 11.582
117 35 11.582
142 54 59.659
54 142 59.659
292 257 56.8618
257 292 56.8618
262 188 85.4202
188 262 85.4202
310 154 61.978
154 310 61.978
260 77 76.762
77 260 76.762
117 47 15.3048
47 117 15.3048
103 104 24.8462
104 103 24.8462
246 28 61.1128
28 246 61.1128
293 287 25.3784
287 293 25.3784
114 205 70.9337
205 114 70.9337
72 248 87.4075
248 72 87.4075
118 129 94.1568
129 118 94.1568
131 41 61.0288
41 131 61.0288
237 92 89.7493
92 237 89.7493
238 307 83.9983
307 238 83.9983
289 8 21.8722
8 289 21.8722
293 205 46.4643
205 293 46.4643
247 229 75.2775
229 247 75.2775
311 47 15.894
47 311 15.894
110 255 11.4645
255 110 11.4645
124 288 36.3022
288 124 36.3022
197 58 14.3405
58 197 14.3405
251 173 75.2359
173 251 75.2359
124 94 72.5298
94 124 72.5298
188 215 56.0365
215 188 56.0365
48 271 78.913
271 48 78.913
274 307 38.8796
307 274 38.8796
64 225 38.8576
225 64 38.8576
40 273 17.8855
273 40 17.8855
149 187 58.5343
187 149 58.5343
114 238 25.2713
238 114 25.2713
233 36 77.1783
36 233 77.1783
44 297 52.7187
297 44 52.7187
175 106 30.7141
106 175 30.7141
14 278 28.0004
278 14 28.0004
150 271 92.0875
271 150 92.0875
225 97 71.129
97 225 71.129
305 273 67.4322
273 305 67.4322
47 251 53.2175
251 47 53.2175
294 137 27.9702
137 294 27.9702
12 0 55.1272
0 12 55.1272
18 275 12.5282
275 18 12.5282
48 178 27.9389
178 48 27.9389
236 248 60.5983
248 236 60.5983
45 25 30.6604
25 45 30.6604
279 212 47.1479
212 279 47.1479
291 310 63.422
310 291 63.422
132 100 59.0912
100 132 59.0912
114 261 90.4746
261 114 90.4746
43 56 33.9634
56 43 33.9634
309 291 77.5414
291 309 77.5414
278 169 93.9892
169 278 93.9892
159 218 63.8203
218 159 63.8203
261 204 28.4505
204 261 28.4505
49 156 60.4019
156 49 60.4019
198 193 90.1362
193 198 90.1362
290 95 69.3128
95 290 69.3128
214 13 71.7389
13 214 71.7389
313 224 24.8807
224 313 24.8807
135 156 90.9994
156 135 90.9994
292 16 88.4522
16 292 88.4522
115 164 94.4588
164 115 94.4588
263 165 49.1985
165 263 49.1985
10 71 46.2882
71 10 46.2882
198 130 19.5398
130 198 19.5398
248 86 41.968
86 248 41.968
228 152 70.5884
152 228 70.5884
118 259 39.546
259 118 39.546
268 212 95.315
212 268 95.315
120 309 62.2096
309 120 62.2096
315 96 33.9267
96 315 33.9267
253 101 91.6191
101 253 91.6191
226 72 48.6874
72 226 48.6874
116 152 11.0301
152 116 11.0301
17 72 74.7788
72 17 74.7788
46 21 70.3579
21 46 70.3579
133 70 13.5763
70 133 13.5763
309 205 70.9637
205 309 70.9637
93 130 53.6984
130 93 53.6984
47 60 32.0773
60 47 32.0773
261 199 30.7039
199 261 30.7039
22 76 75.1325
76 22 75.1325
204 155 64.0141
155 204 64.0141
160 183 15.1641
183 160 15.1641
163 81 96.0357
81 163 96.0357
110 218 35.4179
218 110 35.4179
169 197 78.759
197 169 78.759
38 106 53.3164
106 38 53.3164
218 93 10.419
93 218 10.419
277 51 37.3685
51 277 37.3685
97 101 87.7391
101 97 87.7391
141 293 35.1778
293 141 35.1778
224 59 34.9919
59 224 34.9919
253 121 31.1878
121 253 31.1878
110 197 75.0831
197 110 75.0831
37 196 17.4655
196 37 17.4655
170 6 26.8279
6 170 26.8279
177 14 81.5044
14 177 81.5044
250 307 73.3657
307 250 73.3657
158 303 86.5896
303 158 86.5896
82 112 85.8112
112 82 85.8112
225 1 97.2985
1 225 97.2985
14 149 16.348
149 14 16.348
285 144 69.4883
144 285 69.4883
236 145 84.9898
145 236 84.9898
117 54 50.6179
54 117 50.6179
136 70 14.376
70 136 14.376
92 3 16.8581
3 92 16.8581
220 116 13.5243
116 220 13.5243
189 22 89.817
22 189 89.817
46 247 38.173
247 46 38.173
110 213 14.3501
213 110 14.3501
168 192 23.1102
192 168 23.1102
119 15 57.025
15 119 57.025
265 9 55.5403
9 265 55.5403
268 197 76.3725
197 268 76.3725
307 34 79.9291
34 307 79.9291
47 207 51.1372
207 47 51.1372
201 289 56.2132
289 201 56.2132
185 152 41.1737
152 185 41.1737
308 122 64.3374
122 308 64.3374
141 168 77.2863
168 141 77.2863
225 251 35.7415
251 225 35.7415
32 102 43.977
102 32 43.977
269 110 84.8275
110 269 84.8275
14 136 94.644
136 14 94.644
128 50 88.2445
50 128 88.2445
169 97 43.3515
97 169 43.3515
137 132 18.302
132 137 18.302
231 237 60.8233
237 231 60.8233
206 57 76.5077
57 206 76.5077
307 189 96.5184
189 307 96.5184
190 170 55.3082
170 190 55.3082
262 224 42.9208
224 262 42.9208
206 183 90.8305
183 206 90.8305
126 112 85.0779
112 126 85.0779
14 24 37.6146
24 14 37.6146
223 104 60.1697
104 223 60.1697
243 146 45.8432
146 243 45.8432
183 315 36.5396
315 183 36.5396
286 241 45.0277
241 286 45.0277
133 40 40.9862
40 133 40.9862
184 9 40.315
9 184 40.315
27 267 57.0504
267 27 57.0504
147 120 19.2811
120 147 19.2811
302 272 19.7669
272 302 19.7669
41 121 81.0392
121 41 81.0392
21 29 67.249
29 21 67.249
81 305 68.2929
305 81 68.2929
248 180 70.0519
180 248 70.0519
285 163 94.2473
163 285 94.2473
247 312 97.1529
312 247 97.1529
256 152 47.0325
152 256 47.0325
287 13 41.3341
13 287 41.3341
182 52 27.8355
52 182 27.8355
46 300 92.0672
300 46 92.0672
144 99 74.9977
99 144 74.9977
271 7 21.9068
7 271 21.9068
206 244 26.7775
244 206 26.7775
143 144 67.0136
144 143 67.0136
288 298 58.7283
298 288 58.7283
275 314 79.4248
314 275 79.4248
267 257 65.6679
257 267 65.6679
303 114 93.2691
114 303 93.2691
252 14 45.829
14 252 45.829
273 81 50.0901
81 273 50.0901
249 13 31.9832
13 249 31.9832
276 252 28.3761
252 276 28.3761
277 119 31.8077
119 277 31.8077
141 202 50.8843
202 141 50.8843
74 45 93.113
45 74 93.113
301 42 32.6702
42 301 32.6702
254 120 65.899
120 254 65.899
12 284 20.5
284 12 20.5
91 107 49.9375
107 91 49.9375
275 160 55.2766
160 275 55.2766
25 245 35.3387
245 25 35.3387
212 122 29.5073
122 212 29.5073
83 78 97.0341
78 83 97.0341
121 107 47.0234
107 121 47.0234
129 3 93.286
3 129 93.286
219 14 41.7495
14 219 41.7495
213 294 44.6483
294 213 44.6483
50 129 60.0211
129 50 60.0211
274 1 78.6855
1 274 78.6855
298 40 47.4107
40 298 47.4107
106 283 68.7655
283 106 68.7655
172 223 10.3202
223 172 10.3202
188 19 95.9138
19 188 95.9138
261 56 81.3072
56 261 81.3072
284 134 38.3863
134 284 38.3863
80 258 50.3254
258 80 50.3254
64 115 52.202
115 64 52.202
260 60 33.873
60 260 33.873
38 204 68.3536
204 38 68.3536
151 120 75.9221
120 151 75.9221
182 143 50.1246
143 182 50.1246
311 126 66.8444
126 311 66.8444
90 159 28.9797
159 90 28.9797
169 290 70.5792
290 169 70.5792
28 209 21.9972
209 28 21.9972
190 97 96.3695
97 190 96.3695
222 286 85.3941
286 222 85.3941
98 182 67.7622
182 98 67.7622
199 42 51.7209
42 199 51.7209
283 279 69.9509
279 283 69.9509
140 107 87.6574
107 140 87.6574
295 226 71.7514
226 295 71.7514
310 282 18.0475
282 310 18.0475
115 230 63.2203
230 115 63.2203
76 167 80.8645
167 76 80.8645
107 73 45.0371
73 107 45.0371
314 191 74.0832
191 314 74.0832
16 176 79.381
176 16 79.381
102 268 70.2341
268 102 70.2341
306 110 70.9109
110 306 70.9109
81 304 91.3406
304 81 91.3406
174 311 25.1201
311 174 25.1201
53 246 67.996
246 53 67.996
6 238 84.2402
238 6 84.2402
244 239 59.2149
239 244 59.2149
109 147 24.1057
147 109 24.1057
75 19 37.2408
19 75 37.2408
182 82 17.1445
82 182 17.1445
48 249 74.123
249 48 74.123
220 240 23.9251
240 220 23.9251
89 311 49.1434
311 89 49.1434
286 5 66.0193
5 286 66.0193
127 159 22.6485
159 127 22.6485
182 49 28.872
49 182 28.872
53 272 62.825
272 53 62.825
187 103 35.0144
103 187 35.0144
60 0 18.0451
0 60 18.0451
20 165 87.3992
165 20 87.3992
63 231 12.6581
231 63 12.6581
57 7 35.8375
7 57 35.8375
269 208 10.0434
208 269 10.0434
213 80 24.9081
80 213 24.9081
291 83 91.9632
83 291 91.9632
283 254 94.0124
254 283 94.0124
88 68 74.1967
68 88 74.1967
173 23 47.8012
23 173 47.8012
70 234 48.454
234 70 48.454
37 256 64.8004
256 37 64.8004
289 61 75.9037
61 289 75.9037
253 135 40.5173
135 253 40.5173
298 261 17.6681
261 298 17.6681
32 138 31.056
138 32 31.056
158 197 62.532
197 158 62.532
68 117 81.0646
117 68 81.0646
128 291 82.3566
291 128 82.3566
118 160 94.5536
160 118 94.5536
68 297 33.7054
297 68 33.7054
199 40 94.2751
40 199 94.2751
86 181 14.861
181 86 14.861
126 165 94.9646
165 126 94.9646
69 240 96.2122
240 69 96.2122
217 60 29.9436
60 217 29.9436
139 283 81.1419
283 139 81.1419
267 249 59.2201
249 267 59.2201
145 188 98.2679
188 145 98.2679
181 273 47.7996
273 181 47.7996
86 298 71.9213
298 86 71.9213
205 127 83.6875
127 205 83.6875
256 115 52.9007
115 256 52.9007
165 129 30.7263
129 165 30.7263
157 0 20.1931
0 157 20.1931
72 264 17.7323
264 72 17.7323
225 133 45.3071
133 225 45.3071
73 205 16.4544
205 73 16.4544
148 314 55.2913
314 148 55.2913
209 264 63.8368
264 209 63.8368
166 15 39.4746
15 166 39.4746
108 156 35.819
156 108 35.819
242 82 21.6792
82 242 21.6792
202 207 15.927
207 202 15.927
10 90 87.5602
90 10 87.5602
31 190 77.0244
190 31 77.0244
312 229 21.0089
229 312 21.0089
188 36 14.461
36 188 14.461
131 247 11.7846
247 131 11.7846
284 163 98.7187
163 284 98.7187
67 142 62.7504
142 67 62.7504
102 119 61.042
119 102 61.042
70 311 19.757
311 70 19.757
228 155 60.2469
155 228 60.2469
219 298 73.5895
298 219 73.5895
144 298 93.8332
298 144 93.8332
238 167 85.69
167 238 85.69
180 268 58.1947
268 180 58.1947
60 101 59.3893
101 60 59.3893
63 76 49.7849
76 63 49.7849
276 187 82.7663
187 276 82.7663
186 194 70.9032
194 186 70.9032
142 49 62.6131
49 142 62.6131
266 6 98.2219
6 266 98.2219
147 184 35.1928
184 147 35.1928
137 166 49.1516
166 137 49.1516
305 313 64.389
313 305 64.389
44 243 27.3276
243 44 27.3276
37 259 39.8185
259 37 39.8185
74 19 60.1453
19 74 60.1453
287 177 45.7281
177 287 45.7281
47 249 63.5981
249 47 63.5981
156 30 98.6718
30 156 98.6718
245 230 26.3071
230 245 26.3071
150 309 42.8887
309 150 42.8887
219 205 39.1308
205 219 39.1308
276 296 57.4935
296 276 57.4935
82 80 91.1757
80 82 91.1757
115 202 61.9276
202 115 61.9276
133 276 71.1691
276 133 71.1691
60 269 63.2362
269 60 63.2362
181 314 92.8822
314 181 92.8822
6 298 37.6689
298 6 37.6689
146 33 37.0165
33 146 37.0165
124 315 59.1325
315 124 59.1325
289 52 20.898
52 289 20.898
314 88 77.7282
88 314 77.7282
139 19 97.4831
19 139 97.4831
281 252 11.1718
252 281 11.1718
34 93 40.4144
93 34 40.4144
309 22 73.5261
22 309 73.5261
256 124 82.4566
124 256 82.4566
313 132 86.9674
132 313 86.9674
22 31 54.8053
31 22 54.8053
19 194 53.6464
194 19 53.6464
305 15 32.6873
15 305 32.6873
84 117 14.9257
117 84 14.9257
152 187 56.9573
187 152 56.9573
113 288 20.9982
288 113 20.9982
124 303 43.694
303 124 43.694
245 259 30.9135
259 245 30.9135
111 173 40.9985
173 111 40.9985
309 17 38.3346
17 309 38.3346
176 305 51.3427
305 176 51.3427
125 237 56.5585
237 125 56.5585
180 23 45.868
23 180 45.868
258 257 47.6402
257 258 47.6402
114 178 89.0575
178 114 89.0575
52 9 86.1611
9 52 86.1611
150 10 23.7438
10 150 23.7438
145 299 12.8602
299 145 12.8602
232 165 90.5578
165 232 90.5578
90 228 46.409
228 90 46.409
256 280 30.5101
280 256 30.5101
200 286 98.0447
286 200 98.0447
292 290 39.2945
290 292 39.2945
153 219 43.662
219 153 43.662
104 44 81.9395
44 104 81.9395
102 112 85.9235
112 102 85.9235
161 125 67.1944
125 161 67.1944
176 109 31.3089
109 176 31.3089
189 70 70.5385
70 189 70.5385
264 192 92.1155
192 264 92.1155
52 261 19.8278
261 52 19.8278
296 297 36.0996
297 296 36.0996
167 249 42.6892
249 167 42.6892
246 278 64.941
278 246 64.941
311 241 29.9206
241 311 29.9206
151 211 46.4866
211 151 46.4866
136 167 50.3967
167 136 50.3967
161 149 65.3268
149 161 65.3268
19 184 36.0101
184 19 36.0101
192 156 56.2141
156 192 56.2141
273 47 82.2289
47 273 82.2289
101 159 58.1213
159 101 58.1213
119 89 35.7822
89 119 35.7822
25 60 54.1123
60 25 54.1123
117 50 24.1524
50 117 24.1524
210 254 79.9979
254 210 79.9979
171 84 93.3918
84 171 93.3918
208 16 48.9869
16 208 48.9869
182 299 11.2714
299 182 11.2714
117 313 27.3914
313 117 27.3914
116 176 96.571
176 116 96.571
274 169 47.3646
169 274 47.3646
290 102 96.7866
102 290 96.7866
185 79 99.6438
79 185 99.6438
15 151 59.1556
151 15 59.1556
139 8 20.3502
8 139 20.3502
250 237 40.2911
237 250 40.2911
187 167 16.3967
167 187 16.3967
222 141 61.1067
141 222 61.1067
136 108 58.397
108 136 58.397
94 250 72.7015
250 94 72.7015
3 97 82.9019
97 3 82.9019
122 236 62.3934
236 122 62.3934
307 101 58.0665
101 307 58.0665
264 305 39.3924
305 264 39.3924
314 98 40.4392
98 314 40.4392
151 154 11.0209
154 151 11.0209
233 304 63.6078
304 233 63.6078
185 276 91.2317
276 185 91.2317
292 128 64.8261
128 292 64.8261
309 65 70.4032
65 309 70.4032
93 309 65.9505
309 93 65.9505
33 81 14.5107
81 33 14.5107
16 212 10.2347
212 16 10.2347
13 31 14.9221
31 13 14.9221
260 275 80.1051
275 260 80.1051
192 277 38.6208
277 192 38.6208
60 11 10.3114
11 60 10.3114
137 314 83.055
314 137 83.055
174 242 27.3551
242 174 27.3551
71 108 47.7853
108 71 47.7853
84 107 61.8359
107 84 61.8359
160 17 52.3705
17 160 52.3705
137 253 21.3529
253 137 21.3529
220 108 27.7091
108 220 27.7091
88 16 97.7961
16 88 97.7961
47 24 24.1991
24 47 24.1991
121 24 72.0437
24 121 72.0437
66 275 51.3179
275 66 51.3179
186 303 34.6257
303 186 34.6257
78 176 18.3352
176 78 18.3352
279 239 85.7861
239 279 85.7861
35 82 20.5725
82 35 20.5725
227 118 49.9263
118 227 49.9263
17 117 90.4195
117 17 90.4195
12 267 10.0829
267 12 10.0829
264 39 65.7676
39 264 65.7676
75 247 93.7777
247 75 93.7777
285 248 54.7383
248 285 54.7383
40 45 32.9314
45 40 32.9314
94 109 29.6477
109 94 29.6477
303 226 31.2804
226 303 31.2804
180 215 98.1125
215 180 98.1125
24 312 12.0445
312 24 12.0445
135 153 40.4788
153 135 40.4788
152 30 66.8433
30 152 66.8433
157 166 66.7709
166 157 66.7709
296 155 67.5267
155 296 67.5267
277 16 82.2847
16 277 82.2847
103 303 54.8029
303 103 54.8029
107 141 19.116
141 107 19.116
251 75 54.7716
75 251 54.7716
36 65 49.7529
65 36 49.7529
106 151 11.446
151 106 11.446
242 42 94.1061
42 242 94.1061
253 282 16.368
282 253 16.368
190 84 47.58
84 190 47.58
277 299 57.5335
299 277 57.5335
282 212 23.1817
212 282 23.1817
20 264 83.4733
264 20 83.4733
102 130 23.5342
130 102 23.5342
70 10 77.8941
10 70 77.8941
103 31 88.3832
31 103 88.3832
313 234 87.4421
234 313 87.4421
223 267 24.4743
267 223 24.4743
182 191 42.8007
191 182 42.8007
131 202 15.2917
202 131 15.2917
109 46 95.7503
46 109 95.7503
124 176 70.7539
176 124 70.7539
287 139 55.4902
139 287 55.4902
117 33 76.6251
33 117 76.6251
178 303 32.9185
303 178 32.9185
213 61 94.7365
61 213 94.7365
38 61 58.528
61 38 58.528
2 275 43.2157
275 2 43.2157
36 91 72.3535
91 36 72.3535
109 173 35.0507
173 109 35.0507
74 289 17.4471
289 74 17.4471
62 261 14.8926
261 62 14.8926
67 58 73.4888
58 67 73.4888
109 84 62.919
84 109 62.919
133 60 57.7504
60 133 57.7504
32 49 40.3562
49 32 40.3562
201 39 47.6173
39 201 47.6173
44 160 71.5103
160 44 71.5103
229 282 71.7063
282 229 71.7063
103 207 76.9794
207 103 76.9794
102 181 49.9976
181 102 49.9976
17 5 16.8421
5 17 16.8421
98 257 14.6774
257 98 14.6774
55 307 57.5615
307 55 57.5615
16 305 32.193
305 16 32.193
177 101 19.422
101 177 19.422
5 269 55.0673
269 5 55.0673
12 76 45.3312
76 12 45.3312
233 235 37.9641
235 233 37.9641
171 183 58.0331
183 171 58.0331
227 65 78.9531
65 227 78.9531
206 236 31.3271
236 206 31.3271
68 75 33.2252
75 68 33.2252
242 63 53.7249
63 242 53.7249
110 242 41.3123
242 110 41.3123
88 207 81.5218
207 88 81.5218
282 243 47.0609
243 282 47.0609
203 60 94.7386
60 203 94.7386
240 173 66.3486
173 240 66.3486
146 54 53.2694
54 146 53.2694
304 127 89.4864
127 304 89.4864
139 40 50.2444
40 139 50.2444
13 94 59.296
94 13 59.296
134 42 88.2546
42 134 88.2546
277 64 14.7796
64 277 14.7796
49 185 20.3635
185 49 20.3635
208 27 81.1191
27 208 81.1191
51 247 80.272
247 51 80.272
99 71 57.3194
71 99 57.3194
305 146 58.8972
146 305 58.8972
192 124 81.1644
124 192 81.1644
313 38 96.8235
38 313 96.8235
168 85 34.5108
85 168 34.5108
179 113 45.3012
113 179 45.3012
118 106 76.0518
106 118 76.0518
11 102 55.0073
102 11 55.0073
139 10 95.5893
10 139 95.5893
168 130 76.5662
130 168 76.5662
289 219 11.1108
219 289 11.1108
215 279 89.3072
279 215 89.3072
287 87 79.6732
87 287 79.6732
302 34 11.5095
34 302 11.5095
144 304 67.681
304 144 67.681
60 285 86.4486
285 60 86.4486
6 276 21.1914
276 6 21.1914
212 89 43.4117
89 212 43.4117
195 55 74.6466
55 195 74.6466
177 215 22.1249
215 177 22.1249
55 226 40.4075
226 55 40.4075
197 50 48.7488
50 197 48.7488
244 88 15.0378
88 244 15.0378
300 176 73.8652
176 300 73.8652
32 261 62.754
261 32 62.754
160 10 28.7445
10 160 28.7445
235 259 69.8959
259 235 69.8959
63 40 10.317
40 63 10.317
23 5 90.8895
5 23 90.8895
89 13 17.0762
13 89 17.0762
217 291 60.3208
291 217 60.3208
210 64 90.1314
64 210 90.1314
85 1 60.7581
1 85 60.7581
8 222 18.9928
222 8 18.9928
36 255 10.7968
255 36 10.7968
33 133 46.7183
133 33 46.7183
313 315 39.89
315 313 39.89
207 143 26.0435
143 207 26.0435
315 305 24.2176
305 315 24.2176
22 172 21.3154
172 22 21.3154
115 51 43.6351
51 115 43.6351
146 131 19.806
131 146 19.806
73 67 56.8651
67 73 56.8651
281 244 42.2063
244 281 42.2063
214 160 39.5959
160 214 39.5959
88 86 10.3549
86 88 10.3549
150 111 92.7824
111 150 92.7824
135 10 19.6556
10 135 19.6556
223 229 90.4479
229 223 90.4479
301 288 19.4807
288 301 19.4807
197 254 55.4445
254 197 55.4445
118 172 38.8007
172 118 38.8007
10 279 49.9816
279 10 49.9816
201 194 51.1243
194 201 51.1243
33 57 33.3712
57 33 33.3712
94 150 59.5638
150 94 59.5638
202 253 67.312
253 202 67.312
202 194 69.4892
194 202 69.4892
25 115 38.7044
115 25 38.7044
156 90 49.131
90 156 49.131
267 112 40.8116
112 267 40.8116
45 196 40.6869
196 45 40.6869
252 240 52.7077
240 252 52.7077
224 38 79.9851
38 224 79.9851
68 51 38.2463
51 68 38.2463
127 178 48.0699
178 127 48.0699
32 100 50.4752
100 32 50.4752
218 10 27.4571
10 218 27.4571
230 246 51.2895
246 230 51.2895
112 215 99.8902
215 112 99.8902
254 84 64.8118
84 254 64.8118
26 77 31.6286
77 26 31.6286
208 111 71.8549
111 208 71.8549
117 227 79.8818
227 117 79.8818
87 231 42.5393
231 87 42.5393
17 228 12.4786
228 17 12.4786
100 101 11.3521
101 100 11.3521
291 279 48.3745
279 291 48.3745
286 270 42.6524
270 286 42.6524
74 254 68.5919
254 74 68.5919
260 95 57.0111
95 260 57.0111
55 35 49.993
35 55 49.993
20 204 75.5646
204 20 75.5646
221 290 93.7368
290 221 93.7368
203 108 27.6999
108 203 27.6999
245 210 75.9529
210 245 75.9529
26 265 18.2583
265 26 18.2583
150 289 87.1272
289 150 87.1272
261 26 31.5407
26 261 31.5407
7 52 72.6695
52 7 72.6695
259 122 19.2332
122 259 19.2332
252 156 68.636
156 252 68.636
156 205 13.6694
205 156 13.6694
41 199 78.3158
199 41 78.3158
131 126 65.225
126 131 65.225
77 127 56.8404
127 77 56.8404
117 246 69.7501
246 117 69.7501
292 271 11.6337
271 292 11.6337
26 297 92.5077
297 26 92.5077
19 0 62.0905
0 19 62.0905
64 266 59.3845
266 64 59.3845
127 276 76.5046
276 127 76.5046
105 33 59.323
33 105 59.323
163 206 78.2461
206 163 78.2461
24 217 74.7297
217 24 74.7297
47 297 14.7838
297 47 14.7838
180 202 54.3977
202 180 54.3977
297 313 34.7123
313 297 34.7123
276 297 81.3203
297 276 81.3203
116 131 24.6138
131 116 24.6138
209 287 11.0753
287 209 11.0753
220 86 69.8742
86 220 69.8742
150 171 73.0013
171 150 73.0013
197 281 99.0012
281 197 99.0012
131 22 48.6147
22 131 48.6147
302 115 77.6126
115 302 77.6126
75 164 41.9681
164 75 41.9681
159 183 35.6553
183 159 35.6553
188 166 50.7205
166 188 50.7205
73 184 84.1262
184 73 84.1262
258 5 49.1042
5 258 49.1042
233 22 62.1623
22 233 62.1623
182 161 54.8508
161 182 54.8508
272 255 22.4276
255 272 22.4276
176 29 69.5817
29 176 69.5817
29 185 33.6929
185 29 33.6929
32 4 13.9701
4 32 13.9701
190 136 45.2856
136 190 45.2856
124 194 25.8439
194 124 25.8439
88 174 22.2109
174 88 22.2109
54 67 88.3759
67 54 88.3759
147 181 68.1917
181 147 68.1917
189 191 32.4242
191 189 32.4242
48 289 24.4197
289 48 24.4197
279 191 73.4659
191 279 73.4659
10 216 12.8371
216 10 12.8371
76 190 99.8157
190 76 99.8157
297 188 52.6537
188 297 52.6537
119 122 80.0153
122 119 80.0153
124 206 21.0633
206 124 21.0633
146 11 40.9289
11 146 40.9289
208 284 72.1115
284 208 72.1115
42 33 42.3639
33 42 42.3639
156 271 19.414
271 156 19.414
218 133 30.423
133 218 30.423
295 114 32.7842
114 295 32.7842
262 82 65.6266
82 262 65.6266
234 100 53.5552
100 234 53.5552
110 3 96.4827
3 110 96.4827
41 22 68.9149
22 41 68.9149
209 120 74.4198
120 209 74.4198
282 49 54.3559
49 282 54.3559
73 112 38.13
112 73 38.13
211 279 84.0545
279 211 84.0545
247 14 75.8642
14 247 75.8642
29 11 41.241
11 29 41.241
260 157 76.298
157 260 76.298
7 99 92.8748
99 7 92.8748
153 223 32.0506
223 153 32.0506
71 101 60.5907
101 71 60.5907
65 121 86.6073
121 65 86.6073
136 188 47.9252
188 136 47.9252
79 9 18.2771
9 79 18.2771
311 196 24.1412
196 311 24.1412
210 2 80.3279
2 210 80.3279
12 14 83.9725
14 12 83.9725
185 99 68.804
99 185 68.804
196 125 26.3024
125 196 26.3024
264 109 12.3444
109 264 12.3444
252 178 92.7952
178 252 92.7952
131 36 37.2533
36 131 37.2533
305 130 38.7171
130 305 38.7171
183 310 91.8342
310 183 91.8342
59 263 51.4782
263 59 51.4782
250 271 52.9817
271 250 52.9817
178 298 23.705
298 178 23.705
185 231 75.202
231 185 75.202
224 242 50.5001
242 224 50.5001
267 41 18.4711
41 267 18.4711
184 189 21.7177
189 184 21.7177
10 155 38.1039
155 10 38.1039
310 212 98.7377
212 310 98.7377
115 217 43.5162
217 115 43.5162
291 251 55.3023
251 291 55.3023
148 164 78.6332
164 148 78.6332
233 298 57.1987
298 233 57.1987
147 193 47.2869
193 147 47.2869
153 99 71.3214
99 153 71.3214
119 10 56.5439
10 119 56.5439
173 4 86.8294
4 173 86.8294
82 122 35.4111
122 82 35.4111
148 257 70.978
257 148 70.978
248 120 41.2815
120 248 41.2815
261 252 18.1647
252 261 18.1647
57 156 14.4253
156 57 14.4253
196 160 38.7032
160 196 38.7032
199 7 82.3208
7 199 82.3208
14 167 53.9788
167 14 53.9788
288 149 11.6305
149 288 11.6305
145 229 90.8164
229 145 90.8164
46 236 13.7594
236 46 13.7594
200 166 59.8574
166 200 59.8574
44 18 66.2774
18 44 66.2774
15 126 16.5585
126 15 16.5585
220 297 59.7302
297 220 59.7302
48 281 88.9181
281 48 88.9181
94 207 15.8335
207 94 15.8335
270 272 54.8646
272 270 54.8646
313 95 94.674
95 313 94.674
43 231 13.8926
231 43 13.8926
271 145 54.4567
145 271 54.4567
16 56 72.5166
56 16 72.5166
111 202 62.8306
202 111 62.8306
172 125 13.2884
125 172 13.2884
89 166 57.8934
166 89 57.8934
197 6 86.3415
6 197 86.3415
74 17 35.5407
17 74 35.5407
154 52 45.5483
52 154 45.5483
94 18 96.1359
18 94 96.1359
238 46 85.6935
46 238 85.6935
272 236 44.4874
236 272 44.4874
28 60 76.9502
60 28 76.9502
170 232 47.8363
232 170 47.8363
24 134 12.4361
134 24 12.4361
150 312 17.5573
312 150 17.5573
53 176 58.7542
176 53 58.7542
252 306 36.5626
306 252 36.5626
268 227 50.6854
227 268 50.6854
313 219 72.6125
219 313 72.6125
203 213 58.3611
213 203 58.3611
214 106 82.5997
106 214 82.5997
28 185 53.2088
185 28 53.2088
194 26 68.6898
26 194 68.6898
170 225 23.7407
225 170 23.7407
26 243 96.8413
243 26 96.8413
162 241 68.7718
241 162 68.7718
60 66 50.0518
66 60 50.0518
16 301 64.8395
301 16 64.8395
218 134 99.3268
134 218 99.3268
104 29 52.6252
29 104 52.6252
234 255 86.3417
255 234 86.3417
71 259 20.1129
259 71 20.1129
150 287 54.4222
287 150 54.4222
103 278 81.0093
278 103 81.0093
76 302 23.6329
302 76 23.6329
5 197 45.5254
197 5 45.5254
254 315 26.0624
315 254 26.0624
35 49 98.2086
49 35 98.2086
158 38 79.9397
38 158 79.9397
225 95 56.3316
95 225 56.3316
302 81 92.6008
81 302 92.6008
188 33 87.6802
33 188 87.6802
260 92 95.1519
92 260 95.1519
167 241 45.4493
241 167 45.4493
303 170 13.6566
170 303 13.6566
163 222 22.9454
222 163 22.9454
70 254 10.8846
254 70 10.8846
306 68 89.2863
68 306 89.2863
308 93 99.7658
93 308 99.7658
73 21 76.837
21 73 76.837
23 97 57.4323
97 23 57.4323
24 23 97.4172
23 24 97.4172
186 281 11.8118
281 186 11.8118
127 94 79.1488
94 127 79.1488
138 141 40.5369
141 138 40.5369
237 136 47.8741
136 237 47.8741
235 231 56.8491
231 235 56.8491
270 250 14.9322
250 270 14.9322
34 121 43.3315
121 34 43.3315
137 207 13.2339
207 137 13.2339
282 256 56.0349
256 282 56.0349
65 235 35.7717
235 65 35.7717
69 276 59.7225
276 69 59.7225
200 218 85.8054
218 200 85.8054
0 75 72.8335
75 0 72.8335
268 15 52.151
15 268 52.151
167 74 89.4701
74 167 89.4701
29 174 41.2912
174 29 41.2912
292 254 62.635
254 292 62.635
275 272 43.9877
272 275 43.9877
256 113 78.6446
113 256 78.6446
33 307 21.0626
307 33 21.0626
140 148 41.8321
148 140 41.8321
58 234 28.3002
234 58 28.3002
300 203 30.2996
203 300 30.2996
234 66 72.0659
66 234 72.0659
306 208 36.224
208 306 36.224
2 103 26.761
103 2 26.761
159 285 54.9726
285 159 54.9726
38 12 55.0722
12 38 55.0722
27 66 71.7388
66 27 71.7388
45 75 91.8521
75 45 91.8521
311 132 84.1006
132 311 84.1006
276 179 54.3489
179 276 54.3489
178 206 80.9268
206 178 80.9268
218 150 35.0884
150 218 35.0884
229 193 83.2691
193 229 83.2691
235 217 48.8282
217 235 48.8282
198 116 48.1029
116 198 48.1029
48 286 84.1128
286 48 84.1128
253 140 44.5214
140 253 44.5214
246 245 90.4701
245 246 90.4701
59 145 54.1816
145 59 54.1816
138 221 67.3114
221 138 67.3114
256 296 62.0996
296 256 62.0996
279 158 28.33
158 279 28.33
213 9 82.858
9 213 82.858
101 281 79.211
281 101 79.211
139 305 29.3797
305 139 29.3797
47 153 98.4819
153 47 98.4819
254 269 62.8158
269 254 62.8158
113 286 77.7413
286 113 77.7413
187 191 54.8157
191 187 54.8157
199 43 20.2103
43 199 20.2103
30 2 54.8131
2 30 54.8131
147 114 73.2902
114 147 73.2902
133 77 60.5675
77 133 60.5675
213 62 35.2689
62 213 35.2689
119 72 30.8937
72 119 30.8937
64 233 97.527
233 64 97.527
73 291 84.7183
291 73 84.7183
8 215 98.9197
215 8 98.9197
131 5 97.7893
5 131 97.7893
301 94 87.791
94 301 87.791
148 112 51.4649
112 148 51.4649
88 105 75.552
105 88 75.552
72 85 28.5399
85 72 28.5399
186 169 68.0455
169 186 68.0455
254 118 88.7399
118 254 88.7399
256 291 22.8225
291 256 22.8225
263 275 44.7286
275 263 44.7286
44 75 26.2882
75 44 26.2882
37 136 44.7684
136 37 44.7684
39 282 11.0854
282 39 11.0854
63 149 83.6854
149 63 83.6854
53 79 45.0094
79 53 45.0094
91 98 15.4844
98 91 15.4844
55 121 46.3734
121 55 46.3734
10 137 67.4831
137 10 67.4831
304 218 25.9076
218 304 25.9076
193 162 25.4063
162 193 25.4063
263 238 52.5559
238 263 52.5559
53 314 45.0039
314 53 45.0039
54 80 50.6291
80 54 50.6291
294 26 92.8065
26 294 92.8065
250 137 82.6594
137 250 82.6594
201 158 19.9373
158 201 19.9373
5 130 37.3446
130 5 37.3446
35 219 73.7376
219 35 73.7376
280 217 73.0974
217 280 73.0974
243 277 34.8609
277 243 34.8609
95 65 74.1894
65 95 74.1894
64 224 66.8883
224 64 66.8883
113 197 90.6359
197 113 90.6359
176 7 92.3315
7 176 92.3315
148 126 24.1015
126 148 24.1015
275 205 16.5869
205 275 16.5869
282 38 17.3643
38 282 17.3643
42 223 91.0458
223 42 91.0458
239 258 75.0917
258 239 75.0917
278 266 29.7118
266 278 29.7118
243 136 42.7491
136 243 42.7491
98 146 23.8339
146 98 23.8339
28 299 14.8429
299 28 14.8429
141 89 41.7897
89 141 41.7897
90 190 28.6716
190 90 28.6716
255 219 94.2277
219 255 94.2277
303 137 15.2162
137 303 15.2162
264 248 53.1005
248 264 53.1005
256 29 24.5113
29 256 24.5113
233 149 12.2169
149 233 12.2169
142 151 85.0302
151 142 85.0302
262 75 32.9549
75 262 32.9549
291 186 28.1067
186 291 28.1067
193 84 36.7928
84 193 36.7928
44 229 10.833
229 44 10.833
250 176 61.5561
176 250 61.5561
30 58 87.0552
58 30 87.0552
24 159 50.1391
159 24 50.1391
263 96 76.5504
96 263 76.5504
130 132 92.503
132 130 92.503
174 66 38.4806
66 174 38.4806
17 219 73.7391
219 17 73.7391
247 66 41.5122
66 247 41.5122
178 245 34.457
245 178 34.457
313 101 15.8437
101 313 15.8437
3 290 76.142
290 3 76.142
284 47 79.4092
47 284 79.4092
285 308 18.464
308 285 18.464
149 52 66.0641
52 149 66.0641
33 216 50.6585
216 33 50.6585
110 284 97.9271
284 110 97.9271
203 137 99.6859
137 203 99.6859
275 115 34.2285
115 275 34.2285
205 209 44.6343
209 205 44.6343
281 37 71.256
37 281 71.256
152 83 61.7663
83 152 61.7663
138 80 23.5552
80 138 23.5552
100 202 83.1043
202 100 83.1043
16 141 10.6018
141 16 10.6018
36 40 12.066
40 36 12.066
197 236 43.508
236 197 43.508
60 312 86.822
312 60 86.822
212 95 76.2583
95 212 76.2583
179 172 71.1669
172 179 71.1669
186 144 86.1388
144 186 86.1388
178 15 56.4032
15 178 56.4032
153 267 24.5738
267 153 24.5738
193 275 87.012
275 193 87.012
157 302 93.3774
302 157 93.3774
188 249 47.656
249 188 47.656
193 72 42.1421
72 193 42.1421
232 192 78.9088
192 232 78.9088
239 37 39.867
37 239 39.867
87 128 40.1598
128 87 40.1598
80 49 80.6991
49 80 80.6991
90 283 29.092
283 90 29.092
274 58 15.6492
58 274 15.6492
179 34 94.707
34 179 94.707
158 222 73.8641
222 158 73.8641
138 69 25.1416
69 138 25.1416
35 206 30.6891
206 35 30.6891
209 228 14.2266
228 209 14.2266
168 247 63.0063
247 168 63.0063
52 293 60.6066
293 52 60.6066
280 239 21.4149
239 280 21.4149
13 288 34.0863
288 13 34.0863
166 36 78.9914
36 166 78.9914
215 43 36.0771
43 215 36.0771
122 80 23.8275
80 122 23.8275
248 230 11.2942
230 248 11.2942
188 199 35.2753
199 188 35.2753
211 238 10.6324
238 211 10.6324
115 54 36.2563
54 115 36.2563
86 133 70.5269
133 86 70.5269
9 227 98.5524
227 9 98.5524
51 214 57.8237
214 51 57.8237
274 142 57.5591
142 274 57.5591
143 26 37.3905
26 143 37.3905
157 311 49.0223
311 157 49.0223
32 275 40.0366
275 32 40.0366
114 7 70.5957
7 114 70.5957
163 97 65.8468
97 163 65.8468
147 205 77.6271
205 147 77.6271
264 184 39.6878
184 264 39.6878
182 222 54.8438
222 182 54.8438
76 244 15.6775
244 76 15.6775
1 206 90.7151
206 1 90.7151
241 262 11.7789
262 241 11.7789
62 186 29.1156
186 62 29.1156
294 257 68.0693
257 294 68.0693
265 13 13.3569
13 265 13.3569
213 168 49.4931
168 213 49.4931
304 286 87.3078
286 304 87.3078
225 3 18.2472
3 225 18.2472
272 151 72.1507
151 272 72.1507
137 106 39.5141
106 137 39.5141
25 82 95.6884
82 25 95.6884
301 58 86.4554
58 301 86.4554
36 169 34.2834
169 36 34.2834
167 189 84.2399
189 167 84.2399
286 140 14.7681
140 286 14.7681
208 183 75.4993
183 208 75.4993
184 242 68.148
242 184 68.148
52 298 10.1571
298 52 10.1571
148 105 12.8396
105 148 12.8396
255 45 77.2862
45 255 77.2862
134 120 80.0502
120 134 80.0502
175 233 26.1139
233 175 26.1139
168 246 33.7172
246 168 33.7172
0 278 51.8541
278 0 51.8541
209 169 12.6986
169 209 12.6986
114 207 68.9497
207 114 68.9497
87 1 48.9287
1 87 48.9287
47 8 55.7652
8 47 55.7652
79 312 14.2112
312 79 14.2112
230 72 12.099
72 230 12.099
234 43 87.4374
43 234 87.4374
7 134 57.7704
134 7 57.7704
84 307 82.0706
307 84 82.0706
296 156 12.4593
156 296 12.4593
183 138 87.2251
138 183 87.2251
29 270 31.6647
270 29 31.6647
87 72 33.8953
72 87 33.8953
49 59 74.6952
59 49 74.6952
202 282 56.6322
282 202 56.6322
264 160 78.3105
160 264 78.3105
30 70 42.9128
70 30 42.9128
125 239 91.8404
239 125 91.8404
270 266 75.0649
266 270 75.0649
284 16 53.0772
16 284 53.0772
180 233 94.9663
233 180 94.9663
184 164 49.5326
164 184 49.5326
270 73 74.8047
73 270 74.8047
308 36 68.2394
36 308 68.2394
63 83 20.4939
83 63 20.4939
303 68 47.3373
68 303 47.3373
144 133 88.7608
133 144 88.7608
171 96 87.326
96 171 87.326
118 202 50.0536
202 118 50.0536
222 200 93.2236
200 222 93.2236
236 232 86.5881
232 236 86.5881
53 164 13.1136
164 53 13.1136
305 131 19.443
131 305 19.443
12 143 86.7916
143 12 86.7916
308 48 40.0036
48 308 40.0036
183 144 44.1622
144 183 44.1622
286 39 53.4876
39 286 53.4876
196 73 57.2345
73 196 57.2345
17 190 61.4921
190 17 61.4921
91 63 38.5331
63 91 38.5331
109 295 74.4289
295 109 74.4289
240 279 34.0095
279 240 34.0095
22 272 31.0425
272 22 31.0425
161 77 30.577
77 161 30.577
130 277 52.091
277 130 52.091
207 7 17.1229
7 207 17.1229
231 98 82.0583
98 231 82.0583
217 76 37.5139
76 217 37.5139
174 233 43.6044
233 174 43.6044
40 292 56.5762
292 40 56.5762
169 3 47.0442
3 169 47.0442
225 159 58.8778
159 225 58.8778
143 93 62.5734
93 143 62.5734
133 140 50.8906
140 133 50.8906
314 122 81.4326
122 314 81.4326
110 261 55.3987
261 110 55.3987
280 76 19.6065
76 280 19.6065
87 124 70.0359
124 87 70.0359
194 125 68.3029
125 194 68.3029
274 132 14.2716
132 274 14.2716
252 244 16.5233
244 252 16.5233
248 61 40.0819
61 248 40.0819
162 307 55.9466
307 162 55.9466
13 117 50.7394
117 13 50.7394
248 96 39.9753
96 248 39.9753
83 1 94.3955
1 83 94.3955
28 49 64.3812
49 28 64.3812
237 201 31.9284
201 237 31.9284
265 204 78.1638
204 265 78.1638
17 297 89.4946
297 17 89.4946
0 242 83.9899
242 0 83.9899
169 307 17.6272
307 169 17.6272
82 110 79.1022
110 82 79.1022
52 29 27.4683
29 52 27.4683
22 168 17.3091
168 22 17.3091
265 20 46.7555
20 265 46.7555
210 274 12.8499
274 210 12.8499
306 16 31.7024
16 306 31.7024
298 177 15.3358
177 298 15.3358
82 163 93.8378
163 82 93.8378
88 103 68.8264
103 88 68.8264
139 21 75.3388
21 139 75.3388
201 222 75.0308
222 201 75.0308
7 184 45.6504
184 7 45.6504
49 4 62.8929
4 49 62.8929
205 149 68.1666
149 205 68.1666
230 4 52.0842
4 230 52.0842
42 229 19.5615
229 42 19.5615
74 257 46.0302
257 74 46.0302
41 133 88.2074
133 41 88.2074
276 291 43.1091
291 276 43.1091
266 232 45.9113
232 266 45.9113
212 291 64.3428
291 212 64.3428
207 177 35.7948
177 207 35.7948
75 203 73.1218
203 75 73.1218
124 103 34.7411
103 124 34.7411
67 116 57.8373
116 67 57.8373
237 283 22.4429
283 237 22.4429
186 252 14.5008
252 186 14.5008
8 91 14.844
91 8 14.844
44 259 91.4587
259 44 91.4587
303 308 10.3227
308 303 10.3227
301 296 25.7047
296 301 25.7047
262 260 53.833
260 262 53.833
104 56 24.5984
56 104 24.5984
151 116 96.5898
116 151 96.5898
226 17 91.3351
17 226 91.3351
237 141 93.784
141 237 93.784
75 188 93.2406
188 75 93.2406
239 71 59.5965
71 239 59.5965
72 232 92.2219
232 72 92.2219
258 298 87.9116
298 258 87.9116
31 150 16.1546
150 31 16.1546
254 80 35.0853
80 254 35.0853
209 1 82.9809
1 209 82.9809
142 164 53.9989
164 142 53.9989
155 34 13.5197
34 155 13.5197
70 185 48.7683
185 70 48.7683
60 166 86.2563
166 60 86.2563
292 21 58.3409
21 292 58.3409
255 136 49.6138
136 255 49.6138
78 304 95.8772
304 78 95.8772
25 106 77.8875
106 25 77.8875
41 202 30.1372
202 41 30.1372
191 66 40.5854
66 191 40.5854
127 113 54.0782
113 127 54.0782
217 288 50.7018
288 217 50.7018
243 54 84.5454
54 243 84.5454
268 111 38.5625
111 268 38.5625
258 183 86.7123
183 258 86.7123
82 115 62.3
115 82 62.3
63 28 59.9516
28 63 59.9516
165 167 39.4187
167 165 39.4187
85 57 80.8073
57 85 80.8073
278 208 40.5903
208 278 40.5903
230 107 34.0988
107 230 34.0988
124 121 12.3266
121 124 12.3266
82 226 82.5644
226 82 82.5644
38 209 41.1396
209 38 41.1396
177 233 82.3933
233 177 82.3933
309 106 40.4139
106 309 40.4139
60 79 93.4358
79 60 93.4358
171 55 95.0404
55 171 95.0404
237 149 19.8443
149 237 19.8443
164 254 60.5958
254 164 60.5958
118 306 43.7121
306 118 43.7121
158 86 11.383
86 158 11.383
180 177 51.5784
177 180 51.5784
232 127 62.8223
127 232 62.8223
282 275 20.5311
275 282 20.5311
222 116 77.2773
116 222 77.2773
113 242 76.004
242 113 76.004
133 113 34.5013
113 133 34.5013
296 236 72.4958
236 296 72.4958
148 189 92.9566
189 148 92.9566
201 216 95.4765
216 201 95.4765
212 43 36.0024
43 212 36.0024
29 200 52.9678
200 29 52.9678
141 133 83.0684
133 141 83.0684
22 314 50.4952
314 22 50.4952
70 129 14.358
129 70 14.358
114 108 22.9539
108 114 22.9539
180 69 36.5078
69 180 36.5078
166 28 85.7979
28 166 85.7979
218 264 28.2631
264 218 28.2631
27 145 42.2221
145 27 42.2221
196 77 78.9036
77 196 78.9036
299 149 16.4066
149 299 16.4066
194 138 27.0566
138 194 27.0566
60 21 71.6579
21 60 71.6579
61 141 17.9365
141 61 17.9365
10 30 36.595
30 10 36.595
72 21 35.7308
21 72 35.7308
226 15 49.5222
15 226 49.5222
292 78 58.3136
78 292 58.3136
148 28 71.9869
28 148 71.9869
197 114 51.353
114 197 51.353
58 261 69.724
261 58 69.724
216 177 27.7708
177 216 27.7708
265 7 10.93
7 265 10.93
52 257 38.4251
257 52 38.4251
72 116 87.4512
116 72 87.4512
56 99 26.8174
99 56 26.8174
54 209 22.4428
209 54 22.4428
292 310 61.3716
310 292 61.3716
184 68 92.9692
68 184 92.9692
132 117 74.2196
117 132 74.2196
255 91 25.9212
91 255 25.9212
280 112 59.1683
112 280 59.1683
55 136 72.4075
136 55 72.4075
65 285 14.8749
285 65 14.8749
107 294 43.2476
294 107 43.2476
270 296 41.7491
296 270 41.7491
94 284 53.4585
284 94 53.4585
160 43 98.8273
43 160 98.8273
52 115 40.0665
115 52 40.0665
14 282 41.8071
282 14 41.8071
215 89 77.9984
89 215 77.9984
32 162 51.5627
162 32 51.5627
117 12 94.6207
12 117 94.6207
180 289 36.304
289 180 36.304
62 179 15.236
179 62 15.236
105 268 41.3136
268 105 41.3136
89 85 63.3872
85 89 63.3872
100 229 68.8277
229 100 68.8277
48 187 41.3113
187 48 41.3113
221 195 58.3829
195 221 58.3829
96 187 47.6689
187 96 47.6689
59 295 71.6492
295 59 71.6492
46 256 63.9029
256 46 63.9029
265 173 29.6279
173 265 29.6279
100 273 76.599
273 100 76.599
258 63 75.7527
63 258 75.7527
132 38 18.4159
38 132 18.4159
196 138 97.6442
138 196 97.6442
5 32 40.8475
32 5 40.8475
297 217 26.1271
217 297 26.1271
251 89 13.1638
89 251 13.1638
0 284 24.6747
284 0 24.6747
26 212 29.2869
212 26 29.2869
202 222 31.4782
222 202 31.4782
271 77 70.5225
77 271 70.5225
79 50 39.2175
50 79 39.2175
4 226 55.6043
226 4 55.6043
128 160 98.2061
160 128 98.2061
282 123 65.829
123 282 65.829
264 127 84.1056
127 264 84.1056
227 304 54.9361
304 227 54.9361
50 222 72.9887
222 50 72.9887
189 123 23.0033
123 189 23.0033
246 250 57.3745
250 246 57.3745
239 202 44.7604
202 239 44.7604
131 104 51.9496
104 131 51.9496
94 311 43.7282
311 94 43.7282
301 97 85.3939
97 301 85.3939
110 57 12.1167
57 110 12.1167
264 153 89.7337
153 264 89.7337
35 24 99.6383
24 35 99.6383
280 201 10.9342
201 280 10.9342
86 169 67.7338
169 86 67.7338
314 46 59.6026
46 314 59.6026
62 287 32.5818
287 62 32.5818
228 240 56.8505
240 228 56.8505
99 214 60.8687
214 99 60.8687
118 80 20.0787
80 118 20.0787
261 119 44.1516
119 261 44.1516
87 282 51.0809
282 87 51.0809
222 209 43.1267
209 222 43.1267
156 178 51.9815
178 156 51.9815
243 208 43.3497
208 243 43.3497
252 62 45.0509
62 252 45.0509
218 280 43.2099
280 218 43.2099
311 150 82.0256
150 311 82.0256
186 38 15.5098
38 186 15.5098
301 211 31.9172
211 301 31.9172
283 191 97.2291
191 283 97.2291
19 44 54.9751
44 19 54.9751
268 282 62.9988
282 268 62.9988
243 73 46.0161
73 243 46.0161
57 175 41.9349
175 57 41.9349
108 93 56.2188
93 108 56.2188
71 307 54.4616
307 71 54.4616
0 249 45.7371
249 0 45.7371
221 57 71.4491
57 221 71.4491
302 293 27.0992
293 302 27.0992
111 253 98.942
253 111 98.942
312 282 82.3536
282 312 82.3536
36 4 98.6601
4 36 98.6601
248 226 34.3672
226 248 34.3672
169 242 39.7713
242 169 39.7713
267 240 95.3488
240 267 95.3488
254 114 21.8043
114 254 21.8043
163 38 51.5995
38 163 51.5995
111 271 90.7293
271 111 90.7293
17 49 17.8283
49 17 17.8283
264 30 60.6539
30 264 60.6539
65 145 89.418
145 65 89.418
224 228 96.8556
228 224 96.8556
107 128 50.4093
128 107 50.4093
45 133 40.4839
133 45 40.4839
237 266 37.1638
266 237 37.1638
31 39 55.3701
39 31 55.3701
49 184 23.1165
184 49 23.1165
250 106 12.6281
106 250 12.6281
14 302 25.8884
302 14 25.8884
209 22 35.9077
22 209 35.9077
138 37 87.7787
37 138 87.7787
249 202 87.6337
202 249 87.6337
72 34 33.0301
34 72 33.0301
126 296 16.0767
296 126 16.0767
284 282 99.862
282 284 99.862
255 231 29.9862
231 255 29.9862
245 189 39.3193
189 245 39.3193
155 253 98.1491
253 155 98.1491
227 218 81.9293
218 227 81.9293
12 305 16.4287
305 12 16.4287
129 146 21.8363
146 129 21.8363
280 99 37.6963
99 280 37.6963
220 272 93.595
272 220 93.595
228 38 51.0785
38 228 51.0785
182 216 30.8775
216 182 30.8775
69 33 87.8831
33 69 87.8831
171 276 68.3254
276 171 68.3254
234 86 64.3677
86 234 64.3677
241 21 63.3152
21 241 63.3152
52 311 65.0808
311 52 65.0808
270 30 53.876
30 270 53.876
5 234 17.558
234 5 17.558
74 283 24.043
283 74 24.043
239 261 51.4671
261 239 51.4671
35 42 23.7863
42 35 23.7863
30 237 11.7448
237 30 11.7448
300 306 53.6576
306 300 53.6576
42 89 68.5867
89 42 68.5867
238 50 34.8847
50 238 34.8847
116 210 20.9697
210 116 20.9697
43 110 60.3513
110 43 60.3513
151 111 48.2425
111 151 48.2425
21 128 47.5302
128 21 47.5302
158 223 65.3288
223 158 65.3288
187 132 44.8585
132 187 44.8585
241 292 74.0265
292 241 74.0265
86 196 78.1133
196 86 78.1133
106 290 52.8012
290 106 52.8012
35 15 33.7141
15 35 33.7141
9 132 57.8564
132 9 57.8564
131 70 78.0403
70 131 78.0403
126 226 38.0733
226 126 38.0733
229 283 80.3756
283 229 80.3756
145 249 43.3886
249 145 43.3886
123 120 24.7389
120 123 24.7389
10 288 34.3959
288 10 34.3959
201 181 16.4235
181 201 16.4235
120 101 24.5795
101 120 24.5795
5 276 17.7092
276 5 17.7092
165 157 99.8426
157 165 99.8426
202 23 54.1478
23 202 54.1478
171 10 23.2081
10 171 23.2081
131 24 48.2919
24 131 48.2919
311 305 61.4905
305 311 61.4905
254 223 41.7001
223 254 41.7001
2 145 93.0917
145 2 93.0917
258 164 52.8524
164 258 52.8524
202 279 61.6843
279 202 61.6843
60 193 18.8931
193 60 18.8931
144 205 23.0016
205 144 23.0016
169 154 99.9256
154 169 99.9256
86 247 13.6726
247 86 13.6726
243 184 86.2247
184 243 86.2247
120 241 85.9041
241 120 85.9041
207 73 14.5757
73 207 14.5757
258 51 13.9537
51 258 13.9537
117 24 10.8339
24 117 10.8339
10 176 54.3712
176 10 54.3712
114 122 29.8805
122 114 29.8805
49 75 40.2295
75 49 40.2295
261 210 97.3
210 261 97.3
239 97 30.5369
97 239 30.5369
267 177 43.6486
177 267 43.6486
281 80 59.749
80 281 59.749
31 53 88.6994
53 31 88.6994
9 17 14.0338
17 9 14.0338
202 122 81.7246
122 202 81.7246
28 125 29.2154
125 28 29.2154
115 13 58.4736
13 115 58.4736
299 114 72.406
114 299 72.406
74 285 12.0077
285 74 12.0077
142 257 23.82
257 142 23.82
115 147 43.6496
147 115 43.6496
68 254 28.5792
254 68 28.5792
184 160 94.7277
160 184 94.7277
217 4 65.7418
4 217 65.7418
295 234 13.1868
234 295 13.1868
205 255 99.4892
255 205 99.4892
239 99 37.7818
99 239 37.7818
135 202 37.929
202 135 37.929
240 218 32.4817
218 240 32.4817
208 66 58.9979
66 208 58.9979
299 83 62.9701
83 299 62.9701
95 144 46.9939
144 95 46.9939
315 247 94.4153
247 315 94.4153
43 174 36.0508
174 43 36.0508
65 110 32.7782
110 65 32.7782
257 139 28.807
139 257 28.807
12 269 25.6058
269 12 25.6058
232 193 10.4712
193 232 10.4712
172 4 14.4475
4 172 14.4475
63 221 10.8857
221 63 10.8857
196 240 44.2379
240 196 44.2379
229 213 84.2917
213 229 84.2917
93 95 65.7168
95 93 65.7168
1 46 59.7445
46 1 59.7445
33 58 71.6766
58 33 71.6766
163 2 94.5499
2 163 94.5499
283 220 79.5683
220 283 79.5683
277 204 99.472
204 277 99.472
280 307 94.4313
307 280 94.4313
246 135 97.3467
135 246 97.3467
96 188 14.5613
188 96 14.5613
119 2 80.0795
2 119 80.0795
248 304 47.8339
304 248 47.8339
49 42 88.068
42 49 88.068
235 86 92.7885
86 235 92.7885
228 183 74.0752
183 228 74.0752
199 21 78.5201
21 199 78.5201
134 144 79.6024
144 134 79.6024
138 254 23.72
254 138 23.72
277 269 45.1709
269 277 45.1709
190 89 38.9915
89 190 38.9915
61 125 77.9766
125 61 77.9766
233 53 83.3244
53 233 83.3244
264 18 70.4512
18 264 70.4512
103 192 74.2732
192 103 74.2732
225 37 30.0115
37 225 30.0115
24 288 20.779
288 24 20.779
129 111 30.7336
111 129 30.7336
245 279 39.851
279 245 39.851
21 192 34.7366
192 21 34.7366
234 151 86.4872
151 234 86.4872
158 256 96.3757
256 158 96.3757
200 171 90.2544
171 200 90.2544
264 44 91.7985
44 264 91.7985
92 109 87.4681
109 92 87.4681
45 247 34.6542
247 45 34.6542
1 125 48.6947
125 1 48.6947
216 72 43.9586
72 216 43.9586
296 198 11.6722
198 296 11.6722
126 298 62.0687
298 126 62.0687
255 286 28.5662
286 255 28.5662
184 134 92.8332
134 184 92.8332
305 272 47.0087
272 305 47.0087
240 243 51.8495
243 240 51.8495
274 78 31.4441
78 274 31.4441
98 276 68.819
276 98 68.819
116 19 59.2388
19 116 59.2388
120 161 22.9166
161 120 22.9166
205 231 38.9473
231 205 38.9473
250 279 48.7951
279 250 48.7951
36 82 56.4352
82 36 56.4352
152 293 14.736
293 152 14.736
19 131 90.2091
131 19 90.2091
36 76 61.6284
76 36 61.6284
259 281 22.9855
281 259 22.9855
67 163 89.1877
163 67 89.1877
265 152 29.8953
152 265 29.8953
157 29 26.2768
29 157 26.2768
81 185 47.3601
185 81 47.3601
159 122 40.8074
122 159 40.8074
248 103 19.6717
103 248 19.6717
34 18 89.8155
18 34 89.8155
17 89 74.1635
89 17 74.1635
51 198 22.7707
198 51 22.7707
315 279 30.9164
279 315 30.9164
294 129 66.9338
129 294 66.9338
174 124 23.7479
124 174 23.7479
130 40 55.8316
40 130 55.8316
11 263 10.2466
263 11 10.2466
294 63 78.5342
63 294 78.5342
188 231 81.9156
231 188 81.9156
102 20 94.9359
20 102 94.9359
116 52 86.9579
52 116 86.9579
310 40 25.644
40 310 25.644
285 8 25.7283
8 285 25.7283
154 71 62.6503
71 154 62.6503
29 307 57.0078
307 29 57.0078
84 158 71.786
158 84 71.786
111 10 98.3972
10 111 98.3972
192 275 16.0521
275 192 16.0521
200 278 20.8697
278 200 20.8697
94 287 70.1106
287 94 70.1106
258 147 56.9003
147 258 56.9003
196 145 98.0656
145 196 98.0656
181 0 25.9315
0 181 25.9315
110 60 61.4724
60 110 61.4724
59 305 66.4629
305 59 66.4629
96 220 39.6247
220 96 39.6247
196 76 59.809
76 196 59.809
66 261 34.4362
261 66 34.4362
14 92 46.8861
92 14 46.8861
128 307 22.327
307 128 22.327
307 228 67.1656
228 307 67.1656
224 213 29.2745
213 224 29.2745
56 90 15.1565
90 56 15.1565
219 268 53.5466
268 219 53.5466
209 257 17.4941
257 209 17.4941
291 45 88.2403
45 291 88.2403
228 235 12.5129
235 228 12.5129
0 81 90.1268
81 0 90.1268
23 26 51.0123
26 23 51.0123
13 17 85.9341
17 13 85.9341
175 109 29.8603
109 175 29.8603
110 315 27.5769
315 110 27.5769
303 93 17.1992
93 303 17.1992
192 161 63.0195
161 192 63.0195
12 208 35.3168
208 12 35.3168
99 189 71.495
189 99 71.495
179 277 83.7723
277 179 83.7723
279 244 48.7095
244 279 48.7095
204 294 79.284
294 204 79.284
197 245 62.4234
245 197 62.4234
177 62 82.2082
62 177 82.2082
140 219 11.352
219 140 11.352
170 205 22.4666
205 170 22.4666
98 189 44.2291
189 98 44.2291
262 205 57.8259
205 262 57.8259
297 226 41.5921
226 297 41.5921
261 280 82.4922
280 261 82.4922
52 197 49.6487
197 52 49.6487
109 236 18.8721
236 109 18.8721
192 26 68.0178
26 192 68.0178
136 207 22.93
207 136 22.93
128 161 38.0115
161 128 38.0115
162 302 47.4989
302 162 47.4989
187 12 43.7577
12 187 43.7577
92 16 75.0922
16 92 75.0922
234 265 56.7243
265 234 56.7243
115 296 16.2028
296 115 16.2028
209 162 38.8637
162 209 38.8637
130 134 24.0845
134 130 24.0845
19 65 27.1107
65 19 27.1107
108 134 24.6076
134 108 24.6076
23 192 46.802
192 23 46.802
139 85 69.8908
85 139 69.8908
241 309 52.4363
309 241 52.4363
109 196 33.9421
196 109 33.9421
138 128 41.092
128 138 41.092
196 74 47.7185
74 196 47.7185
212 185 64.1071
185 212 64.1071
183 218 56.3051
218 183 56.3051
195 284 34.499
284 195 34.499
290 220 73.6086
220 290 73.6086
251 240 63.1088
240 251 63.1088
307 62 89.9381
62 307 89.9381
113 19 15.8295
19 113 15.8295
63 291 24.1045
291 63 24.1045
198 265 25.2182
265 198 25.2182
301 9 82.8205
9 301 82.8205
263 243 22.5579
243 263 22.5579
287 154 15.3477
154 287 15.3477
302 78 20.7837
78 302 20.7837
278 243 92.6021
243 278 92.6021
303 287 63.3591
287 303 63.3591
215 37 10.6909
37 215 10.6909
229 8 88.37
8 229 88.37
289 86 29.3071
86 289 29.3071
99 121 91.5826
121 99 91.5826
120 54 85.1645
54 120 85.1645
6 7 41.3412
7 6 41.3412
96 266 64.981
266 96 64.981
275 136 49.3884
136 275 49.3884
14 298 92.4365
298 14 92.4365
245 87 52.2439
87 245 52.2439
10 231 57.032
231 10 57.032
140 222 99.2358
222 140 99.2358
103 197 67.7188
197 103 67.7188
188 290 31.7007
290 188 31.7007
180 278 84.8278
278 180 84.8278
116 46 96.7842
46 116 96.7842
145 78 26.0746
78 145 26.0746
273 139 79.3372
139 273 79.3372
23 239 89.1572
239 23 89.1572
154 69 20.284
69 154 20.284
315 98 11.1104
98 315 11.1104
251 274 73.6346
274 251 73.6346
128 52 85.6108
52 128 85.6108
87 83 61.4986
83 87 61.4986
179 299 58.9129
299 179 58.9129
311 218 38.2036
218 311 38.2036
100 274 86.5645
274 100 86.5645
166 88 78.7102
88 166 78.7102
288 249 22.9501
249 288 22.9501
153 308 73.2902
308 153 73.2902
255 213 67.2281
213 255 67.2281
188 237 95.3975
237 188 95.3975
306 46 41.1029
46 306 41.1029
171 232 14.647
232 171 14.647
88 231 78.7934
231 88 78.7934
215 189 59.7684
189 215 59.7684
64 29 31.0354
29 64 31.0354
287 48 82.1153
48 287 82.1153
51 39 68.7685
39 51 68.7685
303 147 76.2119
147 303 76.2119
216 172 36.0746
172 216 36.0746
315 33 29.9302
33 315 29.9302
178 260 14.2216
260 178 14.2216
70 297 66.1615
297 70 66.1615
264 168 20.3162
168 264 20.3162
31 207 76.4594
207 31 76.4594
10 47 16.1212
47 10 16.1212
315 77 52.425
77 315 52.425
68 74 83.1714
74 68 83.1714
1 285 37.9773
285 1 37.9773
11 143 68.0162
143 11 68.0162
232 97 63.5601
97 232 63.5601
25 154 19.8417
154 25 19.8417
227 191 32.7291
191 227 32.7291
253 245 22.5231
245 253 22.5231
266 51 34.5579
51 266 34.5579
180 55 12.142
55 180 12.142
14 203 87.8357
203 14 87.8357
228 102 30.3164
102 228 30.3164
113 202 54.8039
202 113 54.8039
152 143 40.3895
143 152 40.3895
121 119 66.0627
119 121 66.0627
282 114 36.8127
114 282 36.8127
97 135 69.7969
135 97 69.7969
315 117 24.3221
117 315 24.3221
188 177 83.9372
177 188 83.9372
27 191 31.1187
191 27 31.1187
262 130 68.1327
130 262 68.1327
274 231 57.1072
231 274 57.1072
90 117 56.1783
117 90 56.1783
157 159 34.1046
159 157 34.1046
200 72 76.1041
72 200 76.1041
127 299 88.3278
299 127 88.3278
94 71 16.7217
71 94 16.7217
200 116 99.9194
116 200 99.9194
114 258 74.6583
258 114 74.6583
239 167 43.0217
167 239 43.0217
33 107 95.5565
107 33 95.5565
57 80 21.8853
80 57 21.8853
146 34 98.9781
34 146 98.9781
36 108 85.4511
108 36 85.4511
146 32 88.1168
32 146 88.1168
215 60 53.9668
60 215 53.9668
8 244 62.6447
244 8 62.6447
73 266 99.0793
266 73 99.0793
242 150 24.5015
150 242 24.5015
241 168 54.1768
168 241 54.1768
129 272 73.2129
272 129 73.2129
165 28 27.6414
28 165 27.6414
281 226 72.4972
226 281 72.4972
14 116 35.2918
116 14 35.2918
303 281 86.5477
281 303 86.5477
39 197 85.9226
197 39 85.9226
186 124 84.0726
124 186 84.0726
31 311 54.2064
311 31 54.2064
69 24 26.1004
24 69 26.1004
169 8 78.2085
8 169 78.2085
307 92 20.1081
92 307 20.1081
176 204 11.6757
204 176 11.6757
196 257 72.8064
257 196 72.8064
122 23 24.0036
23 122 24.0036
158 170 26.8472
170 158 26.8472
54 307 26.4592
307 54 26.4592
155 284 77.2017
284 155 77.2017
300 207 68.2387
207 300 68.2387
80 238 89.9028
238 80 89.9028
290 14 64.9992
14 290 64.9992
218 40 42.1338
40 218 42.1338
120 219 21.8837
219 120 21.8837
206 86 15.1092
86 206 15.1092
217 292 15.671
292 217 15.671
237 258 22.619
258 237 22.619
119 181 79.6925
181 119 79.6925
111 267 27.992
267 111 27.992
30 36 27.2829
36 30 27.2829
177 163 85.1695
163 177 85.1695
260 6 17.5386
6 260 17.5386
257 200 47.6715
200 257 47.6715
5 123 38.359
123 5 38.359
235 182 90.3568
182 235 90.3568
195 235 98.6008
235 195 98.6008
16 290 73.7807
290 16 73.7807
3 122 10.5382
122 3 10.5382
43 81 94.8329
81 43 94.8329
279 130 22.2004
130 279 22.2004
113 92 87.4352
92 113 87.4352
107 256 63.1601
256 107 63.1601
124 300 19.263
300 124 19.263
261 283 84.165
283 261 84.165
60 160 93.961
160 60 93.961
296 91 16.0584
91 296 16.0584
250 61 58.4659
61 250 58.4659
176 310 10.8458
310 176 10.8458
184 85 58.6048
85 184 58.6048
152 176 23.5132
176 152 23.5132
130 234 85.2445
234 130 85.2445
313 52 11.8698
52 313 11.8698
174 210 33.9965
210 174 33.9965
273 198 33.1171
198 273 33.1171
261 131 19.3013
131 261 19.3013
307 202 72.8795
202 307 72.8795
305 61 59.9842
61 305 59.9842
93 5 99.9178
5 93 99.9178
145 292 49.3487
292 145 49.3487
61 293 36.2648
293 61 36.2648
238 186 18.3811
186 238 18.3811
25 304 79.2422
304 25 79.2422
129 94 66.4391
94 129 66.4391
66 288 83.8674
288 66 83.8674
59 243 96.7845
243 59 96.7845
19 187 13.434
187 19 13.434
231 208 65.35
208 231 65.35
4 224 13.8433
224 4 13.8433
276 131 62.7231
131 276 62.7231
272 167 36.8955
167 272 36.8955
150 306 99.2446
306 150 99.2446
299 130 47.0187
130 299 47.0187
42 190 92.3786
190 42 92.3786
219 192 81.7291
192 219 81.7291
12 74 71.1425
74 12 71.1425
93 172 53.9971
172 93 53.9971
51 146 84.8514
146 51 84.8514
21 311 71.7115
311 21 71.7115
299 203 87.5081
203 299 87.5081
138 17 38.5222
17 138 38.5222
172 152 99.3984
152 172 99.3984
204 61 91.943
61 204 91.943
278 275 16.7314
275 278 16.7314
10 272 35.8748
272 10 35.8748
149 159 85.6786
159 149 85.6786
118 300 54.5816
300 118 54.5816
198 94 24.4972
94 198 24.4972
88 257 32.4733
257 88 32.4733
49 201 10.1492
201 49 10.1492
305 239 33.2429
239 305 33.2429
150 53 75.5682
53 150 75.5682
261 253 40.6695
253 261 40.6695
47 76 37.0278
76 47 37.0278
246 71 99.7142
71 246 99.7142
234 40 48.5561
40 234 48.5561
260 253 24.5509
253 260 24.5509
244 185 44.6487
185 244 44.6487
88 240 76.6922
240 88 76.6922
92 230 28.5478
230 92 28.5478
142 30 74.5128
30 142 74.5128
193 38 87.0626
38 193 87.0626
74 266 90.9198
266 74 90.9198
142 226 18.5044
226 142 18.5044
55 196 29.949
196 55 29.949
65 130 71.1671
130 65 71.1671
18 261 59.5214
261 18 59.5214
106 19 42.7974
19 106 42.7974
263 230 62.8805
230 263 62.8805
300 73 37.0058
73 300 37.0058
308 134 14.6933
134 308 14.6933
60 115 43.291
115 60 43.291
130 125 52.3002
125 130 52.3002
277 7 73.6291
7 277 73.6291
98 259 39.6164
259 98 39.6164
260 297 20.6832
297 260 20.6832
172 9 77.6523
9 172 77.6523
65 35 79.0766
35 65 79.0766
205 138 42.5094
138 205 42.5094
32 0 59.2401
0 32 59.2401
176 143 35.5376
143 176 35.5376
295 243 35.843
243 295 35.843
250 48 83.0633
48 250 83.0633
8 61 68.1318
61 8 68.1318
214 290 79.1899
290 214 79.1899
18 242 67.8178
242 18 67.8178
171 270 56.9974
270 171 56.9974
287 86 76.8138
86 287 76.8138
289 97 84.8292
97 289 84.8292
134 263 53.1645
263 134 53.1645
77 119 11.7169
119 77 11.7169
0 199 33.611
199 0 33.611
265 235 20.8727
235 265 20.8727
24 151 15.3122
151 24 15.3122
24 218 93.589
218 24 93.589
259 50 24.0303
50 259 24.0303
143 79 96.8636
79 143 96.8636
221 137 91.8292
137 221 91.8292
57 309 81.918
309 57 81.918
90 92 97.8671
92 90 97.8671
70 144 36.5618
144 70 36.5618
191 210 44.9884
210 191 44.9884
312 80 18.953
80 312 18.953
94 128 85.3208
128 94 85.3208
160 255 29.2174
255 160 29.2174
60 85 59.0659
85 60 59.0659
249 152 12.579
152 249 12.579
280 36 53.5173
36 280 53.5173
67 150 46.9433
150 67 46.9433
1 2 70.0748
2 1 70.0748
76 157 81.7697
157 76 81.7697
254 176 66.3755
176 254 66.3755
218 303 86.2265
303 218 86.2265
100 54 69.0333
54 100 69.0333
106 312 55.2892
312 106 55.2892
277 284 48.2565
284 277 48.2565
11 9 43.2403
9 11 43.2403
21 66 92.9013
66 21 92.9013
56 66 23.3186
66 56 23.3186
277 225 93.1858
225 277 93.1858
203 238 39.0274
238 203 39.0274
185 260 27.7097
260 185 27.7097
291 10 80.6812
10 291 80.6812
293 60 43.4861
60 293 43.4861
192 58 43.3957
58 192 43.3957
53 313 44.4122
313 53 44.4122
210 81 99.5037
81 210 99.5037
216 101 28.1903
101 216 28.1903
111 131 63.1106
131 111 63.1106
113 163 82.912
163 113 82.912
246 171 48.5319
171 246 48.5319
146 238 51.1662
238 146 51.1662
85 178 90.4063
178 85 90.4063
315 6 90.8542
6 315 90.8542
132 288 36.6076
288 132 36.6076
188 62 96.6461
62 188 96.6461
0 55 39.4469
55 0 39.4469
280 84 74.0818
84 280 74.0818
104 214 84.2347
214 104 84.2347
252 192 12.455
192 252 12.455
70 21 83.7061
21 70 83.7061
282 158 17.4754
158 282 17.4754
181 246 55.8597
246 181 55.8597
183 155 50.4334
155 183 50.4334
259 108 14.5421
108 259 14.5421
164 239 18.3309
239 164 18.3309
81 128 96.306
128 81 96.306
39 182 57.9713
182 39 57.9713
279 259 73.2265
259 279 73.2265
47 87 63.6519
87 47 63.6519
50 106 57.4636
106 50 57.4636
65 210 40.1872
210 65 40.1872
181 9 22.1754
9 181 22.1754
263 273 31.8225
273 263 31.8225
106 53 48.5378
53 106 48.5378
272 2 64.9347
2 272 64.9347
28 12 27.1296
12 28 27.1296
160 33 52.0103
33 160 52.0103
178 151 21.2254
151 178 21.2254
165 181 64.8077
181 165 64.8077
23 105 83.1011
105 23 83.1011
6 131 87.4544
131 6 87.4544
113 140 53.9889
140 113 53.9889
179 210 40.4039
210 179 40.4039
175 62 29.3356
62 175 29.3356
231 315 22.4575
315 231 22.4575
220 24 12.7698
24 220 12.7698
32 259 80.1777
259 32 80.1777
215 10 70.9134
10 215 70.9134
11 252 44.3557
252 11 44.3557
240 104 70.9136
104 240 70.9136
131 308 54.6456
308 131 54.6456
7 266 68.355
266 7 68.355
19 18 85.6382
18 19 85.6382
307 194 51.478
194 307 51.478
207 205 21.0578
205 207 21.0578
118 114 23.2009
114 118 23.2009
223 148 62.7086
148 223 62.7086
282 204 82.6149
204 282 82.6149
248 65 46.3281
65 248 46.3281
117 217 31.5877
217 117 31.5877
214 52 86.3845
52 214 86.3845
24 239 61.4656
239 24 61.4656
286 232 14.3092
232 286 14.3092
289 112 84.2225
112 289 84.2225
274 66 52.0564
66 274 52.0564
102 40 86.7959
40 102 86.7959
130 23 71.9029
23 130 71.9029
194 190 66.3162
190 194 66.3162
268 201 61.4663
201 268 61.4663
72 12 51.408
12 72 51.408
21 47 71.6027
47 21 71.6027
31 55 98.9444
55 31 98.9444
234 132 68.8174
132 234 68.8174
158 196 46.4288
196 158 46.4288
68 39 16.8909
39 68 16.8909
309 208 86.3262
208 309 86.3262
130 286 74.484
286 130 74.484
290 154 19.1998
154 290 19.1998
292 139 85.2981
139 292 85.2981
293 162 33.8182
162 293 33.8182
101 24 10.6235
24 101 10.6235
11 53 99.6618
53 11 99.6618
163 220 28.9411
220 163 28.9411
311 64 30.4472
64 311 30.4472
51 202 17.5844
202 51 17.5844
165 299 74.6329
299 165 74.6329
295 271 16.76
271 295 16.76
162 301 94.6463
301 162 94.6463
259 57 21.2617
57 259 21.2617
241 224 46.6964
224 241 46.6964
29 161 99.1357
161 29 99.1357
60 297 36.2223
297 60 36.2223
195 276 64.7202
276 195 64.7202
6 114 69.5789
114 6 69.5789
213 193 72.8635
193 213 72.8635
273 205 82.9435
205 273 82.9435
107 313 19.7544
313 107 19.7544
148 67 96.4083
67 148 96.4083
77 84 97.841
84 77 97.841
289 240 27.2456
240 289 27.2456
53 190 56.8421
190 53 56.8421
160 287 86.0965
287 160 86.0965
146 302 73.7975
302 146 73.7975
116 232 76.7543
232 116 76.7543
282 225 75.9848
225 282 75.9848
63 97 77.9169
97 63 77.9169
209 263 78.0379
263 209 78.0379
37 178 13.2911
178 37 13.2911
228 274 31.2665
274 228 31.2665
17 207 54.4311
207 17 54.4311
315 20 54.842
20 315 54.842
308 284 93.6535
284 308 93.6535
302 296 82.4188
296 302 82.4188
242 154 62.7165
154 242 62.7165
269 253 17.0141
253 269 17.0141
205 124 29.591
124 205 29.591
34 22 70.8236
22 34 70.8236
146 177 81.1701
177 146 81.1701
255 24 86.3288
24 255 86.3288
164 218 58.8224
218 164 58.8224
281 182 76.6254
182 281 76.6254
3 304 74
304 3 74
231 119 74.7814
119 231 74.7814
5 233 10.6497
233 5 10.6497
194 35 12.8644
35 194 12.8644
164 146 41.7354
146 164 41.7354
13 261 31.5783
261 13 31.5783
67 260 39.3651
260 67 39.3651
265 54 78.3756
54 265 78.3756
169 119 27.8717
119 169 27.8717
12 218 77.6751
218 12 77.6751
193 39 85.709
39 193 85.709
216 292 74.5572
292 216 74.5572
215 128 74.2547
128 215 74.2547
218 69 86.3627
69 218 86.3627
75 169 37.327
169 75 37.327
309 67 83.7405
67 309 83.7405
16 232 31.2488
232 16 31.2488
66 313 92.8761
313 66 92.8761
168 72 24.4521
72 168 24.4521
14 162 58.7404
162 14 58.7404
37 154 33.0628
154 37 33.0628
83 206 86.8407
206 83 86.8407
45 112 80.882
112 45 80.882
139 216 72.2394
216 139 72.2394
140 241 24.6105
241 140 24.6105
287 214 56.0429
214 287 56.0429
299 218 41.1781
218 299 41.1781
67 255 17.4638
255 67 17.4638
117 278 35.8962
278 117 35.8962
149 144 18.5122
144 149 18.5122
78 28 30.0734
28 78 30.0734
170 145 76.8913
145 170 76.8913
273 163 17.7325
163 273 17.7325
178 143 28.6826
143 178 28.6826
152 56 42.2456
56 152 42.2456
230 116 93.091
116 230 93.091
44 85 79.5266
85 44 79.5266
2 178 63.4473
178 2 63.4473
74 70 85.8079
70 74 85.8079
74 221 35.0916
221 74 35.0916
7 195 90.7258
195 7 90.7258
81 306 78.6863
306 81 78.6863
254 211 83.8728
211 254 83.8728
176 208 74.5729
208 176 74.5729
256 285 72.8923
285 256 72.8923
86 83 45.1962
83 86 45.1962
268 245 39.1499
245 268 39.1499
24 46 94.2812
46 24 94.2812
35 228 24.9602
228 35 24.9602
55 146 41.7193
146 55 41.7193
238 214 73.1844
214 238 73.1844
14 214 34.0294
214 14 34.0294
57 169 12.0754
169 57 12.0754
37 177 70.6104
177 37 70.6104
289 199 37.4542
199 289 37.4542
100 176 13.469
176 100 13.469
292 232 44.0128
232 292 44.0128
228 121 67.6067
121 228 67.6067
243 218 75.2758
218 243 75.2758
6 275 81.817
275 6 81.817
18 273 89.118
273 18 89.118
18 304 57.4919
304 18 57.4919
137 75 88.3689
75 137 88.3689
47 281 20.2819
281 47 20.2819
165 57 88.9483
57 165 88.9483
44 37 61.6755
37 44 61.6755
168 169 88.7164
169 168 88.7164
232 234 97.3496
234 232 97.3496
231 308 11.5027
308 231 11.5027
147 311 92.0544
311 147 92.0544
106 205 67.2388
205 106 67.2388
132 203 24.2539
203 132 24.2539
85 35 55.7663
35 85 55.7663
59 87 94.7214
87 59 94.7214
155 60 57.4865
60 155 57.4865
294 81 57.5547
81 294 57.5547
39 28 37.1373
28 39 37.1373
72 298 91.5099
298 72 91.5099
65 128 24.1589
128 65 24.1589
99 165 82.7356
165 99 82.7356
299 150 25.3107
150 299 25.3107
245 184 30.7906
184 245 30.7906
47 79 58.0696
79 47 58.0696
287 173 17.6212
173 287 17.6212
137 21 37.1538
21 137 37.1538
302 40 17.7115
40 302 17.7115
99 279 40.7757
279 99 40.7757
315 95 73.1187
95 315 73.1187
77 272 35.784
272 77 35.784
220 72 17.1397
72 220 17.1397
182 260 72.8537
260 182 72.8537
19 117 17.3936
117 19 17.3936
191 275 84.6592
275 191 84.6592
170 167 79.6101
167 170 79.6101
221 149 56.1103
149 221 56.1103
283 183 16.2012
183 283 16.2012
94 67 65.0299
67 94 65.0299
109 143 18.6816
143 109 18.6816
181 108 35.7961
108 181 35.7961
124 211 92.1169
211 124 92.1169
146 70 30.6087
70 146 30.6087
6 240 40.2706
240 6 40.2706
145 246 65.0742
246 145 65.0742
129 54 13.9744
54 129 13.9744
198 161 90.0298
161 198 90.0298
235 125 84.5144
125 235 84.5144
216 203 37.2212
203 216 37.2212
8 290 92.6952
290 8 92.6952
30 50 14.2402
50 30 14.2402
239 254 52.9167
254 239 52.9167
165 58 78.3184
58 165 78.3184
210 3 69.7309
3 210 69.7309
162 291 34.8772
291 162 34.8772
309 39 42.5763
39 309 42.5763
294 191 80.8891
191 294 80.8891
250 138 83.7262
138 250 83.7262
255 169 59.8061
169 255 59.8061
262 164 14.8323
164 262 14.8323
217 40 17.3476
40 217 17.3476
42 127 36.7362
127 42 36.7362
256 298 30.4086
298 256 30.4086
88 177 83.7376
177 88 83.7376
111 277 80.3312
277 111 80.3312
137 120 30.5211
120 137 30.5211
161 33 61.5356
33 161 61.5356
141 128 36.6646
128 141 36.6646
242 4 79.0348
4 242 79.0348
233 187 60.7624
187 233 60.7624
208 291 58.1328
291 208 58.1328
204 276 83.6368
276 204 83.6368
19 162 61.5592
162 19 61.5592
238 32 48.2062
32 238 48.2062
133 143 96.7668
143 133 96.7668
198 227 24.0456
227 198 24.0456
60 204 38.6951
204 60 38.6951
261 182 56.8349
182 261 56.8349
100 248 42.4691
248 100 42.4691
150 174 68.5081
174 150 68.5081
192 201 16.8686
201 192 16.8686
159 105 52.4213
105 159 52.4213
83 256 66.1521
256 83 66.1521
149 81 47.1383
81 149 47.1383
257 184 56.0039
184 257 56.0039
67 25 53.0065
25 67 53.0065
8 280 21.7442
280 8 21.7442
231 3 44.6812
3 231 44.6812
25 206 43.6333
206 25 43.6333
217 28 42.8806
28 217 42.8806
177 309 70.582
309 177 70.582
60 224 23.3992
224 60 23.3992
61 245 70.0428
245 61 70.0428
195 61 76.4309
61 195 76.4309
65 173 39.1959
173 65 39.1959
58 7 62.8213
7 58 62.8213
8 306 15.4645
306 8 15.4645
41 2 34.7928
2 41 34.7928
227 176 64.9646
176 227 64.9646
75 205 51.55
205 75 51.55
113 173 37.046
173 113 37.046
44 22 12.7463
22 44 12.7463
237 170 79.3833
170 237 79.3833
238 175 65.7358
175 238 65.7358
16 67 36.1901
67 16 36.1901
217 144 61.5014
144 217 61.5014
300 290 76.2978
290 300 76.2978
157 279 84.0211
279 157 84.0211
259 254 36.3095
254 259 36.3095
164 256 20.1652
256 164 20.1652
266 254 44.6822
254 266 44.6822
96 8 48.6231
8 96 48.6231
54 139 34.7079
139 54 34.7079
147 43 70.9387
43 147 70.9387
254 201 17.6299
201 254 17.6299
195 69 97.1898
69 195 97.1898
164 29 91.3783
29 164 91.3783
39 235 66.8731
235 39 66.8731
80 98 45.9472
98 80 45.9472
279 117 61.1469
117 279 61.1469
111 62 88.247
62 111 88.247
183 80 64.3763
80 183 64.3763
301 146 14.8228
146 301 14.8228
202 227 43.6282
227 202 43.6282
29 88 77.23
88 29 77.23
210 89 39.9975
89 210 39.9975
185 312 97.0343
312 185 97.0343
138 291 84.56
291 138 84.56
304 292 66.3246
292 304 66.3246
89 26 93.5315
26 89 93.5315
307 291 17.3556
291 307 17.3556
48 21 40.9024
21 48 40.9024
227 270 21.8509
270 227 21.8509
117 23 10.0665
23 117 10.0665
59 155 98.0829
155 59 98.0829
115 157 20.1964
157 115 20.1964
113 66 90.3241
66 113 90.3241
134 69 49.2424
69 134 49.2424
142 56 71.6
56 142 71.6
313 280 31.3427
280 313 31.3427
226 304 61.2594
304 226 61.2594
252 116 38.1892
116 252 38.1892
134 169 64.6521
169 134 64.6521
128 156 68.6713
156 128 68.6713
99 98 86.2482
98 99 86.2482
75 6 31.2018
6 75 31.2018
215 156 98.7483
156 215 98.7483
15 41 59.183
41 15 59.183
179 106 21.3995
106 179 21.3995
182 31 74.2209
31 182 74.2209
195 214 99.5287
214 195 99.5287
222 161 47.6671
161 222 47.6671
117 232 28.0516
232 117 28.0516
230 35 26.886
35 230 26.886
242 197 79.6951
197 242 79.6951
156 121 11.0126
121 156 11.0126
276 219 92.3326
219 276 92.3326
271 153 50.4617
153 271 50.4617
112 158 53.7769
158 112 53.7769
23 79 92.3256
79 23 92.3256
240 5 56.1231
5 240 56.1231
236 213 51.8631
213 236 51.8631
15 271 40.6728
271 15 40.6728
268 75 37.9059
75 268 37.9059
92 252 43.0727
252 92 43.0727
58 37 86.3601
37 58 86.3601
20 172 74.0118
172 20 74.0118
312 124 49.1584
124 312 49.1584
55 94 57.2404
94 55 57.2404
125 69 55.6943
69 125 55.6943
24 4 73.4761
4 24 73.4761
142 187 22.454
187 142 22.454
173 144 30.3552
144 173 30.3552
187 1 87.5275
1 187 87.5275
234 185 85.8318
185 234 85.8318
304 80 57.0964
80 304 57.0964
213 284 97.0683
284 213 97.0683
184 116 11.0133
116 184 11.0133
2 48 17.3436
48 2 17.3436
313 174 33.5295
174 313 33.5295
144 171 14.3969
171 144 14.3969
306 122 82.9829
122 306 82.9829
261 75 30.2377
75 261 30.2377
209 215 42.0019
215 209 42.0019
245 226 50.662
226 245 50.662
93 106 84.4641
106 93 84.4641
107 268 46.1777
268 107 46.1777
72 284 87.3613
284 72 87.3613
291 71 44.7898
71 291 44.7898
18 41 16.4673
41 18 16.4673
50 155 74.9773
155 50 74.9773
131 113 94.9854
113 131 94.9854
80 210 17.0716
210 80 17.0716
197 123 90.2351
123 197 90.2351
17 52 31.6995
52 17 31.6995
284 219 22.3836
219 284 22.3836
212 224 74.5884
224 212 74.5884
310 150 66.9595
150 310 66.9595
198 220 12.0697
220 198 12.0697
233 142 85.1905
142 233 85.1905
93 36 86.0347
36 93 86.0347
156 37 65.2779
37 156 65.2779
41 34 37.5177
34 41 37.5177
172 78 59.7356
78 172 59.7356
311 59 93.7023
59 311 93.7023
196 27 53.9806
27 196 53.9806
260 101 12.9343
101 260 12.9343
96 31 56.0873
31 96 56.0873
100 208 41.0477
208 100 41.0477
301 242 95.2876
242 301 95.2876
210 0 86.1425
0 210 86.1425
87 208 63.8033
208 87 63.8033
304 270 97.3296
270 304 97.3296
154 23 46.4496
23 154 46.4496
175 137 28.5971
137 175 28.5971
221 23 60.0189
23 221 60.0189
304 187 71.5115
187 304 71.5115
87 273 97.0192
273 87 97.0192
242 91 55.8523
91 242 55.8523
151 73 48.6322
73 151 48.6322
242 247 50.8
247 242 50.8
202 224 57.6454
224 202 57.6454
128 200 22.253
200 128 22.253
219 288 32.9979
288 219 32.9979
29 137 75.3393
137 29 75.3393
178 67 20.4791
67 178 20.4791
166 90 47.1878
90 166 47.1878
39 55 27.7121
55 39 27.7121
62 276 33.7313
276 62 33.7313
55 3 31.1001
3 55 31.1001
305 309 73.2417
309 305 73.2417
200 301 58.2538
301 200 58.2538
168 253 61.3763
253 168 61.3763
71 115 55.1624
115 71 55.1624
58 129 96.7867
129 58 96.7867
170 250 94.6436
250 170 94.6436
49 306 61.1643
306 49 61.1643
7 154 59.9283
154 7 59.9283
172 5 35.428
5 172 35.428
304 149 74.7383
149 304 74.7383
22 225 79.2704
225 22 79.2704
132 180 98.6239
180 132 98.6239
12 264 61.6277
264 12 61.6277
189 176 90.9881
176 189 90.9881
41 222 29.4207
222 41 29.4207
217 87 46.2699
87 217 46.2699
74 131 10.6714
131 74 10.6714
273 276 98.4666
276 273 98.4666
130 242 40.7172
242 130 40.7172
47 286 55.0657
286 47 55.0657
102 97 59.0517
97 102 59.0517
310 217 17.7802
217 310 17.7802
187 122 51.8067
122 187 51.8067
39 265 28.0403
265 39 28.0403
295 81 80.4326
81 295 80.4326
180 156 58.9508
156 180 58.9508
170 157 30.5653
157 170 30.5653
