324 4922 193 150
1 0 61.743
0 1 61.743
2 0 79.8871
0 2 79.8871
3 2 92.7334
2 3 92.7334
4 0 22.1512
0 4 22.1512
5 2 20.4282
2 5 20.4282
6 2 81.5076
2 6 81.5076
7 0 79.3727
0 7 79.3727
8 6 97.7677
6 8 97.7677
9 0 42.3442
0 9 42.3442
10 8 38.4789
8 10 38.4789
11 1 63.8319
1 11 63.8319
12 0 80.829
0 12 80.829
13 4 91.4921
4 13 91.4921
14 1 11.1261
1 14 11.1261
15 10 99.5454
10 15 99.5454
16 5 25.1711
5 16 25.1711
17 13 74.848
13 17 74.848
18 2 37.5163
2 18 37.5163
19 2 74.2533
2 19 74.2533
20 7 98.2506
7 20 98.2506
21 7 88.749
7 21 88.749
22 13 45.6526
13 22 45.6526
23 20 58.7446
20 23 58.7446
24 9 97.5581
9 24 97.5581
25 10 35.1737
10 25 35.1737
26 4 86.6898
4 26 86.6898
27 11 51.4411
11 27 51.4411
28 15 76.5596
15 28 76.5596
29 14 86.7127
14 29 86.7127
30 8 20.1848
8 30 20.1848
31 21 90.8785
21 31 90.8785
32 19 58.1373
19 32 58.1373
33 15 97.5815
15 33 97.5815
34 5 13.2191
5 34 13.2191
35 10 19.0364
10 35 19.0364
36 22 57.4171
22 36 57.4171
37 18 64.73
18 37 64.73
38 28 17.0857
28 38 17.0857
39 24 15.922
24 39 15.922
40 12 21.0515
12 40 21.0515
41 35 25.7116
35 41 25.7116
42 6 44.9181
6 42 44.9181
43 0 70.236
0 43 70.236
44 41 18.2215
41 44 18.2215
45 12 50.1581
12 45 50.1581
46 17 28.2837
17 46 28.2837
47 44 50.2419
44 47 50.2419
48 45 36.4333
45 48 36.4333
49 16 72.7907
16 49 72.7907
50 42 30.6091
42 50 30.6091
51 11 42.689
11 51 42.689
52 35 31.8224
35 52 31.8224
53 40 80.5123
40 53 80.5123
54 30 17.163
30 54 17.163
55 23 43.0623
23 55 43.0623
56 21 56.3996
21 56 56.3996
57 24 10.8468
24 57 10.8468
58 53 63.0631
53 58 63.0631
59 33 74.2881
33 59 74.2881
60 25 36.7594
25 60 36.7594
61 41 63.6034
41 61 63.6034
62 31 57.9793
31 62 57.9793
63 23 66.3666
23 63 66.3666
64 21 37.1428
21 64 37.1428
65 36 62.0913
36 65 62.0913
66 37 26.499
37 66 26.499
67 12 32.3173
12 67 32.3173
68 14 20.0521
14 68 20.0521
69 5 59.0033
5 69 59.0033
70 56 94.0595
56 70 94.0595
71 65 96.72
65 71 96.72
72 18 50.6088
18 72 50.6088
73 13 16.9836
13 73 16.9836
74 7 32.0109
7 74 32.0109
75 54 80.9854
54 75 80.9854
76 1 34.8947
1 76 34.8947
77 40 14.0258
40 77 14.0258
78 61 18.6946
61 78 18.6946
79 57 63.78
57 79 63.78
80 62 52.9087
62 80 52.9087
81 71 10.5017
71 81 10.5017
82 51 74.5858
51 82 74.5858
83 14 59.9532
14 83 59.9532
84 62 12.8824
62 84 12.8824
85 5 65.9166
5 85 65.9166
86 78 25.0156
78 86 25.0156
87 3 47.8213
3 87 47.8213
88 61 69.524
61 88 69.524
89 6 55.0037
6 89 55.0037
90 38 83.9896
38 90 83.9896
91 20 20.2783
20 91 20.2783
92 60 10.4096
60 92 10.4096
93 51 14.2815
51 93 14.2815
94 51 60.5467
51 94 60.5467
95 67 38.1892
67 95 38.1892
96 62 40.6882
62 96 40.6882
97 3 61.2831
3 97 61.2831
98 40 25.9583
40 98 25.9583
99 62 36.4943
62 99 36.4943
100 32 80.7937
32 100 80.7937
101 24 29.0891
24 101 29.0891
102 47 58.5595
47 102 58.5595
103 83 21.5408
83 103 21.5408
104 91 81.062
91 104 81.062
105 69 84.1356
69 105 84.1356
106 74 11.7223
74 106 11.7223
107 94 77.6026
94 107 77.6026
108 36 53.0816
36 108 53.0816
109 89 28.2756
89 109 28.2756
110 102 29.2931
102 110 29.2931
111 22 27.235
22 111 27.235
112 96 96.6045
96 112 96.6045
113 51 29.3955
51 113 29.3955
114 98 86.5155
98 114 86.5155
115 0 14.0745
0 115 14.0745
116 20 94.1684
20 116 94.1684
117 4 70.288
4 117 70.288
118 71 90.9427
71 118 90.9427
119 67 13.5021
67 119 13.5021
120 118 52.57
118 120 52.57
121 79 63.8889
79 121 63.8889
122 39 88.7892
39 122 88.7892
123 62 71.5988
62 123 71.5988
124 97 50.328
97 124 50.328
125 73 83.4414
73 125 83.4414
126 98 47.5816
98 126 47.5816
127 54 79.61
54 127 79.61
128 52 49.0677
52 128 49.0677
129 20 71.302
20 129 71.302
130 17 10.8567
17 130 10.8567
131 75 20.6316
75 131 20.6316
132 74 61.248
74 132 61.248
133 52 14.7702
52 133 14.7702
134 1 77.5522
1 134 77.5522
135 92 15.9288
92 135 15.9288
136 113 54.9461
113 136 54.9461
137 79 98.9745
79 137 98.9745
138 7 10.2305
7 138 10.2305
139 111 69.184
111 139 69.184
140 124 48.159
124 140 48.159
141 98 30.0284
98 141 30.0284
142 36 74.4677
36 142 74.4677
143 10 57.2236
10 143 57.2236
144 23 29.91
23 144 29.91
145 104 77.1006
104 145 77.1006
146 144 21.3659
144 146 21.3659
147 70 65.496
70 147 65.496
148 67 24.2249
67 148 24.2249
149 82 75.864
82 149 75.864
150 7 15.2713
7 150 15.2713
151 94 44.5904
94 151 44.5904
152 14 22.6267
14 152 22.6267
153 139 95.7552
139 153 95.7552
154 86 14.0602
86 154 14.0602
155 147 50.4839
147 155 50.4839
156 126 56.1228
126 156 56.1228
157 123 82.3884
123 157 82.3884
158 147 13.9527
147 158 13.9527
159 122 62.3634
122 159 62.3634
160 106 77.1695
106 160 77.1695
161 110 44.9384
110 161 44.9384
162 33 93.7838
33 162 93.7838
163 128 43.0211
128 163 43.0211
164 81 72.0878
81 164 72.0878
165 8 16.4101
8 165 16.4101
166 144 97.9141
144 166 97.9141
167 144 29.2956
144 167 29.2956
168 39 44.0343
39 168 44.0343
169 10 20.2825
10 169 20.2825
170 142 76.2902
142 170 76.2902
171 32 10.8322
32 171 10.8322
172 28 56.2668
28 172 56.2668
173 36 15.1948
36 173 15.1948
174 139 62.0905
139 174 62.0905
175 25 28.7183
25 175 28.7183
176 138 26.4061
138 176 26.4061
177 85 53.3599
85 177 53.3599
178 14 42.7102
14 178 42.7102
179 169 80.1331
169 179 80.1331
180 172 68.7364
172 180 68.7364
181 36 27.2486
36 181 27.2486
182 36 39.9983
36 182 39.9983
183 140 40.2443
140 183 40.2443
184 79 95.3356
79 184 95.3356
185 52 36.0421
52 185 36.0421
186 124 57.7175
124 186 57.7175
187 9 25.1419
9 187 25.1419
188 17 51.1718
17 188 51.1718
189 73 89.9212
73 189 89.9212
190 38 19.6814
38 190 19.6814
191 149 99.9354
149 191 99.9354
192 54 83.3347
54 192 83.3347
193 135 33.5021
135 193 33.5021
194 47 62.4721
47 194 62.4721
195 134 45.55
134 195 45.55
196 76 67.9963
76 196 67.9963
197 177 75.3747
177 197 75.3747
198 191 12.8207
191 198 12.8207
199 30 69.3308
30 199 69.3308
200 65 92.3241
65 200 92.3241
201 166 90.7112
166 201 90.7112
202 42 31.7938
42 202 31.7938
203 88 65.3178
88 203 65.3178
204 52 29.35
52 204 29.35
205 121 43.3377
121 205 43.3377
206 202 54.6682
202 206 54.6682
207 92 97.8503
92 207 97.8503
208 58 35.7286
58 208 35.7286
209 183 47.092
183 209 47.092
210 40 59.6624
40 210 59.6624
211 1 92.4765
1 211 92.4765
212 89 54.8789
89 212 54.8789
213 128 10.603
128 213 10.603
214 81 83.0657
81 214 83.0657
215 195 47.7314
195 215 47.7314
216 60 41.0298
60 216 41.0298
217 102 99.3564
102 217 99.3564
218 25 75.4899
25 218 75.4899
219 160 41.6498
160 219 41.6498
220 133 84.4994
133 220 84.4994
221 24 75.3896
24 221 75.3896
222 51 82.8525
51 222 82.8525
223 15 14.0387
15 223 14.0387
224 100 98.3124
100 224 98.3124
225 40 25.2755
40 225 25.2755
226 188 87.547
188 226 87.547
227 47 86.3688
47 227 86.3688
228 77 19.7527
77 228 19.7527
229 212 41.0801
212 229 41.0801
230 131 80.2091
131 230 80.2091
231 149 25.9366
149 231 25.9366
232 127 52.7523
127 232 52.7523
233 131 29.6632
131 233 29.6632
234 91 42.9693
91 234 42.9693
235 198 59.5395
198 235 59.5395
236 215 12.7394
215 236 12.7394
237 204 33.4504
204 237 33.4504
238 212 37.0166
212 238 37.0166
239 154 68.3609
154 239 68.3609
240 77 15.1069
77 240 15.1069
241 156 83.8087
156 241 83.8087
242 216 42.7108
216 242 42.7108
243 96 18.028
96 243 18.028
244 121 93.9597
121 244 93.9597
245 171 73.7322
171 245 73.7322
246 146 70.0832
146 246 70.0832
247 104 81.6282
104 247 81.6282
248 10 35.3945
10 248 35.3945
249 231 88.7706
231 249 88.7706
250 28 97.3312
28 250 97.3312
251 129 60.8344
129 251 60.8344
252 135 22.8696
135 252 22.8696
253 188 25.5587
188 253 25.5587
254 94 91.2096
94 254 91.2096
255 57 12.8069
57 255 12.8069
256 118 22.6919
118 256 22.6919
257 218 39.5581
218 257 39.5581
258 57 33.451
57 258 33.451
259 111 43.586
111 259 43.586
260 76 93.2531
76 260 93.2531
261 80 30.2816
80 261 30.2816
262 169 45.0454
169 262 45.0454
263 240 49.9217
240 263 49.9217
264 181 67.3621
181 264 67.3621
265 121 28.3619
121 265 28.3619
266 175 96.6772
175 266 96.6772
267 171 37.0447
171 267 37.0447
268 239 44.704
239 268 44.704
269 65 45.1368
65 269 45.1368
270 116 16.8867
116 270 16.8867
271 122 67.8874
122 271 67.8874
272 256 79.3261
256 272 79.3261
273 208 34.1325
208 273 34.1325
274 214 93.728
214 274 93.728
275 137 48.7875
137 275 48.7875
276 128 90.0303
128 276 90.0303
277 65 33.7064
65 277 33.7064
278 154 10.9768
154 278 10.9768
279 51 67.6565
51 279 67.6565
280 89 86.3217
89 280 86.3217
281 57 28.174
57 281 28.174
282 233 31.5704
233 282 31.5704
283 174 32.7965
174 283 32.7965
284 201 86.5205
201 284 86.5205
285 223 83.903
223 285 83.903
286 230 26.0641
230 286 26.0641
287 267 72.4084
267 287 72.4084
288 87 48.7035
87 288 48.7035
289 167 40.9306
167 289 40.9306
290 209 68.5417
209 290 68.5417
291 146 79.4613
146 291 79.4613
292 230 40.9934
230 292 40.9934
293 137 53.5206
137 293 53.5206
294 35 15.9989
35 294 15.9989
295 264 18.1479
264 295 18.1479
296 114 62.7173
114 296 62.7173
297 296 91.4451
296 297 91.4451
298 16 46.6452
16 298 46.6452
299 159 28.5953
159 299 28.5953
300 132 83.6076
132 300 83.6076
301 185 79.0387
185 301 79.0387
302 142 15.3736
142 302 15.3736
303 150 21.0231
150 303 21.0231
304 222 51.1607
222 304 51.1607
305 79 55.9258
79 305 55.9258
306 290 16.1738
290 306 16.1738
307 46 24.316
46 307 24.316
308 56 83.0144
56 308 83.0144
309 96 66.5991
96 309 66.5991
310 81 63.47
81 310 63.47
311 25 38.2982
25 311 38.2982
312 67 62.4046
67 312 62.4046
313 101 51.9047
101 313 51.9047
314 168 75.5196
168 314 75.5196
315 159 80.5234
159 315 80.5234
316 57 48.1418
57 316 48.1418
317 72 24.1555
72 317 24.1555
318 297 41.4131
297 318 41.4131
319 22 38.7499
22 319 38.7499
320 118 72.9746
118 320 72.9746
321 107 62.1483
107 321 62.1483
322 271 84.8317
271 322 84.8317
323 178 36.0398
178 323 36.0398
185 288 54.4126
288 185 54.4126
76 33 62.6763
33 76 62.6763
160 136 62.8694
136 160 62.8694
29 118 44.9049
118 29 44.9049
213 84 46.682
84 213 46.682
254 309 16.1422
309 254 16.1422
287 136 76.9942
136 287 76.9942
0 149 64.2495
149 0 64.2495
38 306 38.7528
306 38 38.7528
147 282 83.8872
282 147 83.8872
267 137 72.7102
137 267 72.7102
150 274 64.0569
274 150 64.0569
72 103 91.9134
103 72 91.9134
198 46 73.291
46 198 73.291
134 189 76.2421
189 134 76.2421
183 40 51.5227
40 183 51.5227
185 48 31.6486
48 185 31.6486
256 237 57.3565
237 256 57.3565
24 155 54.9679
155 24 54.9679
237 219 87.3885
219 237 87.3885
247 314 50.0115
314 247 50.0115
228 52 17.7512
52 228 17.7512
181 75 85.2836
75 181 85.2836
240 127 87.8929
127 240 87.8929
253 52 77.8439
52 253 77.8439
181 317 78.9269
317 181 78.9269
106 256 14.7321
256 106 14.7321
81 182 46.5263
182 81 46.5263
31 170 29.4865
170 31 29.4865
176 76 35.41
76 176 35.41
28 30 70.3131
30 28 70.3131
280 189 54.5531
189 280 54.5531
122 238 42.72
238 122 42.72
178 191 78.0439
191 178 78.0439
33 30 30.5786
30 33 30.5786
109 319 71.8466
319 109 71.8466
127 298 93.9923
298 127 93.9923
218 227 37.3133
227 218 37.3133
31 108 30.9894
108 31 30.9894
300 192 72.9828
192 300 72.9828
240 194 78.7049
194 240 78.7049
295 134 79.7394
134 295 79.7394
14 80 65.3773
80 14 65.3773
303 9 82.9508
9 303 82.9508
187 60 17.6765
60 187 17.6765
24 320 82.9457
320 24 82.9457
162 94 53.2546
94 162 53.2546
202 108 25.9696
108 202 25.9696
185 250 27.8317
250 185 27.8317
180 64 12.3155
64 180 12.3155
316 250 40.0826
250 316 40.0826
16 317 91.4925
317 16 91.4925
140 170 70.3167
170 140 70.3167
89 292 11.1395
292 89 11.1395
29 1 72.0458
1 29 72.0458
65 110 94.2705
110 65 94.2705
185 273 67.3749
273 185 67.3749
322 161 26.6501
161 322 26.6501
183 189 67.8224
189 183 67.8224
167 22 39.4772
22 167 39.4772
259 16 17.1021
16 259 17.1021
252 187 23.5464
187 252 23.5464
101 289 69.4239
289 101 69.4239
130 300 65.4739
300 130 65.4739
225 286 90.3577
286 225 90.3577
112 311 60.5658
311 112 60.5658
232 183 26.0362
183 232 26.0362
121 212 17.3444
212 121 17.3444
8 322 33.2744
322 8 33.2744
58 194 58.0588
194 58 58.0588
319 241 87.7164
241 319 87.7164
210 271 32.8519
271 210 32.8519
0 210 36.9305
210 0 36.9305
12 276 79.2784
276 12 79.2784
37 205 89.8619
205 37 89.8619
58 82 21.8396
82 58 21.8396
267 208 35.4002
208 267 35.4002
94 100 81.7609
100 94 81.7609
304 59 18.9506
59 304 18.9506
66 53 58.7365
53 66 58.7365
286 1 30.7817
1 286 30.7817
28 80 31.0347
80 28 31.0347
145 152 70.773
152 145 70.773
59 246 19.3301
246 59 19.3301
182 64 13.9058
64 182 13.9058
71 163 70.407
163 71 70.407
266 49 81.391
49 266 81.391
295 262 11.311
262 295 11.311
154 255 46.1485
255 154 46.1485
223 315 54.8064
315 223 54.8064
307 56 93.1687
56 307 93.1687
206 26 97.2883
26 206 97.2883
6 289 80.1676
289 6 80.1676
23 156 56.9278
156 23 56.9278
321 130 83.4321
130 321 83.4321
80 137 15.4846
137 80 15.4846
84 149 80.2655
149 84 80.2655
272 83 72.8335
83 272 72.8335
285 160 86.3047
160 285 86.3047
199 13 64.0259
13 199 64.0259
231 146 42.8256
146 231 42.8256
151 53 87.7481
53 151 87.7481
248 33 92.207
33 248 92.207
34 20 52.3878
20 34 52.3878
236 127 54.7755
127 236 54.7755
142 179 52.6869
179 142 52.6869
12 50 36.4315
50 12 36.4315
202 305 57.824
305 202 57.824
191 166 63.3091
166 191 63.3091
243 286 64.8602
286 243 64.8602
103 29 41.412
29 103 41.412
54 25 36.5984
25 54 36.5984
61 42 50.7247
42 61 50.7247
139 258 13.0012
258 139 13.0012
11 76 58.967
76 11 58.967
67 40 61.3268
40 67 61.3268
172 210 74.2149
210 172 74.2149
221 106 84.5149
106 221 84.5149
305 46 49.0711
46 305 49.0711
149 301 97.8512
301 149 97.8512
249 200 60.0892
200 249 60.0892
98 162 73.2315
162 98 73.2315
37 170 30.9823
170 37 30.9823
113 194 51.2326
194 113 51.2326
29 159 17.9609
159 29 17.9609
89 284 44.8626
284 89 44.8626
224 260 62.3961
260 224 62.3961
38 143 91.6181
143 38 91.6181
258 190 84.2979
190 258 84.2979
222 193 95.9319
193 222 95.9319
138 259 31.2909
259 138 31.2909
60 257 77.2089
257 60 77.2089
74 226 80.8414
226 74 80.8414
21 149 85.2447
149 21 85.2447
65 69 14.9532
69 65 14.9532
248 173 50.6031
173 248 50.6031
220 66 83.1125
66 220 83.1125
153 200 40.7236
200 153 40.7236
314 278 26.4353
278 314 26.4353
247 311 75.6408
311 247 75.6408
177 319 71.9477
319 177 71.9477
101 126 38.6897
126 101 38.6897
191 311 94.4183
311 191 94.4183
195 147 80.2234
147 195 80.2234
29 38 46.5377
38 29 46.5377
239 316 10.499
316 239 10.499
271 145 35.4924
145 271 35.4924
177 132 79.7575
132 177 79.7575
221 154 72.0495
154 221 72.0495
20 207 88.864
207 20 88.864
107 316 95.8597
316 107 95.8597
250 149 62.231
149 250 62.231
58 149 30.8365
149 58 30.8365
153 242 16.29
242 153 16.29
157 297 13.4859
297 157 13.4859
50 247 42.7864
247 50 42.7864
284 235 82.7015
235 284 82.7015
288 160 28.8941
160 288 28.8941
34 170 71.6342
170 34 71.6342
20 275 36.9575
275 20 36.9575
172 242 29.7176
242 172 29.7176
60 59 60.6855
59 60 60.6855
19 257 34.2968
257 19 34.2968
188 95 42.5378
95 188 42.5378
286 232 13.5792
232 286 13.5792
311 277 12.2844
277 311 12.2844
247 63 66.214
63 247 66.214
312 147 44.4504
147 312 44.4504
160 59 55.2921
59 160 55.2921
25 240 51.8029
240 25 51.8029
30 229 51.1645
229 30 51.1645
209 188 91.4825
188 209 91.4825
205 88 43.7469
88 205 43.7469
321 113 38.3259
113 321 38.3259
3 99 63.5902
99 3 63.5902
97 212 64.9861
212 97 64.9861
179 294 76.0388
294 179 76.0388
69 34 56.703
34 69 56.703
302 5 22.7684
5 302 22.7684
177 304 28.7212
304 177 28.7212
97 219 51.0919
219 97 51.0919
240 295 38.9637
295 240 38.9637
34 197 74.7956
197 34 74.7956
4 213 42.5743
213 4 42.5743
98 227 25.3431
227 98 25.3431
136 305 75.5447
305 136 75.5447
246 112 84.7267
112 246 84.7267
303 26 69.6146
26 303 69.6146
181 5 44.1293
5 181 44.1293
241 21 14.3632
21 241 14.3632
111 297 12.9097
297 111 12.9097
100 30 17.0006
30 100 17.0006
264 195 89.2566
195 264 89.2566
22 233 96.7836
233 22 96.7836
281 131 20.1877
131 281 20.1877
202 135 83.8888
135 202 83.8888
321 23 28.9749
23 321 28.9749
149 20 16.3013
20 149 16.3013
292 228 73.385
228 292 73.385
182 227 27.1882
227 182 27.1882
215 174 88.2292
174 215 88.2292
155 75 84.1596
75 155 84.1596
139 60 75.9782
60 139 75.9782
185 86 83.318
86 185 83.318
143 58 48.9267
58 143 48.9267
152 59 77.4146
59 152 77.4146
40 301 66.3567
301 40 66.3567
28 130 77.923
130 28 77.923
274 204 97.7756
204 274 97.7756
107 126 62.3244
126 107 62.3244
170 199 86.0922
199 170 86.0922
15 150 63.9546
150 15 63.9546
87 292 76.1796
292 87 76.1796
215 55 89.4481
55 215 89.4481
1 285 57.0433
285 1 57.0433
10 204 51.1339
204 10 51.1339
5 115 52.6939
115 5 52.6939
38 97 87.2653
97 38 87.2653
143 272 41.0012
272 143 41.0012
48 39 86.5898
39 48 86.5898
298 153 15.2388
153 298 15.2388
44 2 59.6732
2 44 59.6732
164 106 57.9893
106 164 57.9893
13 2 82.4737
2 13 82.4737
176 92 74.737
92 176 74.737
159 109 91.4772
109 159 91.4772
231 39 42.1836
39 231 42.1836
154 266 40.5387
266 154 40.5387
309 88 41.3115
88 309 41.3115
300 218 14.2314
218 300 14.2314
130 184 32.4667
184 130 32.4667
25 213 38.2257
213 25 38.2257
75 15 17.1665
15 75 17.1665
208 196 29.8221
196 208 29.8221
258 73 70.1079
73 258 70.1079
146 19 61.9004
19 146 61.9004
306 291 60.8262
291 306 60.8262
40 242 29.3823
242 40 29.3823
184 241 75.1142
241 184 75.1142
257 202 93.8492
202 257 93.8492
157 22 68.6259
22 157 68.6259
107 90 44.5156
90 107 44.5156
11 68 21.4171
68 11 21.4171
251 48 15.4442
48 251 15.4442
190 68 25.5562
68 190 25.5562
103 107 77.4583
107 103 77.4583
234 176 64.2255
176 234 64.2255
170 245 37.4633
245 170 37.4633
234 300 71.0736
300 234 71.0736
2 105 28.7512
105 2 28.7512
170 134 34.6307
134 170 34.6307
73 220 22.645
220 73 22.645
84 69 33.6402
69 84 33.6402
13 106 94.9284
106 13 94.9284
182 233 30.5486
233 182 30.5486
60 43 11.1563
43 60 11.1563
132 251 67.7744
251 132 67.7744
192 317 68.04
317 192 68.04
140 189 39.5374
189 140 39.5374
132 128 13.4233
128 132 13.4233
262 42 18.3214
42 262 18.3214
239 300 11.3024
300 239 11.3024
137 51 65.4564
51 137 65.4564
294 126 99.0436
126 294 99.0436
229 263 69.7584
263 229 69.7584
101 212 49.6189
212 101 49.6189
230 14 27.3085
14 230 27.3085
154 249 72.7993
249 154 72.7993
215 306 49.3776
306 215 49.3776
91 206 61.1365
206 91 61.1365
110 127 75.8432
127 110 75.8432
52 310 51.0489
310 52 51.0489
202 273 41.5524
273 202 41.5524
79 265 92.4871
265 79 92.4871
60 221 90.6363
221 60 90.6363
227 8 22.4131
8 227 22.4131
265 296 40.2198
296 265 40.2198
189 78 73.1496
78 189 73.1496
245 264 90.2899
264 245 90.2899
261 35 20.1734
35 261 20.1734
310 66 22.547
66 310 22.547
111 141 58.458
141 111 58.458
268 238 66.5618
238 268 66.5618
53 123 19.2551
123 53 19.2551
73 126 69.901
126 73 69.901
207 228 91.5635
228 207 91.5635
160 184 16.239
184 160 16.239
320 94 51.0565
94 320 51.0565
3 148 62.3719
148 3 62.3719
176 178 48.7952
178 176 48.7952
130 114 85.6549
114 130 85.6549
293 229 24.3493
229 293 24.3493
252 44 53.7982
44 252 53.7982
55 34 42.3128
34 55 42.3128
103 256 17.2154
256 103 17.2154
239 252 17.8052
252 239 17.8052
259 257 11.3141
257 259 11.3141
234 166 54.7385
166 234 54.7385
144 29 76.8589
29 144 76.8589
253 283 47.3127
283 253 47.3127
55 129 73.9592
129 55 73.9592
24 158 88.7338
158 24 88.7338
137 13 72.74
13 137 72.74
314 143 56.2215
143 314 56.2215
220 269 24.9667
269 220 24.9667
88 262 49.6435
262 88 49.6435
196 52 74.1913
52 196 74.1913
283 178 19.1895
178 283 19.1895
204 247 34.9746
247 204 34.9746
53 109 11.9512
109 53 11.9512
320 190 23.3404
190 320 23.3404
133 255 37.7977
255 133 37.7977
66 85 35.0023
85 66 35.0023
173 293 99.859
293 173 99.859
154 96 72.3155
96 154 72.3155
180 178 11.6893
178 180 11.6893
166 97 78.5025
97 166 78.5025
82 268 67.0186
268 82 67.0186
294 251 85.607
251 294 85.607
308 54 79.3141
54 308 79.3141
315 126 43.3269
126 315 43.3269
127 150 42.9411
150 127 42.9411
146 262 92.2882
262 146 92.2882
295 282 54.4271
282 295 54.4271
24 183 66.6281
183 24 66.6281
45 93 65.2428
93 45 65.2428
25 202 68.6416
202 25 68.6416
85 255 91.3421
255 85 91.3421
235 298 16.2281
298 235 16.2281
52 136 16.2505
136 52 16.2505
38 20 88.0157
20 38 88.0157
203 10 15.1383
10 203 15.1383
290 234 67.3175
234 290 67.3175
168 167 80.8037
167 168 80.8037
162 222 88.9926
222 162 88.9926
288 188 21.6063
188 288 21.6063
65 109 89.1822
109 65 89.1822
8 314 54.3737
314 8 54.3737
197 173 23.1762
173 197 23.1762
107 165 15.7541
165 107 15.7541
49 169 58.9083
169 49 58.9083
57 77 21.3104
77 57 21.3104
209 80 60.6887
80 209 60.6887
127 6 22.1771
6 127 22.1771
133 206 18.7011
206 133 18.7011
317 249 17.9319
249 317 17.9319
235 119 81.2156
119 235 81.2156
242 254 92.2186
254 242 92.2186
89 101 81.0866
101 89 81.0866
274 309 66.1589
309 274 66.1589
97 283 54.1014
283 97 54.1014
201 272 25.9543
272 201 25.9543
135 128 20.7479
128 135 20.7479
227 129 56.7596
129 227 56.7596
42 263 42.3981
263 42 42.3981
89 119 66.1299
119 89 66.1299
132 179 36.5758
179 132 36.5758
160 223 41.6929
223 160 41.6929
286 223 40.0589
223 286 40.0589
270 204 58.8389
204 270 58.8389
30 318 40.1134
318 30 40.1134
288 38 62.7916
38 288 62.7916
46 12 83.7586
12 46 83.7586
135 66 28.9431
66 135 28.9431
109 297 37.798
297 109 37.798
165 283 23.1318
283 165 23.1318
152 66 66.405
66 152 66.405
51 108 96.3464
108 51 96.3464
41 255 46.1988
255 41 46.1988
156 121 68.2018
121 156 68.2018
83 132 67.5371
132 83 67.5371
69 91 82.656
91 69 82.656
289 95 11.1478
95 289 11.1478
250 26 42.2794
26 250 42.2794
270 149 64.4467
149 270 64.4467
91 151 11.6075
151 91 11.6075
188 232 10.4186
232 188 10.4186
169 263 98.7729
263 169 98.7729
41 32 77.6263
32 41 77.6263
134 124 17.7408
124 134 17.7408
160 314 73.1534
314 160 73.1534
58 9 45.4792
9 58 45.4792
112 161 87.3596
161 112 87.3596
66 318 19.9825
318 66 19.9825
140 207 23.0947
207 140 23.0947
10 147 51.3794
147 10 51.3794
156 24 27.289
24 156 27.289
89 220 27.3134
220 89 27.3134
264 5 43.608
5 264 43.608
9 72 63.2009
72 9 63.2009
93 16 61.3218
16 93 61.3218
155 285 16.9741
285 155 16.9741
14 149 49.8016
149 14 49.8016
122 125 27.048
125 122 27.048
215 188 64.8075
188 215 64.8075
103 208 28.144
208 103 28.144
211 122 38.0668
122 211 38.0668
257 18 92.0322
18 257 92.0322
117 43 71.8797
43 117 71.8797
317 289 98.006
289 317 98.006
191 116 69.4983
116 191 69.4983
227 71 57.9159
71 227 57.9159
244 120 25.2026
120 244 25.2026
260 206 55.5932
206 260 55.5932
92 320 61.4536
320 92 61.4536
199 274 79.8138
274 199 79.8138
48 290 71.8748
290 48 71.8748
280 220 65.5078
220 280 65.5078
153 30 13.9563
30 153 13.9563
215 160 68.6781
160 215 68.6781
52 210 17.2127
210 52 17.2127
143 242 35.0665
242 143 35.0665
56 76 32.793
76 56 32.793
141 276 93.3133
276 141 93.3133
127 121 31.6077
121 127 31.6077
164 145 34.2214
145 164 34.2214
193 289 73.3297
289 193 73.3297
308 28 82.9321
28 308 82.9321
4 244 36.054
244 4 36.054
61 128 73.1528
128 61 73.1528
250 238 81.0156
238 250 81.0156
147 99 85.706
99 147 85.706
171 3 51.2577
3 171 51.2577
239 176 87.9552
176 239 87.9552
87 151 41.2403
151 87 41.2403
212 115 72.4252
115 212 72.4252
193 8 88.5617
8 193 88.5617
259 96 86.4574
96 259 86.4574
253 287 48.886
287 253 48.886
279 243 39.1166
243 279 39.1166
153 188 79.8785
188 153 79.8785
132 130 61.5647
130 132 61.5647
303 298 40.983
298 303 40.983
309 172 62.1287
172 309 62.1287
87 231 41.9971
231 87 41.9971
282 130 38.8433
130 282 38.8433
318 191 97.0649
191 318 97.0649
4 192 53.3591
192 4 53.3591
10 74 16.6583
74 10 16.6583
185 161 95.3208
161 185 95.3208
30 64 80.4733
64 30 80.4733
107 12 55.0728
12 107 55.0728
323 114 81.3622
114 323 81.3622
59 2 50.4586
2 59 50.4586
115 233 25.5056
233 115 25.5056
247 169 85.6465
169 247 85.6465
75 240 76.7959
240 75 76.7959
155 260 11.8221
260 155 11.8221
81 317 40.4272
317 81 40.4272
153 302 20.7287
302 153 20.7287
177 181 73.2085
181 177 73.2085
288 273 36.3951
273 288 36.3951
130 128 29.0594
128 130 29.0594
245 38 61.7022
38 245 61.7022
118 221 76.9563
221 118 76.9563
91 123 29.8619
123 91 29.8619
158 120 72.7339
120 158 72.7339
209 169 81.0181
169 209 81.0181
208 109 58.8178
109 208 58.8178
109 171 97.0001
171 109 97.0001
126 76 93.3125
76 126 93.3125
98 77 24.8136
77 98 24.8136
200 201 26.9762
201 200 26.9762
299 289 96.2399
289 299 96.2399
306 321 90.4769
321 306 90.4769
61 291 78.9937
291 61 78.9937
287 56 11.235
56 287 11.235
231 189 30.0411
189 231 30.0411
6 278 50.8328
278 6 50.8328
114 178 98.451
178 114 98.451
250 289 21.7463
289 250 21.7463
279 212 20.484
212 279 20.484
63 170 21.9403
170 63 21.9403
164 46 45.7295
46 164 45.7295
139 69 36.8142
69 139 36.8142
224 291 87.7973
291 224 87.7973
152 274 79.1767
274 152 79.1767
235 114 87.5498
114 235 87.5498
220 79 35.8437
79 220 35.8437
234 38 96.4148
38 234 96.4148
225 204 83.1136
204 225 83.1136
222 27 12.6969
27 222 12.6969
107 35 74.8056
35 107 74.8056
305 182 99.5913
182 305 99.5913
62 162 40.1693
162 62 40.1693
56 294 37.6258
294 56 37.6258
124 321 68.746
321 124 68.746
29 104 78.5866
104 29 78.5866
270 221 78.516
221 270 78.516
195 286 16.1122
286 195 16.1122
250 239 26.0738
239 250 26.0738
154 276 27.6291
276 154 27.6291
147 164 77.7893
164 147 77.7893
274 281 35.6853
281 274 35.6853
217 55 26.0868
55 217 26.0868
150 227 30.6125
227 150 30.6125
165 133 84.937
133 165 84.937
159 114 72.6216
114 159 72.6216
113 63 90.5333
63 113 90.5333
43 54 40.6623
54 43 40.6623
31 45 23.0544
45 31 23.0544
230 57 17.0897
57 230 17.0897
270 185 97.4049
185 270 97.4049
232 307 23.281
307 232 23.281
300 25 18.5519
25 300 18.5519
286 280 75.835
280 286 75.835
137 4 13.7802
4 137 13.7802
22 168 35.5762
168 22 35.5762
54 233 12.0467
233 54 12.0467
290 169 75.3293
169 290 75.3293
87 85 25.9272
85 87 25.9272
301 134 50.0936
134 301 50.0936
273 48 30.0852
48 273 30.0852
100 22 43.0525
22 100 43.0525
171 138 39.0763
138 171 39.0763
256 179 21.1793
179 256 21.1793
111 224 49.1251
224 111 49.1251
294 113 25.1417
113 294 25.1417
163 108 78.2104
108 163 78.2104
169 190 24.9338
190 169 24.9338
278 297 16.7349
297 278 16.7349
148 259 88.699
259 148 88.699
302 80 24.8183
80 302 24.8183
174 45 47.0341
45 174 47.0341
300 262 31.7857
262 300 31.7857
226 154 12.5025
154 226 12.5025
239 45 53.656
45 239 53.656
104 302 99.8209
302 104 99.8209
28 300 25.6245
300 28 25.6245
220 10 18.9807
10 220 18.9807
218 236 84.3615
236 218 84.3615
30 168 55.0677
168 30 55.0677
301 8 47.3697
8 301 47.3697
151 311 48.9856
311 151 48.9856
235 233 17.0747
233 235 17.0747
281 29 37.8054
29 281 37.8054
203 153 84.815
153 203 84.815
236 44 73.7192
44 236 73.7192
293 84 88.8342
84 293 88.8342
164 186 58.8316
186 164 58.8316
13 147 41.9424
147 13 41.9424
180 281 28.295
281 180 28.295
114 216 16.8255
216 114 16.8255
187 296 78.74
296 187 78.74
42 190 93.2468
190 42 93.2468
273 15 20.5973
15 273 20.5973
316 232 43.0782
232 316 43.0782
190 114 86.2152
114 190 86.2152
47 34 57.7086
34 47 57.7086
277 185 70.2106
185 277 70.2106
47 231 64.6187
231 47 64.6187
204 73 36.3026
73 204 36.3026
318 28 37.7132
28 318 37.7132
286 219 25.5257
219 286 25.5257
198 180 27.3835
180 198 27.3835
127 35 27.8593
35 127 27.8593
109 313 40.4562
313 109 40.4562
186 19 25.222
19 186 25.222
85 102 10.7944
102 85 10.7944
215 262 16.2672
262 215 16.2672
1 199 16.1551
199 1 16.1551
79 169 66.2011
169 79 66.2011
261 14 65.3304
14 261 65.3304
21 181 12.5168
181 21 12.5168
312 44 52.3767
44 312 52.3767
320 202 37.3568
202 320 37.3568
175 201 50.9018
201 175 50.9018
170 68 95.9434
68 170 95.9434
25 224 64.852
224 25 64.852
94 168 70.2878
168 94 70.2878
135 213 96.2461
213 135 96.2461
264 269 41.8924
269 264 41.8924
223 263 35.5136
263 223 35.5136
229 54 97.6797
54 229 97.6797
295 253 33.2809
253 295 33.2809
247 323 50.4987
323 247 50.4987
63 264 36.5678
264 63 36.5678
96 247 44.6329
247 96 44.6329
44 160 56.2836
160 44 56.2836
253 321 25.278
321 253 25.278
62 302 66.2932
302 62 66.2932
254 69 81.3637
69 254 81.3637
228 300 61.0558
300 228 61.0558
38 75 74.7705
75 38 74.7705
196 188 64.2369
188 196 64.2369
112 242 43.3172
242 112 43.3172
42 64 20.4039
64 42 20.4039
118 239 60.5534
239 118 60.5534
21 27 16.9086
27 21 16.9086
11 254 15.9602
254 11 15.9602
161 89 88.3796
89 161 88.3796
74 219 74.2944
219 74 74.2944
189 201 56.5831
201 189 56.5831
119 262 89.3533
262 119 89.3533
225 143 87.3163
143 225 87.3163
69 148 30.2205
148 69 30.2205
315 269 94.4009
269 315 94.4009
145 319 79.2557
319 145 79.2557
249 246 89.3675
246 249 89.3675
227 213 95.1251
213 227 95.1251
214 243 46.8491
243 214 46.8491
86 153 72.1444
153 86 72.1444
94 196 66.8894
196 94 66.8894
197 262 27.7736
262 197 27.7736
136 174 37.604
174 136 37.604
154 261 65.4172
261 154 65.4172
87 225 61.6596
225 87 61.6596
251 110 11.5908
110 251 11.5908
229 43 49.447
43 229 49.447
299 10 97.9005
10 299 97.9005
129 70 46.429
70 129 46.429
177 242 92.5483
242 177 92.5483
308 275 94.6472
275 308 94.6472
297 75 23.0411
75 297 23.0411
262 301 33.8125
301 262 33.8125
23 294 81.816
294 23 81.816
159 287 11.9534
287 159 11.9534
0 170 24.3795
170 0 24.3795
125 202 62.7663
202 125 62.7663
269 128 28.0769
128 269 28.0769
161 141 64.1886
141 161 64.1886
165 98 65.4276
98 165 65.4276
319 87 94.2437
87 319 94.2437
70 185 40.9179
185 70 40.9179
116 32 78.346
32 116 78.346
123 265 38.9601
265 123 38.9601
133 75 97.3791
75 133 97.3791
37 315 55.2173
315 37 55.2173
311 303 75.1358
303 311 75.1358
272 247 27.5188
247 272 27.5188
15 272 68.2838
272 15 68.2838
188 178 37.8271
178 188 37.8271
69 1 78.5427
1 69 78.5427
230 68 54.6168
68 230 54.6168
276 312 40.9213
312 276 40.9213
105 187 88.9299
187 105 88.9299
272 46 66.223
46 272 66.223
204 161 78.407
161 204 78.407
39 21 67.6072
21 39 67.6072
23 99 25.5865
99 23 25.5865
238 104 45.4755
104 238 45.4755
13 44 88.4084
44 13 88.4084
16 173 82.5504
173 16 82.5504
76 203 45.0981
203 76 45.0981
48 151 12.0218
151 48 12.0218
274 208 26.0706
208 274 26.0706
44 148 38.9174
148 44 38.9174
241 70 87.7939
70 241 87.7939
117 305 98.5532
305 117 98.5532
105 273 11.085
273 105 11.085
316 121 25.3095
121 316 25.3095
287 7 72.9259
7 287 72.9259
228 271 79.1521
271 228 79.1521
156 190 74.7011
190 156 74.7011
96 130 68.258
130 96 68.258
281 53 11.634
53 281 11.634
65 67 61.0452
67 65 61.0452
123 45 35.3296
45 123 35.3296
175 44 93.5476
44 175 93.5476
267 311 23.6856
311 267 23.6856
92 215 89.7643
215 92 89.7643
283 313 26.2107
313 283 26.2107
173 112 20.7236
112 173 20.7236
164 62 43.9815
62 164 43.9815
237 117 78.1594
117 237 78.1594
93 240 77.2836
240 93 77.2836
53 140 92.7164
140 53 92.7164
22 69 89.4098
69 22 89.4098
207 264 78.4466
264 207 78.4466
55 295 84.4796
295 55 84.4796
109 236 31.0933
236 109 31.0933
100 243 90.8491
243 100 90.8491
116 276 93.3551
276 116 93.3551
294 278 35.7741
278 294 35.7741
64 154 86.642
154 64 86.642
226 151 96.343
151 226 96.343
107 77 54.0334
77 107 54.0334
129 279 87.0476
279 129 87.0476
158 126 26.6637
126 158 26.6637
170 62 41.332
62 170 41.332
141 132 79.9337
132 141 79.9337
3 296 77.541
296 3 77.541
239 55 26.6093
55 239 26.6093
225 295 85.0923
295 225 85.0923
197 283 92.391
283 197 92.391
208 145 51.7027
145 208 51.7027
314 110 17.6006
110 314 17.6006
148 133 77.8851
133 148 77.8851
188 292 30.5833
292 188 30.5833
151 255 22.6933
255 151 22.6933
248 189 20.0121
189 248 20.0121
115 126 17.8816
126 115 17.8816
124 189 62.758
189 124 62.758
213 220 94.0123
220 213 94.0123
185 200 30.4919
200 185 30.4919
7 144 91.308
144 7 91.308
219 116 99.1996
116 219 99.1996
130 219 81.95
219 130 81.95
7 289 41.8352
289 7 41.8352
49 66 88.0124
66 49 88.0124
16 132 36.3549
132 16 36.3549
220 260 98.0673
260 220 98.0673
299 19 30.2781
19 299 30.2781
142 253 61.1377
253 142 61.1377
274 56 72.5673
56 274 72.5673
193 184 63.1898
184 193 63.1898
146 10 77.6902
10 146 77.6902
27 59 50.4771
59 27 50.4771
43 103 84.3986
103 43 84.3986
75 242 48.8003
242 75 48.8003
104 199 57.6489
199 104 57.6489
82 146 19.1258
146 82 19.1258
180 312 35.9804
312 180 35.9804
80 26 77.9486
26 80 77.9486
63 157 21.3097
157 63 21.3097
11 95 58.8625
95 11 58.8625
166 6 75.5101
6 166 75.5101
116 112 91.6423
112 116 91.6423
175 150 78.4861
150 175 78.4861
20 302 51.0442
302 20 51.0442
120 18 50.7518
18 120 50.7518
251 278 92.2375
278 251 92.2375
302 163 11.9261
163 302 11.9261
179 251 42.4978
251 179 42.4978
304 272 78.3218
272 304 78.3218
125 131 72.6355
131 125 72.6355
80 310 74.0431
310 80 74.0431
48 244 12.0201
244 48 12.0201
140 83 15.2902
83 140 15.2902
220 244 49.7026
244 220 49.7026
255 145 78.9661
145 255 78.9661
95 125 19.3905
125 95 19.3905
22 65 33.0243
65 22 33.0243
23 272 65.9475
272 23 65.9475
193 242 95.5082
242 193 95.5082
262 47 57.5691
47 262 57.5691
35 149 78.654
149 35 78.654
323 207 38.3409
207 323 38.3409
226 132 66.4323
132 226 66.4323
115 117 33.1803
117 115 33.1803
94 43 72.5166
43 94 72.5166
61 63 35.7399
63 61 35.7399
185 20 19.8731
20 185 19.8731
94 309 30.7487
309 94 30.7487
32 308 80.843
308 32 80.843
191 32 45.0589
32 191 45.0589
209 158 33.0085
158 209 33.0085
181 267 14.7328
267 181 14.7328
154 21 25.4295
21 154 25.4295
262 194 86.3837
194 262 86.3837
172 189 57.2276
189 172 57.2276
204 4 47.308
4 204 47.308
83 51 65.3496
51 83 65.3496
107 122 37.7101
122 107 37.7101
129 42 35.2224
42 129 35.2224
240 313 39.2389
313 240 39.2389
70 260 61.8084
260 70 61.8084
238 139 54.9993
139 238 54.9993
233 47 91.8671
47 233 91.8671
293 10 44.7029
10 293 44.7029
259 264 62.2411
264 259 62.2411
165 39 43.5245
39 165 43.5245
147 181 66.8934
181 147 66.8934
120 74 55.5628
74 120 55.5628
286 125 26.4486
125 286 26.4486
57 206 58.4517
206 57 58.4517
268 81 43.992
81 268 43.992
190 26 73.193
26 190 73.193
97 61 95.0016
61 97 95.0016
193 241 78.2087
241 193 78.2087
314 37 53.0478
37 314 53.0478
314 107 45.4756
107 314 45.4756
245 138 99.2848
138 245 99.2848
168 140 87.2153
140 168 87.2153
218 204 70.5174
204 218 70.5174
64 292 23.0972
292 64 23.0972
210 216 38.4139
216 210 38.4139
173 226 63.4678
226 173 63.4678
9 87 89.7632
87 9 89.7632
238 186 86.985
186 238 86.985
252 87 17.0384
87 252 17.0384
104 242 20.5011
242 104 20.5011
139 17 17.3981
17 139 17.3981
178 12 58.3842
12 178 58.3842
279 203 68.575
203 279 68.575
100 23 42.8158
23 100 42.8158
251 32 35.582
32 251 35.582
68 291 82.7975
291 68 82.7975
75 254 42.0788
254 75 42.0788
115 238 94.9407
238 115 94.9407
34 8 73.4386
8 34 73.4386
162 197 19.6436
197 162 19.6436
301 233 95.2961
233 301 95.2961
93 41 75.3366
41 93 75.3366
15 104 62.0964
104 15 62.0964
151 190 66.2158
190 151 66.2158
287 125 68.6766
125 287 68.6766
316 275 15.5812
275 316 15.5812
152 64 43.1141
64 152 43.1141
303 278 94.0307
278 303 94.0307
317 103 83.9059
103 317 83.9059
239 221 40.7659
221 239 40.7659
84 137 98.9439
137 84 98.9439
221 229 84.2229
229 221 84.2229
66 321 47.8789
321 66 47.8789
52 183 19.584
183 52 19.584
69 185 11.2885
185 69 11.2885
149 11 65.2699
11 149 65.2699
6 218 65.9089
218 6 65.9089
236 102 36.5084
102 236 36.5084
162 209 48.8505
209 162 48.8505
263 93 27.1564
93 263 27.1564
298 232 94.2143
232 298 94.2143
144 163 93.7861
163 144 93.7861
232 12 97.7621
12 232 97.7621
322 312 51.034
312 322 51.034
0 178 13.3703
178 0 13.3703
4 63 39.626
63 4 39.626
222 166 50.6608
166 222 50.6608
34 35 56.4059
35 34 56.4059
37 313 20.1094
313 37 20.1094
283 60 22.8067
60 283 22.8067
128 256 92.5206
256 128 92.5206
35 170 27.0494
170 35 27.0494
175 179 89.7408
179 175 89.7408
273 123 60.4544
123 273 60.4544
158 318 58.5133
318 158 58.5133
259 220 86.6168
220 259 86.6168
143 322 90.5759
322 143 90.5759
307 150 73.2045
150 307 73.2045
107 36 22.4048
36 107 22.4048
169 223 10.2726
223 169 10.2726
222 142 70.3422
142 222 70.3422
267 194 14.0883
194 267 14.0883
106 219 68.1125
219 106 68.1125
240 3 56.4508
3 240 56.4508
303 60 16.7876
60 303 16.7876
252 247 69.3857
247 252 69.3857
22 14 26.94
14 22 26.94
91 205 67.0408
205 91 67.0408
291 64 10.335
64 291 10.335
94 79 40.3917
79 94 40.3917
121 284 56.4018
284 121 56.4018
254 10 11.7727
10 254 11.7727
90 212 63.4503
212 90 63.4503
48 292 21.6337
292 48 21.6337
65 70 72.3641
70 65 72.3641
8 201 16.9067
201 8 16.9067
205 156 97.5799
156 205 97.5799
126 122 30.706
122 126 30.706
18 133 10.1659
133 18 10.1659
264 107 17.8442
107 264 17.8442
31 314 66.8865
314 31 66.8865
66 26 19.3896
26 66 19.3896
16 316 46.1921
316 16 46.1921
297 5 17.2737
5 297 17.2737
247 89 80.234
89 247 80.234
152 79 45.4024
79 152 45.4024
310 231 81.371
231 310 81.371
237 11 69.2421
11 237 69.2421
171 119 82.7964
119 171 82.7964
161 220 28.0348
220 161 28.0348
163 264 71.6614
264 163 71.6614
294 283 43.7584
283 294 43.7584
319 218 18.9049
218 319 18.9049
127 246 66.2043
246 127 66.2043
198 81 75.9166
81 198 75.9166
303 283 41.2109
283 303 41.2109
249 124 12.7903
124 249 12.7903
166 129 62.2248
129 166 62.2248
7 319 86.3424
319 7 86.3424
198 154 28.6757
154 198 28.6757
138 169 27.6177
169 138 27.6177
73 263 67.7458
263 73 67.7458
254 189 74.1346
189 254 74.1346
320 20 68.3936
20 320 68.3936
171 97 96.6753
97 171 96.6753
30 309 84.2431
309 30 84.2431
185 214 67.1146
214 185 67.1146
301 309 49.9183
309 301 49.9183
276 70 29.8059
70 276 29.8059
94 54 25.8221
54 94 25.8221
48 93 23.5488
93 48 23.5488
218 62 47.4906
62 218 47.4906
63 130 59.4863
130 63 59.4863
42 45 89.1744
45 42 89.1744
280 212 68.7856
212 280 68.7856
239 28 12.4517
28 239 12.4517
214 197 67.8983
197 214 67.8983
295 319 76.9156
319 295 76.9156
185 47 76.0178
47 185 76.0178
45 282 63.4894
282 45 63.4894
248 98 60.5552
98 248 60.5552
149 133 47.6487
133 149 47.6487
19 35 90.2394
35 19 90.2394
36 306 36.6956
306 36 36.6956
131 73 20.4475
73 131 20.4475
252 140 20.904
140 252 20.904
233 255 96.4476
255 233 96.4476
263 74 59.6531
74 263 59.6531
40 30 75.8842
30 40 75.8842
283 192 23.3162
192 283 23.3162
126 143 93.6397
143 126 93.6397
175 5 57.5111
5 175 57.5111
294 90 36.1924
90 294 36.1924
175 171 80.557
171 175 80.557
188 42 91.6013
42 188 91.6013
109 315 89.928
315 109 89.928
216 240 60.7622
240 216 60.7622
290 16 99.016
16 290 99.016
174 130 54.7232
130 174 54.7232
172 132 63.1774
132 172 63.1774
216 53 41.2377
53 216 41.2377
220 202 85.9563
202 220 85.9563
134 300 35.9183
300 134 35.9183
29 75 51.2708
75 29 51.2708
9 44 44.0417
44 9 44.0417
174 219 60.317
219 174 60.317
84 24 11.0225
24 84 11.0225
1 50 99.4065
50 1 99.4065
135 56 42.4484
56 135 42.4484
87 43 83.2713
43 87 83.2713
215 217 50.288
217 215 50.288
203 310 60.5821
310 203 60.5821
54 305 32.7902
305 54 32.7902
279 312 98.4612
312 279 98.4612
319 267 91.7159
267 319 91.7159
211 134 13.9665
134 211 13.9665
260 134 28.1672
134 260 28.1672
10 239 90.9658
239 10 90.9658
278 31 71.2779
31 278 71.2779
218 54 29.0169
54 218 29.0169
116 284 50.3014
284 116 50.3014
185 60 61.3153
60 185 61.3153
133 264 41.3659
264 133 41.3659
15 8 72.3058
8 15 72.3058
48 147 67.8132
147 48 67.8132
134 224 91.739
224 134 91.739
118 288 46.6325
288 118 46.6325
162 270 26.3583
270 162 26.3583
39 241 36.8961
241 39 36.8961
304 261 31.0786
261 304 31.0786
126 266 34.2635
266 126 34.2635
298 113 94.9033
113 298 94.9033
34 288 76.7467
288 34 76.7467
22 155 91.6965
155 22 91.6965
162 8 46.3099
8 162 46.3099
169 214 65.3429
214 169 65.3429
132 247 74.5531
247 132 74.5531
180 181 79.7582
181 180 79.7582
318 38 30.1888
38 318 30.1888
152 209 44.1347
209 152 44.1347
240 60 31.1317
60 240 31.1317
307 202 78.0021
202 307 78.0021
145 0 70.4441
0 145 70.4441
126 191 42.997
191 126 42.997
323 5 24.7133
5 323 24.7133
254 225 95.2033
225 254 95.2033
148 61 90.4114
61 148 90.4114
188 242 22.4437
242 188 22.4437
13 204 28.2475
204 13 28.2475
322 316 12.8357
316 322 12.8357
167 187 67.0414
187 167 67.0414
125 37 29.5626
37 125 29.5626
214 140 38.0324
140 214 38.0324
257 289 53.6701
289 257 53.6701
318 230 17.1595
230 318 17.1595
203 262 74.4199
262 203 74.4199
66 181 12.6095
181 66 12.6095
70 143 25.6375
143 70 25.6375
309 9 37.3282
9 309 37.3282
175 140 19.1185
140 175 19.1185
3 1 79.6064
1 3 79.6064
171 186 94.7432
186 171 94.7432
207 86 55.1717
86 207 55.1717
29 220 51.6508
220 29 51.6508
176 290 43.2393
290 176 43.2393
72 195 60.79
195 72 60.79
15 131 24.265
131 15 24.265
46 297 62.1406
297 46 62.1406
160 263 86.4188
263 160 86.4188
103 155 54.0825
155 103 54.0825
226 210 84.8926
210 226 84.8926
254 322 65.6966
322 254 65.6966
228 62 44.9034
62 228 44.9034
285 139 94.151
139 285 94.151
229 47 81.0026
47 229 81.0026
122 22 33.0701
22 122 33.0701
109 276 20.9943
276 109 20.9943
19 187 89.7691
187 19 89.7691
83 220 39.3765
220 83 39.3765
92 37 39.9879
37 92 39.9879
299 210 32.3404
210 299 32.3404
17 11 17.5234
11 17 17.5234
270 70 82.0348
70 270 82.0348
114 100 82.7217
100 114 82.7217
275 62 57.7879
62 275 57.7879
3 247 67.9212
247 3 67.9212
28 260 87.1903
260 28 87.1903
270 136 75.4665
136 270 75.4665
78 255 72.5805
255 78 72.5805
180 138 28.4913
138 180 28.4913
60 251 78.3398
251 60 78.3398
1 113 61.4632
113 1 61.4632
151 117 83.3229
117 151 83.3229
256 208 28.6089
208 256 28.6089
49 109 59.0297
109 49 59.0297
232 211 99.5328
211 232 99.5328
282 207 97.3344
207 282 97.3344
171 229 16.0614
229 171 16.0614
89 30 19.6659
30 89 19.6659
193 207 10.1612
207 193 10.1612
322 149 17.9277
149 322 17.9277
41 43 33.7163
43 41 33.7163
283 312 49.8622
312 283 49.8622
205 108 17.8171
108 205 17.8171
118 143 52.0664
143 118 52.0664
105 46 19.2743
46 105 19.2743
179 241 46.3448
241 179 46.3448
197 302 12.1959
302 197 12.1959
78 220 82.8312
220 78 82.8312
288 142 26.4479
142 288 26.4479
99 20 55.5773
20 99 55.5773
123 2 84.6437
2 123 84.6437
123 85 74.7856
85 123 74.7856
85 29 43.0525
29 85 43.0525
115 210 43.3274
210 115 43.3274
193 100 61.0063
100 193 61.0063
226 231 79.9226
231 226 79.9226
276 170 37.2151
170 276 37.2151
78 18 89.9758
18 78 89.9758
128 123 69.6312
123 128 69.6312
66 315 85.4244
315 66 85.4244
123 9 92.3357
9 123 92.3357
5 269 27.0683
269 5 27.0683
92 257 37.34
257 92 37.34
97 224 67.4957
224 97 67.4957
26 268 32.6394
268 26 32.6394
178 135 29.8475
135 178 29.8475
140 135 70.1565
135 140 70.1565
292 213 29.0385
213 292 29.0385
51 46 89.573
46 51 89.573
63 261 61.7379
261 63 61.7379
180 317 48.8321
317 180 48.8321
142 234 20.3964
234 142 20.3964
278 127 98.8211
127 278 98.8211
184 91 54.1708
91 184 54.1708
139 167 79.6867
167 139 79.6867
167 164 85.8908
164 167 85.8908
270 314 19.7914
314 270 19.7914
170 207 91.7015
207 170 91.7015
20 222 91.7617
222 20 91.7617
251 122 84.97
122 251 84.97
275 111 21.1072
111 275 21.1072
170 193 63.2495
193 170 63.2495
155 105 11.2225
105 155 11.2225
182 0 69.6726
0 182 69.6726
21 74 93.4912
74 21 93.4912
113 79 23.6812
79 113 23.6812
157 23 12.2162
23 157 12.2162
47 87 35.7038
87 47 35.7038
28 192 91.8933
192 28 91.8933
223 247 66.6274
247 223 66.6274
139 254 53.8572
254 139 53.8572
217 144 20.1633
144 217 20.1633
266 161 48.3601
161 266 48.3601
140 190 39.2842
190 140 39.2842
82 140 30.8699
140 82 30.8699
56 55 41.0427
55 56 41.0427
122 38 15.9894
38 122 15.9894
15 308 45.8716
308 15 45.8716
240 260 15.3811
260 240 15.3811
125 311 22.1992
311 125 22.1992
303 319 59.5479
319 303 59.5479
222 31 78.9964
31 222 78.9964
237 189 33.1847
189 237 33.1847
54 124 15.7973
124 54 15.7973
115 286 24.8894
286 115 24.8894
19 67 84.3458
67 19 84.3458
32 195 60.8285
195 32 60.8285
165 70 91.1808
70 165 91.1808
183 320 32.8047
320 183 32.8047
93 65 65.1748
65 93 65.1748
163 2 93.3801
2 163 93.3801
42 274 87.6459
274 42 87.6459
11 24 75.899
24 11 75.899
305 39 64.2146
39 305 64.2146
291 294 95.7695
294 291 95.7695
138 321 43.51
321 138 43.51
249 80 68.2205
80 249 68.2205
13 313 52.8658
313 13 52.8658
289 190 70.9693
190 289 70.9693
96 25 61.1482
25 96 61.1482
222 147 58.477
147 222 58.477
8 40 71.2181
40 8 71.2181
11 233 63.0307
233 11 63.0307
1 105 44.1716
105 1 44.1716
53 262 96.5154
262 53 96.5154
315 128 69.9421
128 315 69.9421
111 215 88.4515
215 111 88.4515
220 58 56.2815
58 220 56.2815
111 55 43.6844
55 111 43.6844
232 151 11.89
151 232 11.89
173 201 97.7466
201 173 97.7466
282 76 49.5219
76 282 49.5219
274 99 17.6121
99 274 17.6121
107 129 56.8277
129 107 56.8277
224 143 14.4753
143 224 14.4753
268 59 93.5902
59 268 93.5902
36 128 17.8207
128 36 17.8207
63 281 22.1157
281 63 22.1157
128 108 90.8026
108 128 90.8026
21 146 40.7464
146 21 40.7464
299 286 30.1257
286 299 30.1257
134 146 92.867
146 134 92.867
183 268 74.2319
268 183 74.2319
27 37 50.8009
37 27 50.8009
182 3 24.316
3 182 24.316
156 159 14.1983
159 156 14.1983
71 196 21.6421
196 71 21.6421
6 183 94.7214
183 6 94.7214
77 16 23.6732
16 77 23.6732
185 198 50.3681
198 185 50.3681
102 95 85.358
95 102 85.358
250 95 26.6631
95 250 26.6631
24 93 50.3254
93 24 50.3254
267 1 93.1012
1 267 93.1012
234 107 21.272
107 234 21.272
210 262 79.3798
262 210 79.3798
267 136 33.5486
136 267 33.5486
138 218 40.9778
218 138 40.9778
214 144 63.6605
144 214 63.6605
182 92 80.6287
92 182 80.6287
216 148 59.7183
148 216 59.7183
235 280 82.4027
280 235 82.4027
53 144 90.8381
144 53 90.8381
93 25 94.3227
25 93 94.3227
202 237 98.9785
237 202 98.9785
101 179 70.8472
179 101 70.8472
170 252 99.5638
252 170 99.5638
216 309 71.826
309 216 71.826
133 230 93.6963
230 133 93.6963
282 307 21.1826
307 282 21.1826
194 78 87.8348
78 194 87.8348
299 312 42.9466
312 299 42.9466
121 232 96.2076
232 121 96.2076
128 219 37.3693
219 128 37.3693
91 221 94.9469
221 91 94.9469
232 65 64.6642
65 232 64.6642
41 49 92.5618
49 41 92.5618
193 218 38.4921
218 193 38.4921
229 273 41.4934
273 229 41.4934
229 106 46.5867
106 229 46.5867
230 278 18.3487
278 230 18.3487
40 92 17.1511
92 40 17.1511
96 157 61.8873
157 96 61.8873
98 175 89.089
175 98 89.089
314 82 92.9904
82 314 92.9904
207 163 13.748
163 207 13.748
19 90 42.9115
90 19 42.9115
303 304 80.877
304 303 80.877
93 106 51.3819
106 93 51.3819
67 267 42.9752
267 67 42.9752
134 168 49.4458
168 134 49.4458
248 145 13.0318
145 248 13.0318
226 209 66.0716
209 226 66.0716
204 311 82.5991
311 204 82.5991
25 13 88.8915
13 25 88.8915
64 308 31.5209
308 64 31.5209
285 96 35.0572
96 285 35.0572
207 219 10.5773
219 207 10.5773
248 250 95.5258
250 248 95.5258
204 308 99.8487
308 204 99.8487
236 297 39.0926
297 236 39.0926
202 15 40.7531
15 202 40.7531
91 63 53.7343
63 91 53.7343
319 95 75.4487
95 319 75.4487
81 70 98.9349
70 81 98.9349
231 74 95.3583
74 231 95.3583
184 68 22.762
68 184 22.762
273 147 36.3874
147 273 36.3874
50 270 82.1198
270 50 82.1198
65 317 75.2508
317 65 75.2508
153 217 80.6149
217 153 80.6149
146 232 52.2896
232 146 52.2896
68 92 10.6402
92 68 10.6402
129 52 44.4586
52 129 44.4586
131 301 55.39
301 131 55.39
57 59 78.7479
59 57 78.7479
202 297 55.7707
297 202 55.7707
135 289 27.8844
289 135 27.8844
286 19 14.2897
19 286 14.2897
89 48 26.7058
48 89 26.7058
188 264 91.9008
264 188 91.9008
161 255 36.3286
255 161 36.3286
129 287 72.5377
287 129 72.5377
86 140 95.031
140 86 95.031
272 252 38.3192
252 272 38.3192
115 106 89.6425
106 115 89.6425
36 82 87.5811
82 36 87.5811
169 236 73.7643
236 169 73.7643
179 308 70.1745
308 179 70.1745
175 218 95.5296
218 175 95.5296
311 270 48.7482
270 311 48.7482
223 144 84.0385
144 223 84.0385
213 157 66.4453
157 213 66.4453
261 212 87.8419
212 261 87.8419
63 25 15.43
25 63 15.43
73 272 21.8595
272 73 21.8595
289 97 88.6973
97 289 88.6973
142 311 51.5267
311 142 51.5267
134 98 95.4925
98 134 95.4925
319 242 22.4927
242 319 22.4927
302 90 79.9722
90 302 79.9722
14 128 52.4878
128 14 52.4878
289 35 50.11
35 289 50.11
231 252 98.5227
252 231 98.5227
240 0 39.9458
0 240 39.9458
229 280 57.5333
280 229 57.5333
156 212 13.7222
212 156 13.7222
150 301 21.8394
301 150 21.8394
41 142 66.8378
142 41 66.8378
147 318 94.2205
318 147 94.2205
26 279 37.3941
279 26 37.3941
48 149 34.7646
149 48 34.7646
100 197 33.4052
197 100 33.4052
231 286 45.8078
286 231 45.8078
314 158 43.12
158 314 43.12
125 34 35.5862
34 125 35.5862
295 125 25.2468
125 295 25.2468
217 168 62.4843
168 217 62.4843
5 244 34.8794
244 5 34.8794
36 292 86.3438
292 36 86.3438
314 14 39.5276
14 314 39.5276
34 206 25.2817
206 34 25.2817
220 1 69.5784
1 220 69.5784
178 110 69.9367
110 178 69.9367
32 210 95.1873
210 32 95.1873
217 253 63.4862
253 217 63.4862
115 227 48.2655
227 115 48.2655
318 37 11.8492
37 318 11.8492
4 232 94.318
232 4 94.318
273 56 74.5997
56 273 74.5997
240 275 18.1483
275 240 18.1483
197 82 91.9596
82 197 91.9596
202 322 34.2024
322 202 34.2024
235 303 58.9195
303 235 58.9195
192 161 20.3819
161 192 20.3819
186 227 10.6956
227 186 10.6956
116 133 10.2178
133 116 10.2178
309 160 41.8315
160 309 41.8315
299 221 67.0599
221 299 67.0599
2 216 68.1111
216 2 68.1111
59 276 99.5542
276 59 99.5542
161 274 32.3312
274 161 32.3312
231 187 58.2473
187 231 58.2473
248 179 77.9057
179 248 77.9057
78 7 30.8931
7 78 30.8931
135 75 12.2787
75 135 12.2787
59 319 97.1213
319 59 97.1213
173 290 85.851
290 173 85.851
23 287 71.4561
287 23 71.4561
175 318 58.5101
318 175 58.5101
96 180 52.2423
180 96 52.2423
118 50 92.1674
50 118 92.1674
170 102 11.6751
102 170 11.6751
108 197 17.7247
197 108 17.7247
255 98 16.4194
98 255 16.4194
57 83 97.1498
83 57 97.1498
322 19 96.662
19 322 96.662
14 234 12.4373
234 14 12.4373
33 262 50.1133
262 33 50.1133
294 86 49.6234
86 294 49.6234
160 27 85.325
27 160 85.325
119 24 82.2386
24 119 82.2386
177 221 23.176
221 177 23.176
26 184 56.78
184 26 56.78
288 58 56.0298
58 288 56.0298
299 32 35.107
32 299 35.107
208 132 97.0948
132 208 97.0948
86 84 51.001
84 86 51.001
27 172 95.2117
172 27 95.2117
283 118 50.1297
118 283 50.1297
252 120 63.1738
120 252 63.1738
101 268 18.7551
268 101 18.7551
165 87 93.1823
87 165 93.1823
127 177 93.0244
177 127 93.0244
33 199 28.391
199 33 28.391
302 206 57.8772
206 302 57.8772
145 210 51.5911
210 145 51.5911
252 171 49.4139
171 252 49.4139
291 93 68.4409
93 291 68.4409
90 315 37.4955
315 90 37.4955
161 1 33.1108
1 161 33.1108
312 38 58.2665
38 312 58.2665
215 299 60.0326
299 215 60.0326
98 184 25.2804
184 98 25.2804
32 249 28.5086
249 32 28.5086
148 20 93.4423
20 148 93.4423
176 36 25.3196
36 176 25.3196
111 283 51.4772
283 111 51.4772
168 15 58.084
15 168 58.084
171 53 29.1102
53 171 29.1102
234 246 65.2088
246 234 65.2088
158 251 58.7276
251 158 58.7276
281 219 93.081
219 281 93.081
151 191 21.7289
191 151 21.7289
314 112 21.4974
112 314 21.4974
40 281 71.6865
281 40 71.6865
104 181 48.2156
181 104 48.2156
176 119 62.8185
119 176 62.8185
72 63 74.1427
63 72 74.1427
198 296 79.1515
296 198 79.1515
68 25 87.8078
25 68 87.8078
163 118 88.0973
118 163 88.0973
207 241 79.2768
241 207 79.2768
100 156 16.4636
156 100 16.4636
218 146 93.2224
146 218 93.2224
230 143 91.3456
143 230 91.3456
51 45 12.1236
45 51 12.1236
76 118 30.8514
118 76 30.8514
96 241 45.01
241 96 45.01
41 82 97.4641
82 41 97.4641
135 319 32.5769
319 135 32.5769
11 125 21.5594
125 11 21.5594
234 288 80.467
288 234 80.467
139 253 12.7122
253 139 12.7122
130 297 36.7404
297 130 36.7404
232 90 61.3407
90 232 61.3407
289 168 60.6373
168 289 60.6373
313 89 20.3913
89 313 20.3913
36 161 12.853
161 36 12.853
92 272 14.7147
272 92 14.7147
157 191 49.5038
191 157 49.5038
176 112 84.7101
112 176 84.7101
216 56 74.5064
56 216 74.5064
66 221 95.2368
221 66 95.2368
39 245 59.3835
245 39 59.3835
209 211 51.7394
211 209 51.7394
275 241 52.787
241 275 52.787
231 138 70.4254
138 231 70.4254
38 8 99.7252
8 38 99.7252
83 98 63.5555
98 83 63.5555
267 308 30.9389
308 267 30.9389
19 168 82.1656
168 19 82.1656
194 56 85.6074
56 194 85.6074
100 250 87.7155
250 100 87.7155
270 188 19.9918
188 270 19.9918
276 233 37.1165
233 276 37.1165
4 263 38.2136
263 4 38.2136
185 219 62.9038
219 185 62.9038
177 118 13.534
118 177 13.534
7 183 43.8957
183 7 43.8957
184 1 30.9624
1 184 30.9624
290 188 70.5671
188 290 70.5671
286 182 68.1309
182 286 68.1309
19 251 13.002
251 19 13.002
158 46 51.5975
46 158 51.5975
48 126 69.4744
126 48 69.4744
33 219 18.0752
219 33 18.0752
292 88 63.8489
88 292 63.8489
44 231 11.174
231 44 11.174
26 305 73.2615
305 26 73.2615
191 92 51.9675
92 191 51.9675
32 204 62.0779
204 32 62.0779
238 111 65.2239
111 238 65.2239
219 184 82.6767
184 219 82.6767
154 159 88.8954
159 154 88.8954
239 53 51.8159
53 239 51.8159
9 310 45.8405
310 9 45.8405
45 256 75.6215
256 45 75.6215
68 165 77.7943
165 68 77.7943
157 290 91.8465
290 157 91.8465
37 235 42.7804
235 37 42.7804
12 19 16.6772
19 12 16.6772
129 54 84.3181
54 129 84.3181
156 47 63.7757
47 156 63.7757
219 202 35.8661
202 219 35.8661
216 162 77.9599
162 216 77.9599
177 186 17.7358
186 177 17.7358
103 47 34.5718
47 103 34.5718
298 68 35.9081
68 298 35.9081
245 189 51.7483
189 245 51.7483
150 161 92.7541
161 150 92.7541
214 24 69.0617
24 214 69.0617
90 281 38.8324
281 90 38.8324
262 94 53.013
94 262 53.013
281 93 57.0214
93 281 57.0214
1 305 49.1235
305 1 49.1235
282 192 32.7789
192 282 32.7789
166 55 65.8433
55 166 65.8433
231 50 76.9343
50 231 76.9343
190 311 61.2894
311 190 61.2894
259 62 11.2394
62 259 11.2394
270 71 13.6933
71 270 13.6933
289 166 27.6946
166 289 27.6946
16 129 68.9016
129 16 68.9016
222 298 64.3332
298 222 64.3332
285 2 76.1396
2 285 76.1396
259 302 16.5086
302 259 16.5086
276 176 97.8856
176 276 97.8856
223 258 91.4076
258 223 91.4076
183 37 56.0533
37 183 56.0533
11 56 20.1667
56 11 20.1667
229 122 23.8073
122 229 23.8073
227 180 73.2522
180 227 73.2522
229 34 63.3646
34 229 63.3646
261 191 94.3721
191 261 94.3721
184 155 83.6877
155 184 83.6877
8 203 74.218
203 8 74.218
64 31 67.5462
31 64 67.5462
168 263 71.0904
263 168 71.0904
80 70 28.8258
70 80 28.8258
282 258 85.884
258 282 85.884
31 306 78.6294
306 31 78.6294
145 322 18.1717
322 145 18.1717
305 44 52.8712
44 305 52.8712
232 276 56.7052
276 232 56.7052
93 238 54.3827
238 93 54.3827
286 215 67.6635
215 286 67.6635
127 128 56.7796
128 127 56.7796
316 86 56.8807
86 316 56.8807
143 154 30.3079
154 143 30.3079
301 86 76.2844
86 301 76.2844
277 269 83.3528
269 277 83.3528
173 318 20.6885
318 173 20.6885
110 139 66.9889
139 110 66.9889
250 221 14.962
221 250 14.962
82 263 24.9032
263 82 24.9032
9 23 57.2468
23 9 57.2468
319 0 83.1823
0 319 83.1823
274 13 26.1804
13 274 26.1804
127 143 60.7275
143 127 60.7275
272 185 70.7141
185 272 70.7141
280 132 18.4482
132 280 18.4482
39 40 28.8249
40 39 28.8249
281 59 80.7295
59 281 80.7295
178 254 58.5582
254 178 58.5582
317 62 28.3915
62 317 28.3915
3 316 68.5034
316 3 68.5034
241 132 91.4051
132 241 91.4051
145 37 35.1704
37 145 35.1704
198 52 42.84
52 198 42.84
8 86 82.1191
86 8 82.1191
306 234 98.3339
234 306 98.3339
76 270 10.5049
270 76 10.5049
42 29 23.6605
29 42 23.6605
271 206 41.9221
206 271 41.9221
313 67 67.49
67 313 67.49
199 223 51.9135
223 199 51.9135
65 255 73.5261
255 65 73.5261
174 57 37.7204
57 174 37.7204
239 225 82.0232
225 239 82.0232
191 230 96.0956
230 191 96.0956
64 118 57.7764
118 64 57.7764
164 114 69.6772
114 164 69.6772
41 157 89.9911
157 41 89.9911
130 197 88.4873
197 130 88.4873
15 77 26.0245
77 15 26.0245
215 9 96.2902
9 215 96.2902
272 41 92.2933
41 272 92.2933
123 249 20.1171
249 123 20.1171
54 49 35.9407
49 54 35.9407
207 289 19.3914
289 207 19.3914
40 158 17.7954
158 40 17.7954
22 64 21.9362
64 22 21.9362
203 85 50.5811
85 203 50.5811
103 150 52.0575
150 103 52.0575
99 216 66.3655
216 99 66.3655
303 71 81.4737
71 303 81.4737
28 111 85.975
111 28 85.975
117 44 14.7427
44 117 14.7427
185 120 70.4065
120 185 70.4065
228 8 40.6682
8 228 40.6682
135 182 83.7374
182 135 83.7374
117 202 61.3287
202 117 61.3287
104 114 64.6295
114 104 64.6295
64 302 94.9084
302 64 94.9084
240 171 99.732
171 240 99.732
245 232 78.6884
232 245 78.6884
92 93 40.1275
93 92 40.1275
105 173 11.8429
173 105 11.8429
74 313 90.5496
313 74 90.5496
295 293 25.3801
293 295 25.3801
81 49 54.2386
49 81 54.2386
103 270 27.6729
270 103 27.6729
321 278 81.6439
278 321 81.6439
135 25 58.1968
25 135 58.1968
98 292 81.9124
292 98 81.9124
230 16 13.1322
16 230 13.1322
302 295 17.7343
295 302 17.7343
276 212 64.3509
212 276 64.3509
89 243 75.8688
243 89 75.8688
226 40 54.9607
40 226 54.9607
322 244 71.8369
244 322 71.8369
87 307 24.9999
307 87 24.9999
276 193 52.9907
193 276 52.9907
163 169 11.038
169 163 11.038
13 130 92.8677
130 13 92.8677
210 245 11.6406
245 210 11.6406
212 263 12.6439
263 212 12.6439
195 165 29.8846
165 195 29.8846
89 263 29.8053
263 89 29.8053
279 74 77.8725
74 279 77.8725
278 2 38.2912
2 278 38.2912
226 275 89.082
275 226 89.082
258 31 28.1548
31 258 28.1548
261 79 47.6411
79 261 47.6411
293 282 12.2223
282 293 12.2223
136 321 69.3711
321 136 69.3711
148 116 64.8011
116 148 64.8011
315 106 26.1099
106 315 26.1099
117 295 73.7077
295 117 73.7077
140 7 21.7864
7 140 21.7864
156 196 66.4311
196 156 66.4311
112 160 87.7995
160 112 87.7995
2 249 35.2961
249 2 35.2961
23 33 30.6449
33 23 30.6449
137 261 22.202
261 137 22.202
284 131 13.6027
131 284 13.6027
73 286 78.0627
286 73 78.0627
118 244 20.438
244 118 20.438
249 191 55.8922
191 249 55.8922
59 274 73.2273
274 59 73.2273
306 121 98.3869
121 306 98.3869
263 35 25.2577
35 263 25.2577
305 272 63.5581
272 305 63.5581
105 191 77.4215
191 105 77.4215
21 119 61.7661
119 21 61.7661
60 148 56.5386
148 60 56.5386
34 296 35.05
296 34 35.05
17 169 94.3612
169 17 94.3612
224 141 89.651
141 224 89.651
268 57 66.822
57 268 66.822
75 200 60.2819
200 75 60.2819
281 49 85.863
49 281 85.863
197 112 43.351
112 197 43.351
246 131 36.9861
131 246 36.9861
304 282 63.611
282 304 63.611
228 259 12.9443
259 228 12.9443
149 65 55.0644
65 149 55.0644
239 247 25.3396
247 239 25.3396
264 170 23.1641
170 264 23.1641
309 35 63.1406
35 309 63.1406
51 127 60.6904
127 51 60.6904
92 97 99.0066
97 92 99.0066
306 59 40.1581
59 306 40.1581
169 30 47.618
30 169 47.618
160 229 29.2082
229 160 29.2082
97 198 81.1272
198 97 81.1272
290 313 20.1731
313 290 20.1731
210 289 18.8457
289 210 18.8457
126 229 30.6571
229 126 30.6571
204 192 32.4018
192 204 32.4018
170 186 44.254
186 170 44.254
264 110 94.1189
110 264 94.1189
164 291 33.8362
291 164 33.8362
55 206 15.837
206 55 15.837
6 24 39.747
24 6 39.747
285 88 89.3368
88 285 89.3368
75 268 99.275
268 75 99.275
238 178 62.0989
178 238 62.0989
148 300 35.9941
300 148 35.9941
245 115 24.9022
115 245 24.9022
279 78 20.3889
78 279 20.3889
225 191 70.3858
191 225 70.3858
28 235 41.3086
235 28 41.3086
238 4 52.9759
4 238 52.9759
10 309 61.8356
309 10 61.8356
252 255 73.184
255 252 73.184
265 204 89.0499
204 265 89.0499
88 317 99.5008
317 88 99.5008
200 104 52.9221
104 200 52.9221
10 268 15.4046
268 10 15.4046
96 141 91.9545
141 96 91.9545
35 285 43.8956
285 35 43.8956
69 51 74.2501
51 69 74.2501
321 40 43.4653
40 321 43.4653
127 145 30.5353
145 127 30.5353
222 184 41.3832
184 222 41.3832
87 135 33.4324
135 87 33.4324
20 85 89.111
85 20 89.111
85 236 74.764
236 85 74.764
192 295 28.3409
295 192 28.3409
231 244 45.3625
244 231 45.3625
189 118 55.4851
118 189 55.4851
43 181 98.8376
181 43 98.8376
234 278 73.0511
278 234 73.0511
307 29 86.7516
29 307 86.7516
27 107 79.9432
107 27 79.9432
237 170 86.2838
170 237 86.2838
259 118 56.0182
118 259 56.0182
46 177 95.684
177 46 95.684
172 275 75.695
275 172 75.695
203 53 83.2595
53 203 83.2595
127 155 50.1478
155 127 50.1478
205 184 12.7399
184 205 12.7399
271 270 27.5725
270 271 27.5725
140 288 16.5625
288 140 16.5625
100 70 39.8267
70 100 39.8267
207 253 57.128
253 207 57.128
93 26 96.8491
26 93 96.8491
286 70 10.6153
70 286 10.6153
256 210 17.1364
210 256 17.1364
204 272 86.3846
272 204 86.3846
174 9 40.9713
9 174 40.9713
149 63 99.451
63 149 99.451
78 230 61.4997
230 78 61.4997
184 141 96.9653
141 184 96.9653
247 111 47.7765
111 247 47.7765
165 175 64.8597
175 165 64.8597
249 195 63.5021
195 249 63.5021
143 95 62.7221
95 143 62.7221
270 99 85.6043
99 270 85.6043
292 24 48.4586
24 292 48.4586
60 278 16.4648
278 60 16.4648
25 294 16.2932
294 25 16.2932
197 95 29.7595
95 197 29.7595
76 265 58.2737
265 76 58.2737
104 11 34.5783
11 104 34.5783
222 314 25.167
314 222 25.167
298 134 76.4992
134 298 76.4992
321 184 52.3863
184 321 52.3863
10 110 27.4687
110 10 27.4687
205 318 75.1229
318 205 75.1229
263 30 40.844
30 263 40.844
297 103 21.4003
103 297 21.4003
113 262 77.0856
262 113 77.0856
249 134 33.0629
134 249 33.0629
160 96 37.0426
96 160 37.0426
239 307 84.9439
307 239 84.9439
265 54 88.7938
54 265 88.7938
306 205 70.0185
205 306 70.0185
68 15 25.4593
15 68 25.4593
7 67 18.6823
67 7 18.6823
16 229 44.7977
229 16 44.7977
186 284 94.1835
284 186 94.1835
76 295 40.2166
295 76 40.2166
28 275 36.8984
275 28 36.8984
64 63 70.0504
63 64 70.0504
26 314 63.6597
314 26 63.6597
24 13 44.5036
13 24 44.5036
311 180 26.0459
180 311 26.0459
203 293 17.1202
293 203 17.1202
118 26 41.4625
26 118 41.4625
247 65 55.1968
65 247 55.1968
78 241 75.2519
241 78 75.2519
277 305 90.11
305 277 90.11
221 29 47.576
29 221 47.576
240 247 68.3526
247 240 68.3526
27 313 11.9718
313 27 11.9718
168 51 55.9366
51 168 55.9366
68 183 64.6773
183 68 64.6773
113 144 45.9186
144 113 45.9186
308 182 98.702
182 308 98.702
284 113 85.9284
113 284 85.9284
66 11 67.6892
11 66 67.6892
203 126 55.6037
126 203 55.6037
59 53 13.3536
53 59 13.3536
248 264 75.4947
264 248 75.4947
75 195 20.5774
195 75 20.5774
238 76 15.3467
76 238 15.3467
95 196 20.6363
196 95 20.6363
73 293 98.144
293 73 98.144
169 303 55.463
303 169 55.463
320 16 11.1258
16 320 11.1258
123 313 79.0699
313 123 79.0699
41 197 41.505
197 41 41.505
302 233 61.5062
233 302 61.5062
150 207 79.3233
207 150 79.3233
59 191 48.427
191 59 48.427
107 43 52.5459
43 107 52.5459
53 13 33.4772
13 53 33.4772
191 307 78.3458
307 191 78.3458
166 197 73.0269
197 166 73.0269
139 116 71.9801
116 139 71.9801
36 139 21.1696
139 36 21.1696
275 216 47.8079
216 275 47.8079
159 8 18.1364
8 159 18.1364
123 134 64.2875
134 123 64.2875
260 203 98.6071
203 260 98.6071
67 35 24.0838
35 67 24.0838
235 279 67.5315
279 235 67.5315
65 171 99.9791
171 65 99.9791
83 160 84.9807
160 83 84.9807
58 236 53.2959
236 58 53.2959
256 109 85.4303
109 256 85.4303
2 82 85.5159
82 2 85.5159
22 68 96.7666
68 22 96.7666
93 113 73.2168
113 93 73.2168
253 17 30.2256
17 253 30.2256
81 77 98.9772
77 81 98.9772
289 313 37.3824
313 289 37.3824
241 127 63.5459
127 241 63.5459
184 73 76.223
73 184 76.223
122 280 24.6753
280 122 24.6753
29 81 10.0743
81 29 10.0743
80 220 66.1521
220 80 66.1521
189 20 22.7175
20 189 22.7175
278 134 38.8307
134 278 38.8307
147 115 50.8254
115 147 50.8254
115 133 95.1578
133 115 95.1578
30 286 93.2621
286 30 93.2621
162 229 21.2027
229 162 21.2027
167 11 71.735
11 167 71.735
169 298 21.0556
298 169 21.0556
141 7 90.1074
7 141 90.1074
134 148 82.2503
148 134 82.2503
306 228 56.9969
228 306 56.9969
78 45 48.5502
45 78 48.5502
268 279 86.7815
279 268 86.7815
141 261 11.8901
261 141 11.8901
308 158 67.1727
158 308 67.1727
82 199 36.5791
199 82 36.5791
280 177 60.9578
177 280 60.9578
298 125 48.7304
125 298 48.7304
136 288 73.3961
288 136 73.3961
258 55 10.937
55 258 10.937
284 208 31.559
208 284 31.559
187 88 96.9114
88 187 96.9114
71 147 29.9913
147 71 29.9913
306 310 78.7473
310 306 78.7473
39 211 91.7836
211 39 91.7836
68 132 38.094
132 68 38.094
235 196 37.6162
196 235 37.6162
211 0 24.8063
0 211 24.8063
150 167 81.0205
167 150 81.0205
264 242 82.1626
242 264 82.1626
148 188 14.013
188 148 14.013
103 275 32.3649
275 103 32.3649
185 160 37.5376
160 185 37.5376
33 67 90.5543
67 33 90.5543
223 281 19.2307
281 223 19.2307
301 90 41.0453
90 301 41.0453
65 265 52.9986
265 65 52.9986
90 79 28.7449
79 90 28.7449
184 204 76.699
204 184 76.699
153 211 48.9146
211 153 48.9146
215 218 84.2664
218 215 84.2664
11 58 22.7612
58 11 22.7612
9 176 82.4426
176 9 82.4426
1 277 86.3661
277 1 86.3661
301 166 17.1736
166 301 17.1736
100 227 47.2593
227 100 47.2593
54 41 35.9845
41 54 35.9845
96 209 59.0784
209 96 59.0784
63 270 19.3846
270 63 19.3846
248 172 73.6888
172 248 73.6888
51 304 50.0612
304 51 50.0612
275 179 34.5171
179 275 34.5171
42 176 90.4304
176 42 90.4304
40 216 59.5386
216 40 59.5386
7 278 84.692
278 7 84.692
16 149 75.4658
149 16 75.4658
291 170 48.0297
170 291 48.0297
216 256 34.0673
256 216 34.0673
57 226 13.4085
226 57 13.4085
124 300 67.102
300 124 67.102
83 306 34.3693
306 83 34.3693
152 279 63.5242
279 152 63.5242
193 64 97.0499
64 193 97.0499
175 214 55.2822
214 175 55.2822
158 14 83.9825
14 158 83.9825
248 61 85.8782
61 248 85.8782
109 31 31.397
31 109 31.397
231 314 80.651
314 231 80.651
241 172 67.137
172 241 67.137
305 73 76.3127
73 305 76.3127
77 117 93.8772
117 77 93.8772
33 13 36.7334
13 33 36.7334
224 315 30.1354
315 224 30.1354
114 30 37.8907
30 114 37.8907
270 298 36.981
298 270 36.981
112 74 37.0095
74 112 37.0095
253 241 11.7931
241 253 11.7931
185 111 74.2813
111 185 74.2813
98 238 79.8358
238 98 79.8358
239 195 10.8731
195 239 10.8731
47 245 25.169
245 47 25.169
244 228 81.0005
228 244 81.0005
17 126 84.9534
126 17 84.9534
34 81 35.2739
81 34 35.2739
141 225 91.6992
225 141 91.6992
160 244 30.9409
244 160 30.9409
226 199 91.3196
199 226 91.3196
198 70 67.2165
70 198 67.2165
176 292 93.6762
292 176 93.6762
314 104 39.1052
104 314 39.1052
18 259 63.1966
259 18 63.1966
294 316 24.7008
316 294 24.7008
257 176 13.2484
176 257 13.2484
85 148 77.6855
148 85 77.6855
43 192 37.0016
192 43 37.0016
253 29 50.604
29 253 50.604
24 128 50.1533
128 24 50.1533
214 122 46.9121
122 214 46.9121
101 98 63.3418
98 101 63.3418
308 315 43.6743
315 308 43.6743
137 240 30.2232
240 137 30.2232
261 92 69.3881
92 261 69.3881
313 122 70.2063
122 313 70.2063
222 203 31.3235
203 222 31.3235
306 120 54.665
120 306 54.665
17 124 26.509
124 17 26.509
98 261 10.3655
261 98 10.3655
18 295 98.7053
295 18 98.7053
84 233 27.077
233 84 27.077
283 37 46.0688
37 283 46.0688
126 34 92.3432
34 126 92.3432
266 70 93.3326
70 266 93.3326
270 244 82.501
244 270 82.501
66 147 10.3053
147 66 10.3053
21 113 18.2665
113 21 18.2665
195 15 96.2919
15 195 96.2919
114 144 11.9249
144 114 11.9249
303 53 18.5338
53 303 18.5338
83 226 65.6595
226 83 65.6595
248 273 48.4905
273 248 48.4905
227 269 58.1744
269 227 58.1744
17 114 65.9689
114 17 65.9689
218 7 14.4365
7 218 14.4365
176 1 17.5571
1 176 17.5571
148 179 76.0976
179 148 76.0976
82 104 55.08
104 82 55.08
63 82 47.9085
82 63 47.9085
120 143 38.0409
143 120 38.0409
282 248 64.4468
248 282 64.4468
202 45 55.9275
45 202 55.9275
289 14 33.7157
14 289 33.7157
242 201 43.1691
201 242 43.1691
94 155 85.7714
155 94 85.7714
133 39 38.3465
39 133 38.3465
310 95 26.773
95 310 26.773
71 59 24.2845
59 71 24.2845
252 108 37.019
108 252 37.019
143 312 79.5834
312 143 79.5834
94 46 26.387
46 94 26.387
282 294 86.4907
294 282 86.4907
207 168 46.3943
168 207 46.3943
119 322 89.8611
322 119 89.8611
210 6 63.3611
6 210 63.3611
101 251 77.2571
251 101 77.2571
66 285 77.0862
285 66 77.0862
125 56 82.6951
56 125 82.6951
79 258 99.4728
258 79 99.4728
157 64 54.9549
64 157 54.9549
98 258 29.0789
258 98 29.0789
1 119 45.1386
119 1 45.1386
290 229 86.5101
229 290 86.5101
307 157 71.5776
157 307 71.5776
5 30 20.4611
30 5 20.4611
127 33 76.9089
33 127 76.9089
118 321 48.2251
321 118 48.2251
198 55 35.0489
55 198 35.0489
9 103 49.014
103 9 49.014
187 24 91.503
24 187 91.503
201 83 55.8177
83 201 55.8177
4 159 71.1902
159 4 71.1902
227 246 96.1484
246 227 96.1484
239 70 59.1894
70 239 59.1894
220 64 84.9082
64 220 84.9082
321 47 64.2542
47 321 64.2542
213 74 91.2618
74 213 91.2618
13 212 80.4305
212 13 80.4305
249 20 91.6302
20 249 91.6302
222 287 36.2608
287 222 36.2608
240 103 80.6312
103 240 80.6312
314 67 73.0363
67 314 73.0363
289 119 48.0016
119 289 48.0016
124 181 19.5955
181 124 19.5955
60 171 40.8964
171 60 40.8964
294 154 83.5353
154 294 83.5353
254 263 61.6964
263 254 61.6964
0 289 21.394
289 0 21.394
287 239 84.5442
239 287 84.5442
289 292 22.4414
292 289 22.4414
278 225 27.4614
225 278 27.4614
45 92 44.6471
92 45 44.6471
184 111 94.6437
111 184 94.6437
14 217 43.1384
217 14 43.1384
164 309 34.2433
309 164 34.2433
139 199 59.6278
199 139 59.6278
277 158 16.3379
158 277 16.3379
96 178 65.2998
178 96 65.2998
147 83 33.0009
83 147 33.0009
224 148 44.5645
148 224 44.5645
175 234 76.7038
234 175 76.7038
35 227 59.7033
227 35 59.7033
128 104 93.1688
104 128 93.1688
300 252 18.2943
252 300 18.2943
285 167 91.5213
167 285 91.5213
86 174 38.5849
174 86 38.5849
30 27 12.255
27 30 12.255
34 232 85.9919
232 34 85.9919
263 249 71.5759
249 263 71.5759
112 141 31.3591
141 112 31.3591
161 152 77.0932
152 161 77.0932
14 65 56.9733
65 14 56.9733
177 129 72.194
129 177 72.194
134 141 75.1931
141 134 75.1931
257 79 47.5659
79 257 47.5659
23 316 61.0289
316 23 61.0289
236 138 40.3912
138 236 40.3912
255 190 61.2427
190 255 61.2427
318 136 90.4732
136 318 90.4732
45 19 76.3766
19 45 76.3766
212 312 13.4461
312 212 13.4461
228 260 27.354
260 228 27.354
323 214 34.5368
214 323 34.5368
71 51 35.3213
51 71 35.3213
11 221 23.6053
221 11 23.6053
236 277 58.847
277 236 58.847
86 64 26.9782
64 86 26.9782
279 123 94.9403
123 279 94.9403
176 301 29.672
301 176 29.672
143 30 90.4403
30 143 90.4403
17 102 95.3722
102 17 95.3722
235 153 50.2483
153 235 50.2483
83 10 38.9699
10 83 38.9699
282 68 80.7831
68 282 80.7831
176 152 75.4216
152 176 75.4216
157 62 98.6478
62 157 98.6478
47 234 32.6119
234 47 32.6119
279 113 17.6487
113 279 17.6487
42 92 20.1019
92 42 20.1019
21 126 51.0374
126 21 51.0374
174 286 81.4964
286 174 81.4964
279 290 31.135
290 279 31.135
190 58 50.3512
58 190 50.3512
119 236 48.7807
236 119 48.7807
165 162 99.5611
162 165 99.5611
285 193 46.1657
193 285 46.1657
301 60 56.2562
60 301 56.2562
162 36 92.5416
36 162 92.5416
100 225 47.9917
225 100 47.9917
122 289 84.0927
289 122 84.0927
318 116 30.9291
116 318 30.9291
85 14 28.5382
14 85 28.5382
78 21 64.9739
21 78 64.9739
319 159 95.5452
159 319 95.5452
200 97 21.7696
97 200 21.7696
192 316 66.3908
316 192 66.3908
263 50 87.3952
50 263 87.3952
168 306 12.7814
306 168 12.7814
35 55 99.1413
55 35 99.1413
49 94 59.5794
94 49 59.5794
299 73 65.167
73 299 65.167
152 72 15.4508
72 152 15.4508
11 258 75.6461
258 11 75.6461
161 134 85.0421
134 161 85.0421
257 21 75.005
21 257 75.005
116 141 82.5145
141 116 82.5145
154 43 40.6882
43 154 40.6882
85 254 16.1827
254 85 16.1827
14 189 52.9985
189 14 52.9985
99 161 67.8596
161 99 67.8596
248 275 19.0234
275 248 19.0234
150 88 18.4103
88 150 18.4103
205 26 45.4476
26 205 45.4476
47 259 21.7522
259 47 21.7522
98 116 33.9458
116 98 33.9458
279 170 97.5193
170 279 97.5193
55 207 47.2182
207 55 47.2182
17 16 80.7564
16 17 80.7564
28 142 70.571
142 28 70.571
152 249 37.4335
249 152 37.4335
149 318 99.0857
318 149 99.0857
230 115 67.4322
115 230 67.4322
130 44 59.9083
44 130 59.9083
212 186 88.2634
186 212 88.2634
257 236 27.6804
236 257 27.6804
282 24 83.2349
24 282 83.2349
226 305 46.5395
305 226 46.5395
232 164 29.4358
164 232 29.4358
242 82 84.5932
82 242 84.5932
245 69 26.5999
69 245 26.5999
173 251 56.8151
251 173 56.8151
193 39 22.8202
39 193 22.8202
266 213 69.4069
213 266 69.4069
180 177 66.6405
177 180 66.6405
19 237 26.0496
237 19 26.0496
130 58 75.1529
58 130 75.1529
227 251 24.9058
251 227 24.9058
50 183 16.8332
183 50 16.8332
245 188 21.8411
188 245 21.8411
29 322 98.0041
322 29 98.0041
268 23 37.9667
23 268 37.9667
209 210 52.7743
210 209 52.7743
75 269 91.733
269 75 91.733
27 277 95.9427
277 27 95.9427
226 176 34.4513
176 226 34.4513
28 175 52.8512
175 28 52.8512
146 189 24.6459
189 146 24.6459
94 290 39.4674
290 94 39.4674
131 45 68.6679
45 131 68.6679
130 39 43.3199
39 130 43.3199
266 146 30.011
146 266 30.011
200 268 38.0387
268 200 38.0387
68 13 72.5843
13 68 72.5843
289 32 99.0205
32 289 99.0205
156 51 26.8938
51 156 26.8938
215 43 51.8642
43 215 51.8642
1 120 66.7193
120 1 66.7193
237 62 13.7738
62 237 13.7738
298 257 22.7348
257 298 22.7348
199 27 48.1725
27 199 48.1725
180 215 31.2868
215 180 31.2868
155 178 19.3045
178 155 19.3045
256 70 89.4742
70 256 89.4742
214 137 16.0819
137 214 16.0819
28 134 76.6942
134 28 76.6942
110 313 20.0226
313 110 20.0226
56 268 34.9838
268 56 34.9838
52 15 15.651
15 52 15.651
288 201 64.9929
201 288 64.9929
221 253 47.3107
253 221 47.3107
149 40 81.6106
40 149 81.6106
76 8 36.3603
8 76 36.3603
108 58 14.8907
58 108 14.8907
35 176 61.9882
176 35 61.9882
131 206 36.8245
206 131 36.8245
140 24 23.1137
24 140 23.1137
322 116 32.7827
116 322 32.7827
99 18 18.2822
18 99 18.2822
256 295 81.007
295 256 81.007
263 297 25.6187
297 263 25.6187
223 226 19.6274
226 223 19.6274
36 33 95.9254
33 36 95.9254
15 230 76.7479
230 15 76.7479
183 318 18.4408
318 183 18.4408
171 75 81.9889
75 171 81.9889
234 116 95.3915
116 234 95.3915
53 200 45.535
200 53 45.535
194 212 44.0169
212 194 44.0169
22 185 85.5073
185 22 85.5073
323 167 25.078
167 323 25.078
274 226 40.539
226 274 40.539
180 169 27.3718
169 180 27.3718
272 261 89.4423
261 272 89.4423
268 68 65.157
68 268 65.157
66 233 98.7468
233 66 98.7468
243 27 21.0294
27 243 21.0294
252 312 46.0521
312 252 46.0521
60 317 62.1664
317 60 62.1664
298 282 95.7882
282 298 95.7882
104 298 52.7929
298 104 52.7929
311 253 54.0339
253 311 54.0339
298 226 61.4213
226 298 61.4213
239 223 71.4435
223 239 71.4435
82 264 73.7273
264 82 73.7273
85 200 31.0255
200 85 31.0255
32 243 61.9845
243 32 61.9845
72 304 61.4071
304 72 61.4071
165 103 66.4269
103 165 66.4269
72 41 37.7507
41 72 37.7507
81 280 33.7089
280 81 33.7089
227 237 34.0742
237 227 34.0742
79 213 23.1973
213 79 23.1973
176 64 82.2592
64 176 82.2592
189 232 45.9055
232 189 45.9055
131 89 63.2425
89 131 63.2425
74 48 46.2359
48 74 46.2359
95 184 57.2642
184 95 57.2642
267 31 71.3564
31 267 71.3564
261 269 88.5629
269 261 88.5629
317 211 71.5218
211 317 71.5218
6 271 42.6834
271 6 42.6834
256 62 70.8329
62 256 70.8329
277 257 19.1866
257 277 19.1866
284 297 84.1607
297 284 84.1607
273 250 52.9358
250 273 52.9358
115 258 69.1747
258 115 69.1747
27 297 60.7067
297 27 60.7067
88 137 90.4106
137 88 90.4106
180 267 74.5446
267 180 74.5446
127 214 44.351
214 127 44.351
218 187 74.76
187 218 74.76
267 238 10.8291
238 267 10.8291
176 114 21.8474
114 176 21.8474
268 37 13.7908
37 268 13.7908
294 17 95.8854
17 294 95.8854
52 189 55.6434
189 52 55.6434
260 216 60.8059
216 260 60.8059
138 204 53.8806
204 138 53.8806
161 257 21.4617
257 161 21.4617
159 298 19.1842
298 159 19.1842
227 82 43.6199
82 227 43.6199
151 118 46.2368
118 151 46.2368
176 172 91.6154
172 176 91.6154
5 280 75.4882
280 5 75.4882
15 106 58.0386
106 15 58.0386
17 266 88.0951
266 17 88.0951
165 66 83.1842
66 165 83.1842
202 157 33.3185
157 202 33.3185
104 100 81.6206
100 104 81.6206
107 55 77.9359
55 107 77.9359
137 253 67.0677
253 137 67.0677
186 121 30.6782
121 186 30.6782
64 77 46.9005
77 64 46.9005
205 323 44.7717
323 205 44.7717
105 193 61.6326
193 105 61.6326
29 17 12.6703
17 29 12.6703
101 229 56.1469
229 101 56.1469
238 113 89.9861
113 238 89.9861
256 39 68.2384
39 256 68.2384
249 169 31.9944
169 249 31.9944
4 170 67.2364
170 4 67.2364
86 92 82.2433
92 86 82.2433
102 188 30.8087
188 102 30.8087
272 195 37.2703
195 272 37.2703
198 10 67.3349
10 198 67.3349
293 254 95.6087
254 293 95.6087
90 317 65.289
317 90 65.289
304 145 92.5696
145 304 92.5696
59 67 92.929
67 59 92.929
312 133 34.2991
133 312 34.2991
143 150 87.5079
150 143 87.5079
156 183 36.5869
183 156 36.5869
105 254 92.7156
254 105 92.7156
20 80 76.3754
80 20 76.3754
265 24 75.6737
24 265 75.6737
284 301 62.2963
301 284 62.2963
264 252 40.1771
252 264 40.1771
256 65 79.0839
65 256 79.0839
163 34 75.1078
34 163 75.1078
90 97 31.418
97 90 31.418
62 97 18.395
97 62 18.395
255 90 20.0445
90 255 20.0445
305 68 67.248
68 305 67.248
7 238 36.1719
238 7 36.1719
61 292 60.4657
292 61 60.4657
277 79 33.9552
79 277 33.9552
151 68 21.012
68 151 21.012
273 172 21.7211
172 273 21.7211
45 27 72.2469
27 45 72.2469
140 91 65.4717
91 140 65.4717
69 190 89.3697
190 69 89.3697
271 178 44.281
178 271 44.281
