674 6176 7 234 492 
1 0 1
2 1 2
3 1 3
4 3 4
5 3 3
6 0 4
7 4 1
8 5 3
9 6 5
10 8 2
11 5 3
12 2 2
13 10 3
14 9 3
15 3 3
16 4 6
17 13 2
18 3 2
19 6 5
20 12 7
21 20 1
22 9 3
23 22 4
24 3 4
25 20 4
26 1 5
27 7 2
28 16 7
29 7 2
30 25 4
31 4 2
32 22 2
33 10 7
34 8 7
35 16 2
36 2 2
37 22 7
38 28 3
39 25 2
40 36 7
41 10 7
42 1 6
43 21 4
44 35 1
45 12 7
46 29 2
47 35 2
48 40 7
49 9 4
50 39 6
51 18 1
52 40 4
53 2 2
54 16 6
55 14 7
56 50 2
57 8 6
58 42 1
59 54 2
60 57 7
61 52 2
62 46 6
63 61 7
64 44 6
65 7 5
66 48 2
67 22 7
68 57 1
69 24 5
70 53 4
71 61 7
72 21 4
73 2 4
74 47 3
75 6 3
76 11 6
77 67 2
78 23 2
79 49 2
80 75 4
81 40 1
82 81 1
83 27 5
84 21 6
85 6 6
86 11 2
87 38 1
88 31 4
89 83 4
90 20 4
91 49 2
92 9 4
93 26 5
94 33 6
95 75 3
96 25 1
97 26 5
98 92 5
99 42 6
100 93 5
101 77 4
102 61 3
103 70 2
104 47 7
105 95 2
106 70 3
107 50 1
108 44 2
109 105 3
110 1 7
111 55 1
112 8 3
113 71 1
114 50 3
115 7 2
116 76 7
117 26 6
118 36 4
119 5 5
120 110 5
121 94 6
122 104 2
123 122 1
124 20 4
125 80 6
126 87 2
127 79 6
128 110 2
129 115 5
130 15 3
131 46 3
132 124 1
133 3 7
134 35 7
135 97 5
136 10 3
137 126 3
138 2 3
139 131 7
140 48 4
141 86 4
142 82 1
143 59 2
144 81 7
145 23 5
146 85 5
147 21 5
148 112 7
149 9 2
150 144 6
151 41 2
152 75 2
153 41 3
154 100 6
155 118 1
156 1 5
157 9 6
158 145 7
159 55 3
160 36 2
161 34 3
162 132 7
163 133 5
164 118 7
165 83 6
166 107 6
167 112 5
168 161 2
169 150 4
170 66 2
171 53 4
172 114 1
173 14 3
174 148 5
175 4 6
176 114 1
177 79 6
178 72 6
179 16 2
180 97 2
181 45 7
182 71 7
183 148 4
184 1 1
185 134 5
186 137 7
187 140 1
188 1 5
189 152 1
190 165 3
191 91 4
192 18 4
193 123 4
194 105 7
195 128 6
196 102 6
197 47 7
198 150 2
199 128 1
200 192 5
201 61 2
202 1 2
203 31 4
204 187 6
205 204 2
206 62 2
207 128 7
208 97 6
209 129 6
210 108 6
211 147 3
212 141 5
213 17 1
214 51 6
215 35 5
216 95 1
217 11 4
218 155 2
219 57 4
220 215 1
221 88 5
222 181 4
223 116 6
224 39 3
225 217 5
226 84 1
227 177 1
228 50 7
229 194 2
230 179 2
231 139 4
232 1 3
233 185 3
234 40 5
235 100 5
236 79 3
237 132 4
238 93 7
239 104 5
240 36 2
241 78 6
242 39 6
243 193 4
244 237 5
245 106 5
246 191 5
247 156 7
248 71 1
249 17 6
250 70 7
251 112 1
252 208 1
253 7 2
254 150 2
255 246 1
256 7 1
257 180 3
258 115 7
259 152 5
260 158 1
261 14 6
262 75 3
263 192 3
264 17 6
265 98 7
266 42 4
267 189 5
268 89 3
269 40 3
270 194 3
271 200 2
272 17 6
273 58 2
274 6 2
275 147 7
276 18 2
277 255 1
278 111 4
279 225 3
280 236 1
281 166 7
282 143 6
283 180 7
284 76 3
285 86 3
286 279 3
287 54 2
288 233 4
289 204 3
290 153 3
291 242 3
292 126 6
293 287 2
294 56 1
295 194 3
296 28 6
297 121 3
298 286 4
299 155 5
300 53 3
301 159 7
302 68 1
303 2 5
304 203 7
305 109 7
306 166 4
307 242 3
308 232 5
309 103 4
310 134 3
311 306 2
312 266 5
313 260 3
314 119 5
315 151 2
316 127 7
317 102 4
318 268 4
319 313 5
320 127 2
321 116 4
322 5 2
323 208 7
324 85 4
325 141 2
326 286 5
327 96 6
328 233 7
329 62 7
330 20 7
331 209 4
332 109 3
333 2 4
334 276 2
335 216 1
336 291 3
337 65 5
338 85 7
339 300 2
340 26 1
341 186 4
342 144 4
343 232 5
344 122 4
345 131 5
346 30 7
347 53 7
348 333 6
349 55 4
350 119 6
351 216 2
352 305 3
353 207 4
354 235 1
355 284 4
356 97 6
357 205 7
358 222 4
359 219 7
360 278 7
361 117 7
362 83 2
363 198 5
364 153 6
365 271 2
366 104 7
367 356 4
368 318 4
369 144 6
370 115 1
371 159 5
372 178 7
373 120 3
374 24 1
375 168 1
376 279 5
377 126 5
378 229 6
379 321 3
380 200 6
381 289 1
382 307 2
383 342 6
384 42 5
385 100 1
386 55 5
387 76 1
388 194 3
389 386 1
390 389 1
391 48 2
392 374 3
393 33 2
394 354 1
395 347 7
396 267 2
397 107 3
398 345 2
399 132 4
400 186 2
401 350 7
402 380 2
403 328 2
404 319 5
405 376 1
406 3 3
407 262 3
408 108 7
409 109 4
410 310 1
411 151 6
412 189 6
413 275 1
414 77 7
415 304 2
416 55 6
417 271 5
418 386 4
419 368 5
420 50 1
421 266 5
422 256 1
423 405 6
424 154 5
425 31 4
426 291 2
427 374 7
428 25 2
429 5 2
430 27 3
431 22 7
432 340 3
433 227 6
434 183 5
435 273 2
436 113 1
437 54 6
438 8 6
439 40 3
440 260 3
441 14 7
442 91 3
443 176 7
444 210 1
445 77 5
446 427 1
447 305 1
448 283 2
449 191 3
450 152 3
451 248 3
452 45 1
453 210 6
454 158 7
455 344 1
456 406 4
457 397 3
458 192 2
459 349 7
460 132 3
461 88 5
462 189 5
463 389 1
464 252 5
465 154 2
466 367 1
467 39 6
468 388 4
469 161 3
470 329 2
471 164 5
472 120 7
473 388 2
474 233 1
475 151 3
476 108 6
477 400 5
478 284 4
479 118 3
480 327 2
481 379 7
482 453 4
483 61 1
484 275 7
485 454 4
486 231 3
487 75 5
488 160 5
489 235 2
490 254 7
491 143 5
492 253 1
493 465 7
494 133 1
495 450 5
496 288 5
497 51 3
498 143 6
499 188 6
500 274 1
501 414 7
502 241 4
503 163 7
504 234 1
505 105 3
506 198 7
507 53 7
508 371 5
509 92 3
510 490 7
511 270 3
512 504 2
513 290 2
514 448 7
515 307 3
516 348 7
517 53 4
518 394 3
519 265 6
520 300 1
521 428 3
522 443 1
523 241 3
524 165 2
525 230 3
526 522 4
527 85 4
528 339 3
529 376 7
530 43 4
531 149 6
532 202 4
533 213 1
534 378 5
535 223 4
536 337 5
537 83 3
538 39 1
539 116 2
540 241 3
541 337 7
542 253 4
543 434 7
544 99 4
545 522 6
546 261 4
547 166 4
548 239 3
549 469 4
550 190 4
551 412 4
552 110 5
553 427 4
554 285 3
555 220 5
556 24 6
557 256 1
558 78 1
559 152 4
560 381 5
561 250 6
562 383 1
563 484 6
564 382 4
565 12 5
566 1 3
567 80 6
568 135 4
569 191 3
570 514 4
571 122 5
572 71 7
573 325 1
574 116 4
575 475 4
576 224 4
577 170 6
578 27 1
579 472 6
580 501 1
581 382 4
582 407 1
583 37 6
584 114 1
585 160 1
586 37 3
587 109 7
588 486 2
589 494 5
590 477 3
591 573 6
592 441 3
593 509 2
594 504 6
595 233 5
596 203 1
597 574 4
598 55 2
599 122 7
600 360 4
601 325 7
602 450 2
603 589 7
604 138 4
605 530 6
606 176 7
607 255 7
608 30 3
609 387 5
610 592 7
611 590 1
612 291 3
613 129 2
614 78 7
615 396 7
616 478 2
617 180 1
618 31 4
619 202 6
620 115 5
621 528 2
622 193 5
623 411 6
624 480 4
625 247 4
626 209 3
627 232 2
628 417 2
629 595 6
630 315 5
631 337 4
632 213 6
633 329 4
634 628 2
635 482 7
636 545 5
637 207 3
638 409 7
639 131 5
640 314 2
641 419 7
642 135 6
643 157 6
644 633 2
645 361 2
646 247 3
647 294 5
648 539 4
649 308 3
650 289 1
651 81 4
652 648 6
653 53 1
654 14 7
655 170 3
656 43 1
657 51 3
658 505 3
659 13 6
660 154 6
661 155 7
662 405 3
663 493 7
664 524 4
665 76 3
666 262 1
667 234 6
668 39 6
669 502 3
670 489 6
671 263 5
672 375 1
673 538 5
561 414 7
490 642 6
108 592 7
178 239 2
372 308 5
445 338 1
114 253 6
540 184 6
41 280 1
332 272 1
636 77 2
345 647 2
254 84 6
133 198 5
142 670 4
622 351 6
196 658 7
617 368 7
206 340 1
140 152 5
55 519 2
28 497 5
526 613 1
283 7 2
636 7 1
543 553 4
324 665 1
634 292 3
270 392 2
214 211 6
66 625 3
81 0 5
578 508 3
403 569 3
173 51 4
120 628 6
498 660 6
249 582 7
640 345 3
673 430 3
358 184 3
516 197 1
211 180 4
352 470 3
344 83 6
13 581 7
592 671 6
526 135 5
577 1 6
525 584 5
211 523 3
87 508 4
512 341 4
71 102 7
49 359 3
431 522 7
550 227 4
14 407 4
21 189 5
453 503 3
88 559 7
558 105 1
670 255 3
589 662 1
252 143 3
517 539 5
246 397 6
76 673 4
246 16 6
48 495 7
263 456 1
520 535 2
515 470 3
256 306 4
343 21 5
482 226 3
530 274 7
239 292 1
308 305 3
432 456 1
555 159 2
281 19 1
241 204 4
61 552 2
270 487 1
257 153 3
385 510 5
84 94 1
142 611 2
512 456 6
392 664 3
99 186 1
527 331 1
371 336 3
143 152 3
122 410 5
81 582 1
498 274 4
479 267 2
625 304 6
123 393 7
574 166 1
360 485 6
270 224 2
500 560 7
666 559 1
84 377 7
70 333 3
474 129 5
349 103 7
404 533 2
257 128 6
279 189 1
458 614 4
494 493 5
321 488 6
259 198 3
651 538 3
75 202 3
577 171 4
161 534 4
649 240 4
344 211 1
604 188 2
630 412 1
580 12 3
545 237 7
178 374 5
631 577 2
163 668 4
90 586 6
109 439 4
528 196 5
565 131 7
534 104 1
64 39 4
504 487 3
551 421 6
37 74 4
70 666 6
424 336 7
199 253 6
13 329 4
459 342 3
244 164 4
126 118 1
408 128 5
37 257 3
322 534 7
237 591 7
646 643 5
291 330 5
209 272 1
122 625 7
152 177 6
360 125 5
566 104 1
218 121 3
186 622 5
648 297 6
439 481 4
397 167 1
250 622 1
607 18 6
285 290 5
497 661 6
644 91 7
350 357 3
673 505 1
637 661 7
499 275 2
38 146 6
591 643 6
237 623 2
336 135 4
339 115 6
588 82 1
292 228 6
524 63 1
585 262 4
348 68 5
16 265 6
144 576 3
553 237 2
432 21 6
594 454 6
17 452 7
666 247 7
405 41 4
393 179 2
353 615 4
582 396 6
342 281 4
626 177 4
316 371 3
210 20 5
652 540 7
370 502 3
313 485 4
291 130 2
118 320 2
157 401 4
549 579 3
494 73 6
234 313 6
247 90 4
642 299 1
240 130 3
40 656 2
265 349 6
469 629 1
562 628 2
562 268 5
363 456 5
139 368 7
1 190 2
515 667 4
26 636 4
334 190 2
604 291 7
541 375 5
152 155 6
205 611 4
185 5 3
579 316 1
264 287 3
628 327 2
378 516 3
130 367 5
670 99 3
141 91 4
455 396 6
337 18 3
0 424 7
497 529 3
654 615 2
521 330 4
564 486 6
547 27 5
416 192 3
608 143 5
579 364 4
640 531 5
382 403 5
360 400 1
256 387 2
123 642 4
163 474 2
34 92 3
515 141 5
233 451 6
277 298 2
38 309 6
483 109 1
324 474 4
469 589 4
148 545 7
475 163 5
652 558 3
341 440 2
245 85 3
77 614 4
342 148 1
591 467 1
583 34 3
380 140 5
102 647 2
509 479 3
112 221 1
540 200 2
623 604 1
565 244 4
508 140 5
357 277 4
373 250 5
319 257 1
257 122 5
224 252 7
421 142 7
272 505 7
629 458 5
74 623 6
463 301 6
136 101 3
615 254 7
440 596 7
197 510 5
76 132 3
525 494 1
79 435 3
598 566 3
604 480 6
669 57 5
129 187 3
331 440 7
530 503 7
77 223 4
452 333 7
617 359 4
2 126 3
588 26 4
84 518 4
104 266 1
535 437 7
48 546 3
551 85 7
379 334 3
287 657 5
270 317 4
635 456 2
256 259 3
374 350 2
375 536 1
656 371 1
400 542 4
228 405 7
118 297 4
154 428 1
223 131 4
340 264 7
57 205 6
643 119 2
524 33 3
503 450 3
309 661 3
41 272 4
509 470 1
445 497 4
23 383 2
518 641 6
141 651 4
52 83 1
57 388 5
412 606 5
486 171 7
85 411 1
103 424 3
417 373 5
284 616 7
558 312 1
354 630 3
582 322 1
393 108 1
642 302 3
364 224 6
35 140 7
496 94 1
420 204 2
604 168 6
24 83 2
531 313 5
423 583 7
500 440 3
659 71 1
200 302 1
453 483 5
304 632 6
604 585 4
614 632 5
368 285 7
458 579 6
492 575 7
372 82 7
94 55 5
123 603 2
223 634 7
83 140 4
563 51 6
29 554 7
253 582 7
353 165 5
99 202 3
143 346 1
478 407 4
138 7 6
467 291 2
203 114 2
604 50 2
417 532 5
159 517 1
470 174 2
113 72 1
339 637 3
441 162 3
484 599 1
507 327 4
317 622 1
248 100 2
467 599 1
475 421 1
663 275 5
103 155 7
380 446 7
17 527 2
87 49 6
283 185 7
552 238 1
333 655 2
572 314 7
71 379 7
61 622 4
659 418 3
151 209 6
620 426 5
60 467 4
140 461 1
317 350 3
419 110 6
103 176 1
661 78 6
124 169 4
327 1 7
313 61 3
258 431 1
246 105 2
648 318 1
626 562 2
161 643 5
337 81 4
76 311 3
392 269 5
427 300 2
313 185 1
133 604 5
223 587 1
298 566 1
301 540 3
635 644 3
380 215 2
23 660 1
112 25 4
400 515 5
568 353 5
133 290 7
622 239 6
174 443 3
209 554 7
560 474 1
181 468 3
280 69 4
76 478 7
262 379 3
412 41 4
174 426 3
471 579 2
626 239 7
312 548 2
397 495 4
320 329 1
95 1 7
311 211 6
480 173 1
227 102 4
34 263 6
59 182 7
326 145 4
446 87 2
177 582 4
111 556 3
44 415 7
142 348 7
651 77 1
335 163 6
150 154 1
295 590 5
37 216 6
196 646 7
572 216 7
108 466 4
362 245 1
288 181 5
600 501 4
216 48 5
423 503 7
554 475 4
582 1 2
79 670 6
142 427 5
163 514 5
160 367 5
53 289 4
195 23 7
610 1 5
236 203 2
348 152 1
299 650 7
478 499 7
74 62 4
220 191 6
195 570 7
121 1 1
156 274 5
204 54 5
371 350 2
431 243 6
564 154 7
582 182 7
304 251 7
572 140 4
546 70 5
150 166 5
565 652 4
217 286 4
120 66 1
159 582 4
263 162 1
1 380 6
276 396 6
608 629 3
662 65 6
304 646 1
303 122 5
28 116 7
383 270 4
235 646 5
381 573 4
472 110 3
123 236 4
661 11 1
349 445 4
456 620 5
650 210 1
140 231 3
498 290 6
564 316 3
151 39 3
324 214 7
656 654 5
439 519 7
626 81 5
250 508 6
31 43 1
589 447 5
385 630 2
493 592 6
12 409 1
550 396 1
496 581 5
562 8 7
645 340 2
122 7 2
444 375 4
370 628 4
343 437 1
596 311 1
496 164 3
183 207 7
466 603 6
353 647 5
471 263 6
187 308 3
56 517 2
352 390 7
150 108 2
662 426 5
15 88 5
112 469 2
545 389 4
0 175 6
192 493 3
671 66 1
546 539 2
559 389 4
534 102 5
88 82 2
71 651 4
385 224 2
535 152 7
214 248 2
163 499 6
496 206 1
257 440 3
292 274 4
91 636 4
356 32 4
619 25 2
618 312 6
218 580 6
502 663 1
72 220 1
287 331 6
386 504 4
543 337 3
362 409 4
232 509 6
659 319 1
428 619 3
53 67 7
252 124 1
315 33 2
312 108 6
267 591 7
407 443 6
471 388 1
502 409 3
539 616 1
283 302 3
73 497 5
36 341 7
556 393 4
621 526 3
151 194 7
601 49 1
283 370 6
320 662 6
378 51 7
448 132 1
472 250 1
76 36 3
541 671 5
257 585 2
569 649 6
593 396 1
97 1 3
126 223 4
305 596 4
61 277 7
295 622 6
204 89 7
673 134 5
560 625 6
409 165 5
665 519 3
504 101 3
337 506 1
376 597 1
243 2 6
12 350 6
332 329 7
20 87 5
490 384 5
656 666 2
10 501 5
429 432 1
422 278 5
236 99 6
56 554 3
76 205 5
8 349 7
174 550 4
269 338 5
69 230 5
337 108 1
601 211 5
603 126 1
247 10 3
343 629 6
573 503 6
362 428 3
391 362 7
172 626 7
128 458 6
635 670 1
273 225 3
634 447 2
98 443 6
397 465 6
171 454 5
264 167 1
598 296 4
438 82 6
556 283 3
637 46 4
493 164 5
554 142 7
348 253 7
172 404 6
101 109 1
612 605 4
273 478 4
86 291 5
662 269 1
294 251 5
450 626 2
651 358 2
390 643 4
610 573 3
160 570 4
125 218 2
297 309 2
141 641 1
215 111 6
609 637 6
551 444 4
218 637 4
245 619 6
364 662 7
262 363 5
356 322 1
70 439 5
282 504 6
498 142 7
531 588 5
258 33 3
229 411 3
408 279 4
184 94 6
648 631 5
464 442 4
77 184 3
472 283 5
425 439 7
235 514 7
106 14 5
607 472 1
395 170 1
5 105 5
226 79 5
381 416 2
461 61 4
46 141 2
565 295 6
144 536 1
567 429 2
140 186 1
440 532 4
669 58 2
349 230 5
403 586 4
249 301 6
12 59 6
597 74 6
606 145 4
352 487 3
453 29 7
628 97 1
592 388 6
329 294 1
649 448 2
347 371 7
234 588 7
92 27 6
576 415 3
189 341 6
434 505 4
475 377 4
520 613 6
564 152 3
23 397 5
202 265 3
359 3 6
365 390 5
490 180 4
556 277 2
187 262 2
417 300 3
554 346 6
307 1 6
618 439 5
84 239 6
190 162 6
633 635 6
205 225 4
357 386 2
272 570 7
211 257 4
140 53 3
301 240 2
505 16 2
484 24 5
361 302 2
486 192 7
467 283 7
145 656 3
131 173 5
48 527 6
18 620 1
387 231 5
494 532 5
187 206 6
267 84 3
74 391 7
120 138 2
464 671 7
568 525 7
266 184 6
104 515 6
612 210 3
421 673 1
515 19 3
535 391 2
499 180 2
499 577 2
423 578 7
280 573 5
364 307 1
334 285 3
647 529 5
507 649 2
407 233 1
553 264 5
111 659 3
134 181 4
349 210 3
670 187 6
535 203 5
209 267 3
235 359 6
340 194 3
657 77 1
134 214 7
170 258 4
264 347 7
527 474 1
477 98 4
161 363 3
672 461 4
287 194 2
426 237 2
501 47 6
666 171 2
375 640 6
595 564 7
64 433 1
508 284 4
304 521 7
215 443 7
524 361 6
302 403 3
84 75 1
137 257 4
604 129 7
285 347 7
583 517 3
248 301 1
423 558 6
539 159 6
341 464 5
107 484 5
367 119 5
312 124 5
125 624 4
191 98 2
383 272 5
171 564 2
193 543 2
424 152 2
78 463 5
236 410 2
158 281 1
534 638 3
430 542 3
136 79 6
232 122 2
591 504 2
300 160 6
273 383 3
207 468 5
208 576 3
26 629 5
446 482 2
148 628 7
193 538 7
63 45 1
530 108 2
184 400 6
354 319 1
391 292 2
313 102 7
472 615 1
76 253 7
449 434 6
334 67 2
521 470 3
189 373 2
13 220 4
154 541 2
567 345 1
79 665 6
67 150 4
563 176 2
501 624 1
432 142 7
375 405 7
347 191 7
304 130 3
131 471 4
275 470 2
657 185 4
540 586 1
313 190 6
618 256 5
468 611 2
492 31 4
250 244 3
138 625 1
376 571 3
428 374 5
648 110 4
590 314 4
593 188 3
334 449 2
158 218 2
514 296 6
389 628 3
102 532 3
125 264 3
422 290 1
210 160 6
287 574 7
149 305 3
140 203 4
656 249 7
152 29 2
78 306 4
160 114 3
307 344 4
495 395 2
189 52 5
251 162 4
416 307 2
333 240 5
149 560 6
571 28 3
369 536 4
36 490 1
102 219 2
481 510 5
483 449 6
34 350 1
334 196 1
114 149 3
527 617 1
297 389 7
493 289 4
62 64 1
665 579 6
330 258 4
619 303 7
119 402 5
127 500 2
180 60 4
643 498 4
222 193 1
17 163 3
392 229 5
549 85 3
221 453 3
53 296 3
546 425 2
210 350 6
424 441 6
16 375 6
9 342 7
540 327 2
54 395 1
437 65 7
250 150 6
505 63 6
119 483 5
408 154 2
87 214 4
174 256 2
215 489 4
593 422 6
606 180 2
665 388 4
316 341 5
489 143 3
371 275 2
72 118 3
585 512 6
409 361 5
642 155 1
126 530 6
112 323 6
46 309 6
114 540 6
157 480 2
35 584 2
196 9 2
417 507 6
558 92 1
510 106 6
82 659 7
19 471 5
252 479 5
66 368 2
234 138 4
201 470 4
150 114 7
284 297 6
339 352 4
102 510 6
391 276 5
173 332 2
432 178 5
483 324 6
201 385 6
420 410 2
454 50 6
523 286 7
103 655 1
283 80 4
406 375 3
594 305 7
330 655 5
20 144 4
385 302 6
107 365 2
165 535 7
672 458 4
265 332 7
485 659 5
214 511 2
81 299 5
426 593 2
16 660 5
316 413 4
518 473 3
386 424 7
617 217 2
187 403 5
462 602 5
271 186 1
322 282 6
664 530 6
637 158 3
57 147 4
111 432 2
614 19 6
69 29 4
386 9 2
259 456 6
130 547 1
373 272 7
123 162 1
627 139 3
588 443 3
337 489 5
357 159 7
213 628 2
94 283 4
625 552 3
182 22 1
99 518 2
111 327 1
244 624 4
23 14 5
586 508 3
397 323 6
262 381 6
522 464 1
396 280 4
60 113 6
621 552 2
628 467 5
237 61 1
232 445 2
391 114 5
605 596 3
551 286 4
39 384 2
215 460 5
87 452 6
528 134 1
278 274 5
31 297 5
174 597 1
494 652 3
390 60 4
258 455 1
375 430 5
216 23 3
387 516 4
64 134 2
125 112 3
356 53 3
666 40 2
496 602 1
139 224 5
251 103 7
15 655 7
455 414 3
54 598 7
265 114 7
458 428 4
46 114 2
459 8 5
610 389 6
444 658 6
457 268 2
91 469 6
617 399 1
341 428 5
345 618 5
301 279 5
321 617 2
395 65 4
181 425 1
431 641 6
521 393 4
153 255 4
93 228 5
346 178 7
158 124 5
594 668 2
63 420 6
473 487 7
195 121 2
294 351 1
498 296 3
213 54 2
373 438 1
92 21 1
152 105 6
233 433 6
82 519 5
67 481 3
572 473 4
374 66 1
259 75 2
80 264 3
366 146 2
160 573 5
122 332 2
60 401 2
12 472 6
193 480 2
609 619 6
92 270 7
32 57 3
119 229 2
275 274 2
516 126 5
332 220 4
553 557 2
50 568 3
415 35 3
18 241 5
528 586 6
571 430 7
451 164 4
552 590 2
588 313 1
280 296 5
352 597 5
297 493 6
438 653 7
435 286 5
10 115 3
424 334 7
310 51 3
485 405 2
517 427 5
286 81 3
229 256 2
493 275 5
60 600 1
635 395 4
39 168 5
264 533 4
357 275 2
573 184 7
353 1 6
87 150 1
620 526 2
555 398 2
332 590 5
501 364 6
4 190 2
504 321 7
531 562 3
408 259 1
580 73 3
364 47 3
522 215 5
232 318 7
135 71 1
21 458 1
436 456 6
347 630 5
221 75 6
48 184 4
183 249 4
5 160 5
643 172 2
254 249 6
573 190 5
112 474 2
637 194 3
289 59 5
428 86 5
443 381 6
618 287 3
272 379 6
535 505 5
297 364 6
514 536 1
332 142 5
460 325 3
320 172 3
623 647 7
163 388 1
443 524 4
161 259 5
185 553 3
148 220 4
149 515 4
422 629 5
303 538 5
649 160 5
670 593 5
249 312 1
487 154 3
655 533 7
407 107 5
334 194 3
26 231 2
130 153 2
235 151 3
472 204 5
486 528 3
331 276 3
562 359 6
333 234 2
229 214 2
225 126 2
134 218 3
486 168 1
456 506 7
37 512 1
116 473 6
508 119 2
452 398 7
398 333 7
555 344 3
547 58 4
417 460 5
307 386 1
454 122 7
31 189 1
370 255 1
534 75 6
236 449 2
408 361 7
423 640 7
339 379 6
481 597 7
335 97 4
635 226 3
641 665 3
44 621 2
131 472 6
464 172 1
595 231 5
638 473 5
5 318 1
444 160 7
658 248 2
301 113 7
370 236 5
444 666 1
84 602 3
556 617 3
289 418 3
534 371 2
435 369 4
482 171 2
449 57 5
478 195 7
418 649 6
268 152 2
394 184 1
201 98 7
165 532 3
127 75 2
520 304 6
495 563 7
5 391 7
318 98 1
492 352 2
559 662 6
297 563 3
341 421 5
575 514 6
166 539 7
516 181 4
1 509 6
267 504 2
644 92 1
47 195 1
178 88 6
77 483 6
322 338 3
30 266 4
373 236 7
63 265 3
117 215 5
557 40 5
508 604 3
364 334 3
110 578 5
469 36 5
472 498 3
667 443 2
451 319 6
307 462 4
526 463 2
352 83 7
534 193 7
425 101 5
402 626 7
364 195 6
595 60 3
553 236 6
553 179 5
624 360 5
467 156 2
495 207 2
556 0 5
447 74 1
411 442 5
259 159 3
114 292 1
189 149 1
633 190 4
510 326 7
632 361 7
55 535 2
341 306 1
235 82 7
128 235 3
287 631 6
283 403 3
414 148 2
611 213 2
94 402 6
217 317 7
305 521 1
443 75 4
31 653 2
455 481 1
641 165 1
138 489 3
181 151 3
608 92 6
347 260 6
194 226 7
654 496 2
560 413 2
412 119 6
79 182 2
315 610 5
2 188 3
600 54 1
417 67 3
139 38 4
137 483 5
375 81 6
285 46 1
641 260 6
200 53 4
367 498 5
98 166 4
538 552 7
561 284 4
455 508 6
219 507 7
171 450 2
174 514 2
553 163 5
508 244 5
157 531 3
107 195 4
395 70 3
592 246 4
21 327 6
443 397 5
538 121 1
247 298 5
253 576 2
118 627 2
633 497 1
619 320 2
49 248 6
220 623 1
119 634 7
554 228 2
297 614 6
445 399 1
100 244 5
98 75 4
189 20 1
168 113 2
313 199 5
632 484 1
530 347 7
383 555 3
81 519 6
502 610 3
64 177 2
244 49 5
595 532 1
143 427 7
465 12 1
106 201 4
448 463 1
243 142 4
9 638 7
42 569 7
152 232 2
580 477 1
33 98 6
55 524 7
544 285 6
629 390 2
467 464 1
456 158 2
48 251 6
4 623 6
516 553 6
100 470 5
43 174 5
70 16 4
214 577 2
590 644 4
251 467 4
101 228 3
527 278 7
188 436 7
664 209 5
365 617 1
469 326 6
441 351 3
142 227 6
44 451 1
466 294 2
68 542 2
114 647 3
173 585 2
307 345 6
318 144 3
335 363 4
308 84 1
45 412 6
152 257 2
217 110 6
590 470 6
237 531 2
654 415 7
631 110 1
496 147 2
197 251 1
57 570 4
294 570 6
358 280 4
209 586 2
357 550 7
284 215 4
183 382 6
518 277 2
573 157 5
181 241 7
624 30 4
389 116 6
478 268 6
248 647 2
5 323 5
546 84 7
453 606 4
74 546 7
160 92 1
96 442 7
458 536 4
572 658 2
473 21 6
654 623 7
261 231 7
442 246 3
539 484 5
31 657 4
646 221 2
155 671 3
260 131 2
650 665 7
468 262 3
652 213 2
577 429 1
154 297 3
11 373 5
483 101 5
97 651 5
302 67 3
611 377 6
289 39 1
153 77 1
239 48 5
453 27 5
503 47 1
220 285 4
195 249 6
374 243 3
72 106 7
324 520 5
605 431 5
238 600 5
618 198 7
582 490 3
43 554 6
473 19 3
436 232 6
84 164 6
113 87 5
407 625 3
210 99 6
340 527 5
666 222 1
465 508 4
296 451 2
516 156 4
177 605 4
92 477 4
245 169 6
642 470 5
467 176 4
460 466 1
310 137 5
54 452 6
511 527 3
595 26 1
245 111 4
626 93 7
206 393 2
326 53 4
525 321 6
422 59 6
299 19 5
600 623 6
298 588 2
457 14 1
379 240 5
664 448 1
530 546 6
479 586 3
514 427 3
583 40 3
558 466 3
244 667 3
670 254 5
288 593 4
550 55 7
129 56 1
669 537 1
278 351 4
430 456 3
305 627 6
668 176 2
275 241 6
44 340 7
275 669 2
591 567 1
202 404 4
498 410 5
353 359 7
294 473 3
519 618 5
101 601 6
493 457 3
138 374 5
46 57 2
70 245 6
71 313 6
515 101 7
580 622 7
258 335 6
400 265 4
388 227 7
234 165 6
626 160 1
226 274 4
233 406 7
198 416 6
387 182 7
236 46 4
35 208 7
475 651 2
582 273 7
408 652 5
514 667 6
14 151 1
611 148 4
106 184 5
201 105 1
37 172 6
155 195 3
402 617 4
31 76 7
649 437 2
369 157 2
612 158 6
657 231 7
300 55 1
71 511 4
140 224 6
224 496 4
267 5 4
389 428 7
165 213 7
157 655 6
148 270 6
276 283 7
355 423 2
518 600 5
68 70 4
589 292 3
364 328 1
154 499 6
107 366 3
190 359 7
367 341 4
309 151 6
627 607 1
350 97 4
445 311 3
223 101 5
233 20 1
500 496 3
433 571 3
194 613 5
587 120 3
219 104 5
560 220 2
486 112 4
233 489 5
147 430 2
130 307 7
189 225 2
464 138 3
430 564 3
266 351 2
503 453 7
407 546 6
611 70 7
571 648 7
344 519 2
646 127 4
368 361 2
303 330 7
383 14 7
569 283 4
324 78 3
363 222 6
612 437 4
497 244 6
495 507 7
78 333 3
48 482 2
625 45 2
333 527 5
69 523 6
524 396 6
152 302 2
227 111 7
444 16 1
83 374 5
297 643 3
607 49 7
504 240 6
139 73 4
489 327 7
364 406 1
614 48 4
397 489 6
216 28 3
51 557 6
217 245 6
554 487 3
10 586 5
333 368 7
245 234 4
443 131 2
500 563 5
261 40 1
352 143 1
495 541 3
526 431 2
560 224 5
241 244 5
395 525 1
134 272 6
346 546 2
13 91 1
438 534 7
83 470 6
654 8 3
250 329 4
65 377 5
497 424 6
23 440 7
598 648 2
596 521 1
673 380 4
660 1 3
488 233 1
386 518 2
406 206 7
295 289 7
159 28 3
475 428 4
413 146 1
294 333 5
670 424 4
589 582 4
383 594 1
58 83 5
329 560 4
5 109 3
573 379 4
577 616 6
69 439 7
252 153 6
152 334 2
103 91 1
134 331 5
458 338 4
601 572 2
661 107 1
190 607 5
249 232 1
628 234 7
349 350 5
60 379 2
614 18 2
248 473 6
653 172 1
62 465 2
633 556 4
415 419 7
672 618 2
325 592 1
183 434 4
157 504 5
419 421 4
143 348 2
313 105 4
195 340 6
55 254 5
324 29 5
42 387 2
347 412 6
63 232 7
74 256 4
319 335 3
190 556 7
26 289 2
346 668 3
566 338 7
614 445 2
651 5 1
667 430 5
188 463 5
613 488 3
303 230 6
178 508 1
433 312 3
409 353 6
360 246 5
102 40 7
495 467 5
235 636 7
280 566 6
174 259 6
312 649 5
54 163 7
446 355 4
562 351 6
602 414 7
403 266 2
548 30 2
570 10 5
50 480 5
224 120 4
617 395 7
306 595 6
274 116 3
563 197 4
268 50 3
592 286 4
239 216 3
144 285 7
121 113 1
159 595 5
440 91 4
268 474 3
412 281 7
288 543 7
351 115 7
85 109 7
163 439 5
142 339 5
636 134 6
338 261 6
294 619 5
540 457 7
74 310 1
174 458 3
517 297 3
68 32 4
390 216 6
251 34 7
137 171 5
88 655 1
540 421 7
181 106 6
90 276 7
636 440 6
25 498 6
622 484 2
628 615 1
112 357 6
325 267 7
281 447 4
257 514 5
499 438 5
255 80 2
327 232 4
392 259 2
130 261 5
384 21 7
319 357 1
208 270 4
468 581 4
541 247 7
619 209 2
247 144 2
458 154 4
75 382 5
575 506 1
289 369 2
260 205 2
372 545 4
243 53 1
534 516 7
50 411 4
407 285 3
33 53 3
162 220 2
430 274 3
583 627 2
74 174 2
311 589 6
663 410 5
495 547 1
166 330 6
310 185 2
385 164 2
339 656 6
668 503 6
336 652 6
270 137 2
670 172 7
409 297 2
238 550 1
467 136 7
631 447 7
457 567 5
150 646 1
92 564 4
653 631 1
273 210 7
122 658 4
287 481 2
486 580 6
53 547 2
61 62 5
523 140 4
225 254 7
316 72 6
24 172 3
357 71 2
364 178 3
147 594 6
662 287 1
474 272 4
510 32 4
519 8 1
514 128 1
378 83 6
645 46 7
609 520 5
200 222 5
333 511 4
343 8 6
532 32 6
564 46 6
303 24 7
172 409 3
36 371 3
490 175 5
586 205 7
285 155 3
207 524 2
306 46 1
239 582 7
497 641 7
170 290 1
573 88 7
219 369 6
259 444 2
501 553 3
656 672 6
289 261 3
55 278 7
351 169 3
3 663 5
137 67 1
570 635 1
259 225 6
473 71 3
591 371 7
206 51 1
502 254 3
655 414 2
279 169 5
58 335 2
127 446 5
480 359 3
629 671 4
665 89 6
351 187 7
661 660 1
426 318 5
63 65 5
406 63 2
441 560 1
622 555 7
492 307 6
538 95 7
196 302 7
141 646 1
297 7 6
514 513 4
177 598 5
317 245 4
442 665 4
547 419 2
113 629 4
89 330 1
168 593 2
83 259 1
525 540 7
656 323 1
534 452 1
299 348 1
332 115 7
241 581 1
664 61 5
603 121 4
538 91 6
474 671 6
219 478 6
160 615 6
114 477 4
379 121 2
207 619 3
94 490 4
273 336 5
160 284 1
653 566 2
566 285 3
277 576 2
565 383 7
81 204 7
234 145 3
509 190 1
515 232 1
91 216 6
284 413 4
452 66 3
197 330 4
622 67 6
328 436 6
265 629 3
652 280 1
153 318 6
511 499 2
304 459 6
218 432 2
513 169 2
388 99 7
368 452 7
349 101 1
205 309 4
665 416 2
474 107 7
69 129 5
360 184 2
32 436 4
76 486 4
12 514 4
341 236 7
67 389 1
131 340 2
628 106 4
521 447 1
24 452 6
600 388 3
130 315 5
74 290 6
127 249 5
127 476 1
455 315 4
491 31 6
104 384 1
660 363 7
253 271 1
590 0 5
202 298 6
340 255 5
91 309 3
271 292 5
385 378 5
208 305 1
560 177 1
546 314 5
465 566 4
596 455 6
146 379 6
237 614 6
464 615 1
317 172 7
337 376 4
357 477 4
632 232 6
39 131 2
632 647 1
304 308 3
162 573 6
493 102 7
473 183 1
575 537 5
457 228 6
521 607 1
480 351 7
467 241 7
636 615 1
350 386 1
279 47 3
91 401 1
515 286 7
633 483 3
531 486 1
145 3 3
256 441 5
117 83 1
425 333 4
195 384 5
31 435 1
300 166 5
334 278 3
284 482 5
211 564 6
369 404 5
335 440 1
431 302 6
292 535 1
291 237 1
188 61 5
372 465 2
157 474 6
277 637 7
340 642 6
565 441 3
101 161 5
91 341 4
92 556 3
170 247 7
504 290 6
174 10 1
13 666 4
168 438 4
407 500 2
208 624 7
37 660 7
286 177 7
551 483 5
390 353 7
587 497 6
431 301 6
169 396 7
181 522 6
344 384 3
285 395 6
581 293 7
53 626 1
88 14 3
406 438 1
380 467 1
637 251 3
108 495 3
78 356 7
613 476 2
364 150 4
384 150 5
218 378 4
252 311 3
187 417 5
491 593 3
525 334 7
6 365 7
639 290 7
65 618 6
169 482 5
135 233 4
493 323 5
193 134 3
4 428 3
538 617 1
86 183 4
469 267 1
556 598 3
289 640 1
396 362 5
545 590 6
372 626 6
92 511 2
263 46 1
98 1 2
274 226 1
367 232 6
74 343 3
290 3 6
567 58 7
636 604 1
101 542 5
250 553 1
345 426 5
475 325 7
410 478 7
228 55 5
347 491 3
605 25 2
117 54 2
557 648 4
604 53 1
511 272 1
134 582 3
133 277 5
603 207 6
50 560 7
537 430 6
37 399 4
60 58 4
226 438 5
73 637 1
13 477 3
207 208 4
425 617 7
233 6 2
566 584 3
640 214 3
627 177 7
300 421 7
501 32 5
415 66 7
378 121 3
50 99 3
399 28 1
646 231 3
241 577 2
98 570 7
468 628 1
462 525 3
317 346 4
297 597 4
249 518 2
257 286 3
585 204 7
616 404 7
260 363 4
528 658 6
288 12 1
107 285 7
632 324 2
226 61 7
45 639 6
260 344 1
421 182 7
598 418 1
237 313 2
207 590 6
447 110 4
459 317 4
124 138 5
32 555 4
622 73 1
2 234 5
459 49 5
188 458 7
94 190 4
479 315 1
98 641 6
256 367 2
410 187 7
261 404 4
453 46 4
601 382 3
654 650 2
6 619 2
174 178 3
166 395 4
591 515 2
616 477 4
93 368 1
446 424 4
471 10 7
294 50 1
402 126 4
168 564 6
146 342 2
29 476 7
374 585 3
413 452 1
405 556 3
34 576 3
0 465 7
363 448 4
224 418 4
68 496 3
508 576 2
202 45 1
386 664 6
196 162 6
172 408 1
643 14 3
646 64 2
306 286 6
154 527 5
68 553 3
364 594 1
64 379 1
314 315 4
212 506 2
181 435 4
353 368 6
578 203 7
104 10 4
603 557 4
600 601 1
627 34 1
246 94 3
49 11 6
249 253 5
375 44 4
187 550 3
211 132 5
610 140 2
279 326 3
387 200 5
121 442 7
385 327 4
477 319 5
474 631 7
534 162 6
512 257 6
333 214 7
102 128 5
552 119 7
80 512 3
176 265 7
350 145 7
320 312 4
358 166 3
656 150 7
623 255 3
496 475 3
84 74 5
545 537 5
610 83 4
135 169 5
19 169 6
433 126 5
374 498 7
419 2 3
580 251 1
602 323 1
648 264 1
184 21 2
460 584 1
259 368 1
375 477 7
14 213 4
667 280 3
142 92 7
104 121 4
249 666 1
50 163 5
299 274 4
526 397 1
337 90 5
433 669 3
592 540 7
179 48 1
347 503 7
656 257 5
279 443 4
403 506 5
413 174 6
71 104 2
232 551 7
202 96 1
3 503 3
335 123 4
539 331 7
181 25 1
141 34 1
672 106 7
215 437 5
331 589 3
540 603 6
163 455 2
333 72 6
556 265 5
644 488 2
580 648 6
620 398 1
119 417 2
98 601 3
305 73 7
625 265 5
152 16 7
435 214 7
211 183 6
108 45 1
655 408 6
458 196 5
28 266 2
625 143 2
273 308 7
218 215 2
32 293 4
588 261 2
647 16 7
110 292 7
9 473 6
497 558 2
664 614 1
285 353 1
312 158 6
299 324 6
628 246 4
96 423 1
312 282 7
210 508 6
107 205 5
482 550 2
104 17 4
46 51 3
273 194 2
522 307 1
555 74 6
364 603 5
582 654 7
332 481 5
174 57 6
446 507 3
450 233 3
313 163 6
635 469 2
630 473 4
248 34 3
591 72 4
281 481 5
598 169 3
461 335 5
128 460 3
579 168 2
611 197 3
321 403 1
234 659 6
65 104 5
567 263 6
215 626 4
529 336 2
15 275 4
3 102 7
118 124 5
641 112 1
658 556 2
572 25 2
459 411 6
336 511 3
163 190 1
372 461 4
397 565 7
18 454 1
21 553 3
22 357 2
560 416 4
241 142 3
470 281 5
146 393 5
128 244 5
152 92 4
523 375 7
151 231 2
494 663 5
184 533 7
119 59 3
663 668 3
505 437 6
114 81 4
490 52 2
24 181 4
493 234 4
54 660 1
639 504 1
384 537 5
473 515 1
118 388 1
522 623 4
360 65 7
423 304 3
102 531 3
301 395 4
183 656 7
371 290 4
551 56 7
302 327 3
405 316 2
184 32 7
583 23 6
465 532 2
496 427 1
38 272 3
543 70 5
590 285 7
526 410 4
98 32 5
409 648 4
488 180 2
152 560 4
660 504 1
405 78 1
219 525 6
590 355 6
305 134 6
671 114 7
336 442 2
428 102 3
356 559 5
482 82 4
600 483 1
183 594 7
250 641 6
225 251 1
570 16 4
63 50 7
436 638 1
622 592 4
67 307 3
356 184 2
391 215 4
591 333 5
281 544 5
466 381 7
446 632 1
197 33 1
558 77 4
542 281 5
374 80 1
37 11 1
380 370 6
478 593 5
488 251 1
565 474 5
663 102 7
371 216 7
299 533 4
427 606 4
606 87 2
65 668 2
365 101 3
147 584 6
163 204 2
373 152 4
466 53 1
477 152 6
473 43 5
138 527 2
434 370 7
273 416 7
608 672 1
122 359 1
56 315 5
357 426 5
643 337 1
233 74 2
507 559 7
391 165 4
488 198 7
381 538 2
82 326 7
196 660 6
374 218 5
94 143 6
343 469 7
628 587 7
595 301 2
347 370 7
559 144 5
314 155 6
137 7 2
143 428 3
266 469 3
398 166 4
241 565 2
388 628 4
507 597 1
164 581 7
530 454 7
417 97 6
118 377 3
183 152 6
62 22 4
624 434 5
526 291 2
159 610 4
308 102 7
429 279 1
317 545 4
634 642 1
511 484 5
456 232 7
456 423 6
344 252 3
645 388 2
586 656 1
288 270 7
489 294 2
575 448 3
615 627 4
467 612 2
164 230 4
538 369 6
638 464 5
139 218 2
139 322 1
153 431 1
118 14 5
599 618 2
670 299 4
661 195 1
442 599 4
289 82 5
398 228 3
452 39 1
602 5 2
647 630 5
639 487 4
564 125 6
388 126 6
102 533 4
376 284 3
122 291 2
425 64 2
525 585 2
184 406 2
408 510 7
315 31 7
1 174 7
410 227 4
259 554 1
517 66 5
114 610 5
644 101 6
328 223 1
83 410 2
623 87 4
357 38 4
356 295 3
359 28 5
441 216 2
169 336 4
25 79 3
134 631 3
225 560 4
161 464 6
273 608 7
249 246 3
646 103 5
53 102 3
468 504 4
90 105 1
637 277 2
485 576 7
418 22 3
409 298 2
454 118 6
389 286 7
118 119 6
327 577 6
654 154 7
489 252 3
326 519 1
17 321 6
495 485 1
432 43 6
503 519 6
553 606 6
173 595 4
202 592 4
231 365 4
257 343 3
283 407 2
595 482 7
382 221 2
663 186 1
382 156 2
269 436 4
626 105 4
32 274 2
540 388 5
164 196 2
286 531 5
533 41 7
665 186 3
464 663 6
495 396 3
379 237 3
53 318 6
31 630 6
257 542 2
452 497 1
669 618 6
91 6 2
156 307 3
654 321 4
294 332 1
544 602 7
478 199 4
30 175 1
125 214 6
634 372 3
169 222 4
103 232 5
253 247 5
268 129 5
84 480 7
481 334 4
390 586 6
171 410 3
156 510 7
206 227 3
635 485 6
135 248 7
291 56 2
251 20 1
17 233 4
279 670 1
556 291 2
435 473 7
160 348 1
7 240 5
138 358 5
220 625 3
476 573 7
668 231 7
319 293 3
75 150 5
482 248 5
596 375 4
268 230 1
159 5 5
369 244 2
388 333 6
203 469 4
430 33 3
488 143 2
463 369 1
378 117 6
332 164 1
186 322 1
592 269 3
516 604 5
178 406 2
259 308 3
658 119 2
69 606 7
619 540 3
125 103 7
641 617 7
657 7 1
616 284 5
466 104 3
188 556 6
81 184 2
173 328 1
216 39 7
214 463 6
230 549 7
622 19 6
297 342 2
524 476 6
222 63 5
511 333 3
105 641 6
309 551 3
49 240 6
214 57 3
76 658 6
534 362 1
634 55 6
571 611 3
385 98 6
35 43 3
182 359 3
670 211 5
292 10 2
587 639 5
211 298 4
78 230 5
642 68 2
36 210 2
520 209 5
29 143 1
622 48 5
529 659 4
544 594 4
484 392 6
369 407 5
46 551 6
438 219 4
440 1 1
225 146 3
136 231 4
41 451 4
467 153 5
384 650 6
659 191 6
129 363 3
504 531 6
632 530 3
386 258 3
532 98 1
48 37 6
184 666 5
29 493 6
612 216 5
242 514 5
157 20 1
79 165 2
155 616 6
54 671 3
579 451 6
471 481 1
579 219 7
105 638 2
581 269 4
35 581 4
624 200 7
123 270 3
138 440 7
245 541 7
666 37 4
424 532 5
129 291 2
172 50 2
629 80 5
154 414 3
179 360 1
309 606 7
161 327 7
474 387 6
79 632 3
270 312 4
494 596 3
356 102 4
653 99 3
343 345 2
102 440 6
652 34 2
363 302 4
176 54 3
317 236 2
575 217 1
521 367 5
318 376 3
197 567 1
167 538 7
327 115 1
83 198 2
558 672 7
503 205 6
378 103 2
180 103 1
305 642 6
82 424 2
32 630 5
456 270 7
382 450 2
602 591 1
160 340 4
240 356 3
404 583 5
66 615 2
271 604 4
186 590 5
378 628 2
12 603 3
247 7 4
665 290 4
377 393 7
477 426 4
565 604 1
189 103 2
613 315 6
529 109 1
42 496 4
289 43 7
634 486 7
148 564 3
515 591 6
542 227 5
495 553 1
399 54 6
186 289 5
207 421 1
241 195 7
340 136 7
670 206 7
148 600 3
43 452 6
10 213 6
300 424 7
37 25 3
441 10 2
200 612 4
179 504 7
493 262 6
201 630 2
439 384 1
647 456 4
324 265 6
653 202 2
506 571 3
336 9 5
108 180 7
588 470 6
178 137 7
474 613 5
355 315 5
411 480 5
631 0 6
581 142 1
583 90 2
258 638 2
638 588 1
517 493 5
59 144 3
635 230 3
248 97 3
657 642 4
448 666 1
285 539 3
636 129 7
261 191 2
352 87 3
155 482 1
144 360 4
142 338 7
388 498 1
246 14 3
670 322 7
624 323 1
528 329 4
450 395 4
87 112 2
613 629 3
124 488 3
136 65 4
469 634 5
499 381 6
412 538 3
142 638 3
666 320 7
77 622 5
470 242 5
147 453 1
131 84 1
321 52 1
285 445 3
325 31 3
413 153 4
512 348 4
604 352 1
58 78 7
478 311 7
270 305 1
100 62 7
98 17 5
403 153 5
465 343 3
54 383 5
648 574 4
386 107 6
529 289 5
657 602 1
584 623 3
66 471 5
468 205 7
610 616 4
86 577 1
632 53 1
41 652 2
132 560 7
115 370 7
204 490 3
299 473 5
540 18 3
499 632 2
220 578 4
521 643 1
115 305 2
513 101 4
83 16 7
451 534 1
117 412 5
131 431 6
167 578 3
3 132 6
218 643 1
71 138 5
481 4 5
598 181 2
645 310 4
255 30 7
211 356 2
133 180 2
250 246 2
10 169 6
458 652 4
147 155 1
572 420 2
341 360 3
332 80 7
153 423 2
444 573 4
312 410 4
170 188 5
282 209 6
364 582 7
189 444 5
577 378 6
311 152 1
124 16 3
547 190 6
308 92 4
436 506 1
475 455 4
571 268 3
14 338 6
69 549 7
594 610 1
393 277 7
128 446 3
154 130 1
349 384 3
662 280 4
165 113 5
497 436 6
135 325 3
596 554 4
324 436 7
381 580 7
50 184 1
355 385 4
218 451 3
457 539 6
272 667 2
371 486 4
155 253 1
114 666 5
652 22 7
349 566 4
548 337 3
121 506 7
639 525 3
416 160 7
421 509 6
28 408 2
343 288 2
557 584 4
315 552 7
388 90 7
642 120 2
389 108 5
144 18 4
628 590 1
620 120 1
49 273 5
443 187 6
570 129 2
271 285 5
378 597 6
601 640 6
141 223 4
263 475 4
522 489 7
501 427 5
441 539 5
35 292 3
547 576 1
334 318 5
335 102 7
377 39 2
121 453 7
385 521 7
618 552 4
641 226 2
469 279 4
628 231 4
552 340 4
183 577 7
547 213 3
490 672 6
530 500 6
618 169 7
389 536 6
135 426 2
665 285 1
426 508 3
213 346 4
324 1 2
66 36 2
284 308 2
344 601 3
279 660 4
499 618 6
9 395 7
668 329 4
482 622 1
528 234 5
313 27 2
169 644 3
182 366 4
333 45 1
241 242 2
350 157 4
132 602 5
371 398 7
161 307 4
427 555 2
441 375 3
522 99 1
439 26 2
626 46 2
547 646 7
215 51 5
179 259 2
415 362 7
525 309 5
197 118 5
73 465 2
372 125 5
353 90 4
482 507 4
591 653 2
589 436 3
593 395 2
202 309 2
332 267 1
511 603 2
22 536 6
515 531 4
269 600 1
180 607 4
415 342 4
241 494 5
484 148 5
358 99 1
634 8 3
3 194 7
106 16 5
214 197 7
65 347 5
626 596 6
627 468 3
208 239 4
265 589 6
274 272 2
350 249 3
278 196 3
587 37 6
68 396 7
673 619 1
437 286 5
557 666 7
640 295 7
409 174 5
580 224 3
591 277 3
235 531 7
589 393 7
197 532 2
42 521 5
69 448 4
260 61 6
477 662 5
310 597 2
284 198 2
432 628 1
555 544 6
130 376 3
584 415 7
513 355 2
110 470 2
425 604 3
592 6 4
30 151 7
315 383 5
330 494 3
354 550 1
131 36 2
597 444 3
369 345 1
193 422 6
91 522 4
544 166 4
340 145 4
81 485 2
108 556 7
336 122 4
389 402 5
423 437 3
488 513 7
491 420 3
272 634 6
612 531 4
243 584 2
313 554 6
549 616 7
201 591 5
169 251 2
187 509 4
132 351 3
580 105 1
135 419 1
382 500 6
380 111 5
34 83 7
420 21 4
589 242 7
198 407 7
294 341 6
346 105 7
50 528 2
490 613 7
275 421 4
567 330 7
277 594 7
428 135 4
400 547 5
67 493 5
224 168 5
385 157 6
72 256 7
639 111 1
496 33 5
440 263 5
11 284 2
57 263 6
164 169 6
668 622 2
475 105 2
481 477 1
39 483 2
318 219 3
390 628 7
184 344 3
353 48 2
292 498 7
411 165 7
448 24 3
343 619 6
300 159 7
575 463 1
91 172 5
219 380 5
398 331 4
453 52 3
503 124 3
388 10 1
594 261 4
145 451 5
210 384 2
98 7 2
299 611 7
535 97 4
656 629 6
104 198 6
538 650 4
17 203 6
113 195 5
301 93 3
313 534 5
637 305 7
332 259 5
369 249 7
140 34 4
131 353 4
643 112 3
85 521 1
258 462 4
406 12 1
185 418 6
7 472 2
648 604 6
121 152 3
313 165 6
294 524 3
26 4 1
542 404 6
628 553 4
401 550 1
225 491 2
264 26 3
379 606 2
504 188 3
543 609 7
201 341 2
101 582 5
27 44 6
102 551 6
631 190 1
33 570 7
194 334 3
87 52 4
179 327 3
562 222 4
106 581 4
121 114 2
337 558 2
196 276 7
458 493 7
12 377 2
519 315 3
516 314 2
2 84 7
122 570 5
308 323 1
24 494 2
137 300 6
297 272 3
124 14 6
140 409 4
426 554 1
587 210 5
606 21 7
64 668 7
87 449 2
446 136 7
639 297 4
651 213 7
609 438 2
209 181 5
19 351 5
291 534 6
440 397 1
44 559 1
621 507 3
11 470 5
662 124 6
43 217 4
288 496 2
580 159 3
279 475 4
207 453 3
9 389 5
649 59 4
240 648 3
178 36 5
62 56 4
36 40 3
369 26 1
311 663 1
89 60 7
542 95 2
512 649 2
373 672 4
52 443 2
494 271 4
467 8 3
209 594 1
299 86 2
382 379 7
15 337 6
387 107 7
382 364 6
366 618 2
304 473 4
306 482 1
593 254 5
313 658 4
344 25 5
447 211 2
16 111 4
438 290 2
240 126 7
363 93 6
478 489 7
468 523 5
202 58 1
649 559 4
532 56 6
23 34 7
144 535 5
533 365 3
62 376 4
354 475 4
303 60 4
169 497 5
522 534 2
583 446 3
300 648 2
562 191 7
659 474 3
95 55 4
649 201 3
508 451 1
166 98 1
609 588 7
414 484 1
553 104 1
84 635 7
422 207 3
559 657 2
635 217 5
7 25 2
59 69 2
310 37 3
221 305 7
279 469 4
517 568 2
406 464 1
28 405 3
82 12 3
89 384 5
599 251 2
150 103 3
158 528 5
492 132 3
383 622 1
23 543 3
536 273 4
291 75 3
290 539 1
160 643 3
66 354 6
351 366 6
233 67 4
406 316 4
186 499 7
351 221 6
654 641 2
217 597 1
586 111 1
485 655 4
542 484 2
188 147 4
103 130 3
183 221 4
414 17 3
8 613 7
427 209 3
145 157 3
365 313 5
638 434 5
451 243 4
162 290 6
145 528 6
194 671 4
220 543 6
629 642 5
515 306 5
326 321 2
181 174 6
446 559 6
639 484 5
396 588 3
477 291 5
419 578 1
118 87 6
148 189 3
371 575 4
473 559 1
637 50 7
560 85 4
154 48 6
444 519 4
90 643 5
461 214 3
550 552 5
285 663 4
481 12 5
311 453 3
246 84 3
589 417 1
597 41 2
614 258 7
424 576 4
445 257 5
323 550 1
574 246 4
57 40 2
155 623 3
646 367 7
476 453 5
642 127 6
349 323 3
395 304 5
388 112 6
646 613 6
13 596 3
128 211 7
661 506 3
347 620 3
438 481 3
640 544 6
513 144 7
264 593 1
280 76 3
655 509 7
662 550 2
150 350 5
452 91 6
19 417 1
210 80 5
430 75 3
362 621 6
177 506 5
354 610 3
137 89 5
371 291 4
299 329 7
228 76 1
323 55 7
352 360 6
49 73 5
663 506 4
523 164 2
636 651 1
299 305 4
580 108 6
391 260 5
366 344 6
626 8 3
100 343 6
522 6 7
438 260 3
48 223 5
106 346 1
206 531 1
480 162 2
459 302 2
145 225 5
13 72 4
152 525 5
253 628 4
325 450 4
517 418 6
670 519 4
179 411 3
42 436 4
407 43 7
365 663 3
509 104 3
511 350 2
618 665 4
34 203 7
379 151 5
60 551 5
37 302 1
462 3 5
612 105 5
564 466 4
443 432 3
592 234 6
230 654 3
176 599 4
35 643 7
152 262 2
105 157 4
374 327 4
411 384 2
346 283 1
102 13 5
11 221 3
40 246 5
23 634 1
496 169 2
630 487 6
29 324 6
448 671 1
203 36 1
323 185 3
265 672 5
649 360 5
306 320 6
329 421 2
570 408 5
258 58 7
667 186 6
597 174 1
110 254 5
462 341 1
271 570 3
598 196 6
150 534 3
234 413 7
152 594 4
359 247 7
177 168 6
106 583 6
595 322 5
332 482 4
588 36 7
167 234 1
576 643 2
642 277 5
453 640 5
22 503 5
148 592 3
6 466 2
37 437 2
198 635 4
464 573 2
282 407 7
231 237 5
506 72 3
303 298 6
102 142 6
282 136 1
636 310 1
132 322 6
609 187 5
571 91 6
398 368 3
559 291 3
185 550 6
290 344 5
507 168 3
262 647 2
619 418 2
190 96 3
360 404 4
65 272 5
311 388 2
127 265 2
619 319 6
567 617 2
28 290 2
116 92 2
526 630 6
182 324 3
268 355 7
228 348 4
593 135 5
489 311 1
239 623 3
622 178 7
389 285 5
101 357 2
130 463 3
36 469 3
184 450 5
531 144 3
376 165 4
541 108 4
339 322 6
125 662 2
620 533 5
381 247 2
478 451 1
129 587 2
163 623 4
544 670 4
535 615 3
461 347 6
288 603 2
459 504 5
235 414 2
87 0 3
185 474 5
622 229 6
103 586 3
159 471 5
157 516 7
309 115 4
232 346 1
293 255 2
421 670 2
471 45 6
653 130 4
132 49 6
201 613 1
402 650 5
262 56 6
641 633 3
559 69 7
110 192 1
189 607 1
94 286 5
288 544 6
644 485 3
597 655 6
135 589 4
23 201 2
219 592 5
263 115 7
272 36 6
135 266 5
65 362 3
368 322 3
107 671 4
153 19 6
62 249 6
499 647 3
575 111 7
183 26 5
269 81 5
589 522 4
524 233 2
641 335 6
185 88 4
503 245 5
544 75 2
373 128 1
115 489 2
339 11 5
47 248 5
1 165 3
287 493 2
405 59 5
535 328 4
437 659 2
422 237 7
488 60 1
602 127 7
427 277 2
57 115 5
16 368 3
265 625 7
308 671 2
305 420 6
388 223 3
538 558 1
370 5 6
171 552 1
163 293 5
99 510 1
483 441 2
513 671 6
349 435 1
263 339 6
542 96 7
135 11 3
153 672 1
664 657 1
433 459 4
126 188 3
55 649 7
119 662 5
296 506 6
245 471 3
351 329 6
511 73 3
655 609 7
5 346 7
241 455 7
187 39 1
535 85 2
354 562 5
369 127 2
37 408 7
352 455 6
505 618 5
226 307 3
513 576 5
533 217 1
99 490 1
259 390 1
152 160 4
336 528 6
492 433 4
452 589 7
430 56 2
558 591 4
258 525 7
282 79 5
193 72 4
439 646 4
404 582 4
608 487 5
19 372 7
235 597 6
52 482 6
214 74 6
295 313 2
239 134 2
558 85 7
436 354 4
417 611 1
201 145 4
471 191 5
229 332 7
13 272 6
148 352 1
311 58 6
27 635 6
478 460 1
223 472 4
571 479 6
458 608 6
509 300 6
187 106 5
86 522 5
257 391 1
430 199 1
554 32 2
489 612 4
126 149 6
96 244 7
646 616 3
67 591 7
373 63 1
63 243 2
447 603 1
55 1 5
173 258 6
82 417 3
416 383 1
571 73 5
261 560 1
269 465 5
23 78 3
351 241 7
642 487 4
186 438 1
625 454 6
649 36 4
347 317 7
126 421 5
146 562 3
173 201 4
201 349 5
596 565 4
223 490 3
365 425 5
666 523 4
127 645 6
508 631 1
77 473 4
91 504 7
592 346 7
565 381 6
94 213 6
6 586 2
126 593 7
465 661 3
407 180 5
106 447 1
403 21 3
381 437 3
159 571 1
308 582 4
69 235 1
22 165 2
130 318 7
132 592 5
134 336 5
248 571 3
211 238 3
670 665 1
258 280 2
373 237 6
107 97 6
25 444 4
612 16 3
0 549 4
433 160 5
325 618 3
597 613 2
234 137 3
396 417 7
33 260 2
104 316 6
85 257 3
183 538 4
525 4 4
324 657 1
493 374 7
369 11 2
20 281 4
394 220 1
525 609 5
613 440 1
325 89 1
632 660 5
371 616 2
416 281 1
568 489 7
134 334 4
601 538 1
427 341 4
252 652 5
249 248 5
460 363 7
248 186 1
304 123 4
571 321 3
48 304 6
377 532 2
21 296 1
59 193 4
628 88 4
437 563 2
158 503 1
4 123 2
55 543 4
230 274 6
107 548 2
146 138 5
302 247 6
210 71 2
333 43 1
443 441 1
67 471 3
451 626 6
54 467 1
348 634 4
549 496 1
437 319 1
348 556 7
297 461 6
4 146 2
536 490 2
448 405 3
171 61 6
65 594 7
0 163 7
283 10 3
288 529 5
76 373 2
580 537 3
638 465 3
647 605 2
139 75 6
443 334 7
462 471 1
268 325 3
550 650 2
267 295 4
126 216 5
135 25 4
5 306 4
153 599 2
152 589 5
386 372 1
656 460 2
519 517 2
464 488 5
311 24 4
584 35 4
232 488 6
626 381 5
535 248 2
417 506 2
360 651 6
199 226 5
17 221 4
105 403 4
496 479 7
131 29 3
592 515 4
119 604 7
585 605 1
264 244 1
578 668 2
106 518 6
209 8 3
567 4 1
437 165 2
348 57 6
51 47 3
340 86 6
388 130 1
624 241 6
214 589 1
347 535 1
155 147 7
446 206 2
364 11 3
313 568 4
26 413 5
185 107 1
621 98 6
318 321 2
251 242 7
629 23 3
108 565 5
465 106 6
450 117 3
577 566 4
513 601 2
365 555 1
374 558 5
20 174 5
614 23 6
73 361 1
135 641 2
387 47 3
254 643 7
32 146 2
544 484 3
667 284 3
315 623 3
357 441 2
237 445 1
60 77 7
420 103 6
576 342 5
597 212 1
20 101 5
504 305 4
498 521 6
581 544 1
666 451 3
581 353 5
602 529 6
93 673 3
533 84 4
351 363 7
154 307 1
479 284 6
104 310 4
662 474 1
232 242 1
599 194 4
264 60 4
602 625 2
296 584 5
128 471 7
207 340 7
557 430 3
38 650 1
394 451 3
616 108 2
15 265 1
314 249 2
331 362 2
135 33 1
322 240 5
400 397 5
432 32 1
530 1 6
255 15 2
588 331 3
246 392 7
132 666 3
422 288 2
94 390 1
176 318 7
442 566 7
114 636 2
632 548 1
68 17 5
254 68 2
211 278 3
469 186 5
631 230 3
182 216 7
22 226 3
152 459 1
117 360 7
423 109 3
650 57 5
649 9 5
446 25 7
528 132 6
165 162 5
490 537 2
198 82 7
558 314 4
272 165 1
394 550 4
232 240 2
66 668 4
196 567 5
87 390 1
558 379 4
402 221 1
37 18 1
615 19 4
605 506 3
492 488 2
342 571 2
210 314 7
133 204 2
72 334 3
522 131 3
378 41 5
631 652 7
635 359 4
253 148 2
205 202 5
507 32 7
163 509 7
158 205 1
379 18 2
579 20 4
225 602 6
484 79 3
342 349 5
560 489 4
195 167 5
307 555 1
202 281 7
43 103 7
149 130 5
671 379 5
212 392 3
346 508 3
277 73 4
274 327 4
174 75 7
604 563 1
623 293 7
247 607 2
620 134 5
200 455 6
239 599 7
613 339 1
49 164 6
139 99 4
158 270 5
276 159 3
234 121 2
274 184 3
569 311 4
549 80 4
105 79 5
576 411 2
400 644 3
269 373 1
220 358 7
232 524 3
120 293 5
133 512 5
373 97 4
252 585 4
15 417 6
215 577 7
322 3 4
129 600 2
517 4 4
431 481 4
267 303 2
663 307 5
87 673 3
473 395 7
52 311 7
493 606 5
220 507 2
216 304 4
442 640 6
194 239 3
629 413 1
627 300 3
57 118 3
47 479 1
660 633 3
341 22 5
330 220 1
456 490 2
459 171 6
580 109 7
178 234 1
613 208 2
233 82 3
361 165 6
485 75 3
277 494 4
117 461 5
429 173 2
495 124 6
343 143 4
12 20 1
179 180 5
271 545 4
432 31 4
428 134 4
278 441 7
601 460 5
459 10 6
73 632 5
333 660 1
506 301 3
394 627 5
437 606 6
663 533 2
186 299 1
315 129 4
356 211 7
629 92 1
627 82 3
652 345 3
431 454 5
341 524 4
82 39 4
529 492 1
268 572 6
44 180 7
502 332 2
241 159 1
409 536 1
574 470 3
163 242 5
98 232 7
82 259 4
217 385 4
367 252 2
62 225 2
540 183 1
280 151 4
16 500 7
337 103 7
31 251 2
553 125 3
200 114 3
550 403 7
9 385 2
302 24 5
33 7 7
151 363 6
122 352 3
665 489 6
156 418 6
482 379 1
205 63 7
185 613 7
146 77 7
102 89 6
188 609 6
238 367 2
303 72 3
353 225 2
396 645 6
14 39 4
646 269 5
207 89 7
256 345 1
495 397 3
406 563 1
319 81 2
146 61 2
96 223 7
391 656 2
621 388 4
6 261 1
448 620 4
362 257 3
596 36 2
552 628 5
311 467 5
566 332 3
558 170 4
264 480 1
221 503 5
106 417 6
204 552 3
71 159 1
170 448 1
274 573 5
627 79 3
174 639 7
610 416 7
564 448 6
220 24 2
238 523 4
57 212 4
415 153 5
231 1 7
672 329 7
84 603 7
561 392 2
271 517 2
326 493 5
204 267 4
326 124 3
638 8 3
65 529 3
143 341 3
271 212 4
581 445 1
438 610 2
367 427 5
121 422 3
461 280 1
578 522 7
124 606 4
620 279 6
263 553 3
38 554 2
510 410 1
422 596 6
421 387 7
403 109 4
250 157 1
194 121 6
477 90 3
669 149 3
212 665 2
582 444 2
376 672 3
343 306 6
452 318 3
49 99 1
417 49 3
257 312 2
537 81 6
203 484 3
369 579 2
172 98 6
342 540 6
13 636 4
542 441 3
421 31 2
657 184 5
30 157 6
432 226 3
176 302 1
538 415 3
518 427 2
539 406 1
510 15 3
543 230 4
108 68 1
292 170 3
225 236 4
456 615 3
622 613 1
492 41 1
54 325 7
629 610 5
515 181 6
504 156 4
440 545 2
256 131 1
193 507 4
361 467 5
335 330 5
84 277 4
614 105 5
152 327 2
307 246 3
608 0 1
325 231 2
317 327 4
49 27 1
205 265 1
625 673 4
372 50 2
81 573 6
101 574 5
222 171 2
206 368 2
250 421 5
192 167 4
497 539 5
335 270 5
429 228 7
145 49 2
642 327 2
383 316 1
384 55 7
390 339 6
180 498 7
125 32 6
608 244 2
495 531 4
424 330 1
334 495 3
328 72 1
207 332 7
379 299 3
252 353 7
518 527 5
142 467 2
37 493 4
271 65 3
387 357 1
333 563 2
640 151 7
366 449 6
672 142 1
592 342 6
6 291 5
425 35 3
669 56 2
82 514 6
56 613 2
511 370 1
118 439 3
176 44 1
367 339 4
379 488 1
430 340 2
59 216 6
612 192 2
469 309 7
534 302 3
95 218 3
462 225 3
424 32 4
240 321 5
55 436 3
527 343 3
501 286 4
94 290 3
252 452 3
338 540 6
485 521 1
53 177 1
221 369 7
36 287 6
135 78 4
37 134 3
61 238 2
606 450 4
246 13 7
536 458 4
125 265 4
431 252 6
202 607 7
314 208 3
489 539 5
568 106 1
386 671 6
128 665 7
613 132 3
318 520 3
477 309 4
507 583 7
516 607 7
212 346 3
469 44 1
46 463 1
546 305 2
160 4 6
340 629 5
381 396 5
197 343 5
386 489 1
607 504 6
530 17 4
71 637 4
597 25 1
118 147 1
76 534 1
67 90 2
290 116 7
488 405 6
476 198 5
208 43 1
490 435 6
180 525 5
620 399 1
417 588 3
636 202 3
461 480 1
226 3 1
371 149 6
316 3 3
300 225 5
53 83 5
57 51 4
493 119 4
359 372 4
546 66 5
326 405 1
118 50 3
7 65 4
59 543 3
350 612 3
36 458 5
613 582 5
229 450 1
113 132 7
242 157 7
172 634 1
443 501 1
109 0 2
4 318 5
581 641 3
162 558 6
285 318 1
364 363 3
132 14 1
249 111 5
321 546 1
134 649 6
198 337 7
153 378 6
219 97 4
422 636 7
94 42 3
513 562 4
475 304 1
611 421 5
386 549 4
123 481 6
483 42 7
383 612 7
673 341 4
395 484 1
593 260 7
545 485 4
386 142 7
12 288 6
534 141 7
596 615 1
597 337 5
506 644 6
422 274 6
305 532 2
246 163 2
299 236 7
495 279 4
146 413 2
458 640 5
548 205 3
340 529 5
81 483 3
39 539 7
26 63 3
583 521 2
406 89 3
254 407 1
213 603 6
304 591 5
187 6 6
102 574 3
354 175 3
578 493 7
96 446 6
34 1 7
121 465 2
664 335 7
526 1 6
169 77 4
542 589 3
217 150 2
301 377 6
474 254 5
211 213 7
273 452 1
133 662 6
412 11 5
288 307 7
406 356 4
43 24 5
417 288 6
299 56 2
329 31 6
11 257 1
6 553 1
32 241 6
222 89 5
551 442 3
192 541 3
283 193 4
390 432 2
462 608 7
76 325 6
211 593 7
662 136 5
50 446 2
558 59 5
143 270 6
34 51 3
244 159 2
632 432 7
170 15 6
81 267 5
86 274 5
177 641 3
650 621 4
83 377 7
332 90 6
18 208 7
646 465 3
418 417 4
535 620 7
331 231 3
508 650 7
273 140 6
269 552 7
207 386 3
102 474 2
662 646 5
574 549 7
464 218 7
549 183 6
179 437 2
471 499 5
168 300 3
277 313 1
527 81 4
409 232 7
667 585 7
309 648 2
633 156 7
159 653 7
514 217 6
411 87 4
238 508 2
23 445 2
253 322 5
560 65 1
586 4 7
369 421 2
89 479 6
103 370 4
124 667 7
239 520 5
377 238 1
486 110 6
108 160 2
567 234 7
273 27 6
416 196 5
194 404 2
322 370 4
498 445 1
191 544 7
444 616 4
71 627 6
358 605 4
252 499 5
40 284 2
343 0 7
118 521 1
18 490 2
516 428 2
12 519 5
13 484 5
568 235 7
347 606 6
345 605 4
372 118 1
546 628 1
209 309 7
14 529 6
405 517 2
333 416 5
505 450 1
200 249 7
207 43 5
580 38 5
244 591 3
402 490 5
369 28 5
16 72 1
189 32 2
441 67 7
181 643 1
388 523 2
462 15 6
490 549 2
490 372 1
83 538 7
43 2 5
211 303 2
209 651 2
485 648 2
257 299 4
303 573 7
588 629 3
657 146 4
12 197 7
270 449 1
181 453 3
136 473 5
89 59 1
477 529 2
421 108 1
193 411 3
660 465 6
117 174 4
143 570 3
620 143 5
410 532 2
132 43 6
112 157 1
586 452 5
412 188 7
146 284 2
633 232 4
61 259 5
359 375 7
9 460 6
552 570 2
447 111 1
170 59 7
84 133 4
502 87 6
291 196 6
243 462 3
399 618 1
528 510 5
72 629 1
150 9 3
94 604 4
671 182 3
264 364 6
33 323 1
308 9 6
21 323 4
186 490 5
173 137 3
495 501 6
135 107 7
671 561 6
148 50 1
431 205 4
126 616 2
612 56 7
36 244 7
474 378 7
181 202 3
245 240 2
317 378 3
446 614 4
358 355 1
662 185 1
656 634 2
379 220 3
92 93 3
219 87 4
277 134 3
161 238 1
147 286 7
573 308 5
119 66 2
245 449 4
328 247 7
544 131 5
659 134 3
32 322 3
631 352 4
29 125 7
77 459 1
273 639 4
111 105 3
85 200 1
650 253 2
42 353 2
619 116 6
535 513 4
387 639 7
596 130 3
112 399 7
455 244 3
341 40 7
167 108 7
424 382 1
615 249 1
125 284 6
214 69 6
364 156 5
60 569 4
118 569 7
155 336 7
532 322 6
125 152 2
645 48 2
546 604 1
148 520 3
633 292 7
361 147 6
151 50 4
387 267 7
612 564 4
106 7 4
483 14 7
250 604 1
515 9 2
224 177 1
157 96 7
635 581 4
532 367 6
234 274 6
513 396 7
587 574 5
3 412 6
472 304 1
584 24 3
38 150 5
637 306 7
376 221 7
9 335 4
148 248 6
105 459 1
427 607 5
39 212 7
461 146 3
482 256 7
242 613 4
281 230 2
53 58 5
84 110 2
98 185 5
205 552 7
452 617 3
483 2 7
526 280 4
584 524 3
61 536 2
391 485 7
157 277 5
348 448 4
116 643 1
560 136 1
5 2 4
412 233 4
547 487 3
138 522 1
138 233 3
425 51 1
374 3 2
143 308 1
319 275 3
237 193 3
289 118 5
393 464 3
599 126 3
505 449 5
612 264 2
670 60 2
468 530 6
671 670 1
260 446 5
62 447 5
543 336 6
93 291 5
534 671 3
393 293 5
580 259 1
320 513 1
495 614 1
218 15 2
669 357 1
39 459 1
321 659 1
84 308 6
143 163 7
74 242 5
443 115 4
574 293 6
388 108 6
368 514 7
150 421 5
350 561 6
273 377 4
621 220 1
608 492 6
146 484 6
591 99 4
47 232 2
101 202 7
72 215 1
353 389 3
129 261 7
49 507 6
193 482 1
430 170 1
576 330 1
377 116 2
438 227 7
212 92 3
427 140 2
367 398 2
21 26 2
270 530 7
491 220 7
35 517 4
107 327 2
91 635 2
586 499 2
499 563 5
182 5 6
505 454 5
537 497 1
416 521 6
111 412 5
167 657 5
68 363 4
311 200 5
547 531 3
171 544 2
304 49 2
270 200 6
145 276 2
239 247 7
62 14 6
322 257 6
173 590 5
61 566 6
329 98 6
565 471 7
371 413 1
185 281 6
127 262 6
407 396 5
358 43 6
195 463 5
590 430 1
25 223 6
171 57 6
551 57 3
589 10 4
12 396 7
230 237 4
26 123 4
393 633 5
123 574 7
163 622 5
98 505 7
469 211 3
634 309 6
609 497 1
180 596 5
45 657 7
380 226 4
640 191 6
192 491 6
76 125 1
25 561 4
18 270 7
545 311 2
83 412 6
100 187 4
273 362 2
512 537 3
343 193 4
600 93 1
503 541 3
440 211 2
184 622 1
608 318 3
343 390 6
82 646 6
5 468 4
318 194 6
98 372 5
609 80 3
483 8 3
630 41 2
513 482 4
492 193 6
268 396 1
226 290 2
320 45 3
557 467 1
664 381 2
239 471 2
130 266 7
218 311 2
226 18 6
274 119 6
631 378 6
83 109 2
329 248 3
341 199 3
72 67 6
510 179 6
110 143 7
455 170 7
241 226 1
589 386 4
390 74 7
221 574 4
99 648 4
437 522 6
368 489 4
389 246 5
329 459 6
207 604 7
352 581 3
107 181 3
401 114 3
453 60 4
437 268 5
59 463 2
188 399 2
56 404 2
150 312 7
482 535 7
386 283 4
467 370 3
62 135 3
11 475 7
648 563 5
412 74 7
307 467 7
349 114 2
22 275 4
275 582 7
48 624 3
40 545 3
509 82 4
459 61 3
375 139 7
28 467 2
237 278 2
290 472 7
0 534 7
200 565 2
668 510 5
307 154 5
177 533 1
416 645 2
660 458 1
632 551 5
482 600 6
390 550 2
298 615 7
130 193 1
34 201 4
412 427 7
371 382 5
202 354 5
446 9 4
401 664 2
384 422 2
220 562 2
380 641 1
233 258 2
628 99 5
638 490 4
344 496 1
72 496 1
38 406 5
582 146 5
552 549 1
558 270 7
265 393 3
578 24 1
507 65 5
167 78 4
640 446 6
585 381 4
351 600 7
214 329 7
424 579 5
291 164 2
626 579 2
662 408 5
648 428 1
402 669 6
273 526 5
129 105 1
356 506 2
53 499 1
410 177 2
218 649 2
659 670 4
361 263 5
71 174 7
240 39 1
253 359 4
654 59 5
472 35 2
482 50 2
110 410 6
123 505 5
193 284 5
370 614 1
116 263 2
467 178 5
219 556 4
18 511 5
659 396 1
343 341 6
187 516 3
324 42 3
60 449 2
17 555 3
205 297 3
570 226 2
51 259 7
395 439 5
664 623 6
40 651 6
370 351 4
415 178 2
556 579 6
95 478 6
435 647 2
320 273 5
287 391 4
575 75 6
592 290 2
482 267 6
15 314 3
663 338 3
476 363 7
425 155 7
328 166 7
646 531 6
509 253 2
184 278 5
362 372 3
179 380 2
242 302 2
330 234 1
616 221 6
75 638 7
646 270 3
380 159 6
304 471 4
56 308 5
193 565 6
187 342 7
100 13 6
140 255 7
657 619 2
390 29 2
420 95 5
566 42 4
464 244 4
86 227 6
53 490 5
495 57 7
255 193 5
75 275 2
386 569 6
20 294 1
593 558 5
505 447 6
69 267 6
36 390 1
217 257 5
553 672 4
79 661 7
41 194 3
306 667 5
5 309 6
448 210 3
534 640 3
434 122 4
419 273 3
606 610 7
62 569 1
653 445 3
224 286 3
271 45 3
600 469 2
97 87 6
444 127 2
216 134 2
549 324 5
158 387 4
267 363 2
210 440 4
112 19 5
91 483 1
611 568 4
76 109 4
66 627 6
432 609 1
311 164 5
356 415 1
223 297 4
354 456 2
481 361 3
429 602 2
504 340 4
90 370 6
238 577 2
616 135 4
368 92 1
410 207 2
124 664 7
225 62 6
276 207 1
616 640 7
401 600 2
57 167 2
164 621 5
629 336 6
438 550 5
661 176 5
268 434 4
601 405 5
184 145 4
99 620 3
609 601 4
312 99 5
43 414 5
473 266 4
520 607 3
20 55 6
223 17 4
465 516 1
424 111 5
329 286 3
559 633 5
15 181 7
415 77 2
363 485 1
357 273 2
535 104 6
470 362 6
90 97 7
655 205 5
569 193 5
434 570 1
525 662 3
602 220 3
353 550 3
344 173 6
553 447 2
484 292 7
590 565 7
356 645 1
279 131 5
635 598 5
308 309 1
195 571 1
258 256 2
84 640 3
121 99 6
4 383 2
572 487 2
468 445 6
385 366 4
6 483 4
244 556 5
658 358 2
97 540 4
70 549 2
386 488 7
106 580 6
16 327 7
461 635 5
541 90 3
309 49 6
227 496 2
133 396 7
69 166 1
201 359 4
415 360 7
62 483 6
594 528 4
632 222 3
608 482 7
498 153 6
8 371 7
229 108 3
490 616 6
664 580 4
502 73 4
403 371 5
568 375 3
327 56 5
17 226 2
151 551 4
252 614 6
23 511 6
65 350 7
253 333 1
203 96 5
331 239 2
321 302 1
130 551 4
156 17 1
436 464 1
672 662 2
42 106 4
156 493 1
30 81 3
479 635 4
350 183 1
490 124 5
305 662 2
587 357 7
68 566 6
280 232 7
140 45 1
344 313 4
671 384 6
289 569 6
89 92 1
90 331 1
76 668 4
145 378 6
122 490 7
109 261 7
295 527 7
245 266 1
577 447 2
238 580 2
491 88 2
477 129 2
418 507 7
101 325 3
80 143 6
234 571 1
238 166 6
73 38 1
192 98 5
156 528 6
27 235 1
43 474 5
672 18 2
524 60 2
404 673 7
424 534 4
272 533 7
9 355 4
519 290 1
656 117 5
103 461 1
449 396 2
467 619 1
22 565 4
258 279 6
111 507 7
54 346 3
280 393 4
165 591 5
161 27 2
370 343 6
629 226 1
133 268 2
202 391 6
245 485 1
372 204 3
325 663 3
319 317 6
145 304 3
66 271 4
292 192 7
142 212 1
75 646 3
127 11 5
372 237 2
80 511 7
67 209 1
180 306 4
25 611 2
484 204 5
259 249 1
634 412 3
473 578 1
24 80 4
201 67 3
428 453 2
351 18 4
113 365 5
145 421 3
432 350 3
233 634 4
632 262 3
664 51 5
646 79 5
200 334 5
627 288 6
318 490 6
507 123 2
261 206 1
290 312 6
448 598 7
586 91 7
384 126 5
191 635 1
111 369 5
560 515 1
222 398 6
299 335 6
201 212 4
457 615 5
530 583 6
398 556 1
409 104 7
427 63 2
559 627 2
405 227 4
454 588 7
381 7 4
23 182 5
7 8 6
283 451 1
445 602 2
521 314 7
372 66 3
564 249 6
604 504 3
341 556 5
416 467 4
641 600 1
541 57 7
267 620 5
194 622 5
308 616 7
418 538 2
310 499 4
77 662 1
24 576 6
471 374 2
636 577 4
447 230 3
479 441 6
552 341 4
384 290 2
210 60 6
344 569 1
165 513 4
339 462 6
301 125 5
3 323 6
157 463 3
64 216 5
243 580 5
620 483 5
361 130 4
403 32 7
134 163 5
5 193 4
554 68 4
485 530 2
248 556 4
155 64 3
659 360 4
286 235 1
587 556 5
143 652 4
408 226 6
439 161 6
4 433 5
236 582 3
471 124 2
80 269 4
539 293 3
386 576 7
612 628 5
326 228 4
227 122 7
185 461 4
418 573 5
546 315 5
75 591 1
475 254 2
309 371 5
284 56 5
450 318 6
189 420 3
94 380 6
337 87 5
197 129 5
626 249 6
175 111 7
588 669 1
577 430 1
621 19 3
436 579 5
146 381 3
248 87 7
126 166 5
306 652 6
64 289 6
179 73 7
557 416 4
536 361 6
243 75 2
364 595 5
324 309 2
361 282 4
627 24 7
357 104 7
393 228 1
439 221 4
623 0 2
391 332 2
283 246 7
45 545 7
311 668 1
539 125 2
49 573 7
162 131 2
87 494 1
613 460 5
262 333 4
137 59 1
547 290 2
138 651 4
440 653 6
469 121 7
111 422 7
4 171 4
192 287 7
385 394 5
278 49 4
328 620 1
85 587 7
440 627 7
531 452 4
479 345 5
303 661 6
343 29 2
649 326 6
331 389 7
151 262 5
60 464 7
585 622 4
389 416 4
361 219 1
177 520 6
45 577 5
587 147 2
174 418 4
146 16 5
235 381 1
591 459 3
107 363 6
257 135 1
607 223 7
410 490 1
20 577 7
44 218 1
486 182 7
360 321 3
495 460 5
527 577 6
665 103 3
140 492 4
346 339 1
264 67 6
86 83 1
40 301 7
227 204 1
84 299 3
382 146 1
14 389 7
406 82 2
69 614 4
49 481 2
102 202 7
336 38 4
612 268 5
330 611 6
538 496 1
654 248 7
25 589 7
401 576 2
32 657 4
70 497 3
386 140 4
533 130 6
81 431 7
128 631 2
584 618 1
346 672 1
215 264 5
70 287 6
645 609 7
130 613 1
610 23 5
461 401 4
146 161 6
187 447 3
162 174 5
578 434 1
519 21 2
174 433 7
447 76 7
47 272 6
542 4 4
204 620 2
571 338 2
90 524 1
228 427 7
93 566 5
594 360 6
427 473 6
510 159 4
95 74 3
102 476 2
9 166 3
318 658 4
44 155 5
124 268 7
103 146 3
483 474 2
327 52 3
483 349 6
92 152 5
455 346 6
229 417 4
496 351 4