647 6460 8 86 168 
1 0 6
2 1 4
3 0 4
4 3 2
5 0 8
6 3 8
7 0 1
8 4 7
9 4 1
10 0 1
11 7 3
12 3 8
13 1 5
14 5 5
15 8 3
16 4 5
17 10 8
18 3 7
19 16 5
20 2 5
21 16 6
22 15 3
23 11 5
24 6 6
25 13 8
26 1 1
27 19 1
28 2 2
29 19 2
30 20 4
31 20 7
32 3 2
33 0 6
34 22 2
35 2 7
36 1 2
37 26 2
38 20 8
39 20 8
40 9 2
41 33 7
42 5 6
43 15 1
44 28 1
45 33 8
46 14 2
47 19 4
48 29 6
49 35 2
50 6 3
51 18 6
52 42 5
53 15 8
54 38 7
55 9 4
56 14 8
57 1 4
58 32 8
59 44 5
60 20 6
61 27 6
62 60 1
63 1 4
64 26 5
65 4 1
66 8 5
67 2 4
68 44 1
69 12 8
70 14 4
71 7 1
72 12 4
73 52 6
74 17 2
75 16 8
76 49 6
77 42 1
78 16 6
79 19 2
80 36 7
81 44 4
82 58 8
83 68 8
84 63 4
85 74 3
86 10 8
87 0 7
88 84 7
89 14 6
90 29 2
91 40 7
92 64 5
93 12 3
94 53 8
95 45 5
96 51 3
97 73 7
98 37 4
99 78 8
100 87 5
101 79 6
102 15 2
103 16 8
104 71 2
105 8 1
106 103 4
107 91 2
108 31 3
109 29 7
110 30 3
111 71 4
112 79 3
113 81 7
114 92 1
115 101 8
116 62 2
117 6 7
118 25 8
119 100 7
120 113 7
121 21 4
122 10 6
123 7 6
124 20 6
125 77 4
126 82 3
127 32 1
128 5 7
129 60 7
130 65 4
131 41 7
132 103 6
133 101 4
134 90 4
135 106 8
136 118 5
137 134 3
138 8 8
139 36 8
140 96 4
141 62 4
142 107 4
143 10 5
144 76 6
145 38 6
146 36 3
147 146 1
148 27 6
149 23 6
150 18 1
151 28 8
152 113 5
153 130 5
154 62 3
155 141 5
156 131 5
157 14 1
158 66 6
159 119 4
160 12 7
161 29 5
162 142 3
163 101 2
164 149 1
165 147 8
166 70 2
167 163 4
168 78 6
169 71 3
170 49 3
171 164 6
172 45 6
173 4 1
174 97 4
175 22 3
176 83 8
177 104 3
178 65 5
179 57 5
180 175 7
181 12 7
182 177 2
183 21 4
184 161 3
185 23 2
186 69 1
187 74 3
188 75 8
189 5 8
190 86 8
191 180 7
192 65 1
193 140 5
194 163 5
195 158 7
196 71 7
197 61 1
198 94 7
199 121 6
200 99 1
201 190 5
202 64 2
203 117 1
204 30 2
205 74 6
206 51 3
207 172 8
208 123 8
209 67 8
210 146 4
211 192 3
212 110 1
213 20 4
214 175 5
215 109 8
216 207 4
217 20 3
218 56 1
219 146 7
220 63 7
221 171 6
222 75 6
223 85 4
224 138 7
225 197 7
226 2 5
227 128 3
228 135 4
229 45 3
230 222 1
231 113 4
232 140 6
233 206 6
234 212 5
235 178 8
236 55 7
237 134 4
238 143 6
239 17 1
240 212 7
241 142 7
242 138 7
243 126 7
244 142 8
245 184 4
246 164 3
247 107 7
248 76 6
249 201 3
250 162 4
251 100 5
252 159 5
253 222 7
254 222 5
255 103 3
256 92 8
257 164 8
258 80 2
259 49 1
260 2 1
261 83 3
262 97 1
263 68 7
264 30 5
265 174 7
266 156 4
267 232 5
268 171 6
269 91 7
270 121 1
271 78 8
272 104 2
273 52 2
274 66 2
275 214 5
276 164 1
277 70 4
278 229 3
279 34 4
280 76 3
281 39 5
282 23 1
283 176 6
284 47 1
285 188 5
286 122 3
287 19 5
288 177 7
289 210 2
290 269 5
291 99 3
292 174 3
293 204 4
294 240 5
295 48 3
296 98 4
297 64 4
298 54 5
299 65 6
300 166 5
301 267 2
302 237 7
303 40 5
304 72 7
305 101 4
306 44 1
307 24 5
308 19 5
309 91 3
310 197 3
311 49 6
312 68 7
313 243 4
314 172 7
315 141 4
316 194 8
317 86 1
318 247 1
319 87 5
320 115 4
321 206 1
322 287 6
323 41 4
324 38 1
325 66 2
326 313 2
327 214 5
328 167 5
329 29 2
330 134 3
331 215 2
332 273 5
333 52 1
334 211 4
335 34 1
336 53 3
337 135 5
338 209 6
339 6 1
340 303 8
341 273 8
342 320 8
343 186 4
344 4 4
345 172 7
346 210 8
347 317 3
348 194 2
349 147 5
350 163 5
351 132 5
352 2 5
353 62 2
354 288 1
355 65 4
356 54 1
357 198 5
358 24 1
359 232 3
360 116 7
361 128 1
362 173 5
363 87 4
364 341 8
365 84 3
366 273 3
367 158 3
368 181 8
369 146 8
370 255 3
371 268 4
372 259 7
373 312 3
374 130 8
375 308 8
376 343 5
377 339 6
378 308 8
379 188 7
380 311 2
381 131 8
382 257 4
383 225 8
384 138 8
385 124 3
386 219 7
387 199 5
388 383 1
389 286 8
390 42 5
391 378 7
392 293 1
393 200 1
394 126 5
395 68 4
396 16 2
397 0 5
398 203 1
399 334 3
400 188 5
401 324 2
402 98 5
403 320 4
404 77 6
405 358 1
406 378 4
407 45 4
408 255 7
409 332 3
410 55 4
411 335 2
412 245 5
413 25 2
414 118 8
415 366 7
416 411 6
417 185 7
418 50 2
419 176 6
420 93 4
421 170 5
422 234 2
423 171 6
424 45 7
425 47 4
426 139 5
427 326 3
428 84 1
429 290 3
430 171 6
431 19 3
432 82 7
433 316 3
434 330 5
435 424 8
436 126 1
437 250 3
438 236 4
439 172 1
440 143 6
441 57 8
442 431 3
443 362 5
444 172 3
445 237 6
446 101 2
447 6 1
448 193 6
449 72 7
450 134 7
451 355 4
452 124 8
453 430 3
454 333 2
455 14 3
456 436 3
457 265 7
458 86 6
459 363 1
460 272 5
461 19 2
462 73 6
463 323 3
464 162 7
465 341 4
466 465 7
467 274 7
468 109 7
469 70 5
470 454 4
471 399 8
472 148 2
473 75 2
474 80 4
475 421 5
476 355 4
477 52 7
478 361 7
479 316 5
480 444 1
481 392 1
482 261 8
483 120 1
484 234 2
485 73 8
486 166 6
487 290 8
488 117 6
489 286 5
490 419 3
491 408 5
492 464 1
493 414 3
494 415 8
495 151 5
496 212 7
497 159 8
498 490 1
499 102 6
500 37 5
501 328 2
502 219 4
503 437 5
504 254 8
505 45 6
506 247 7
507 389 2
508 326 7
509 8 1
510 218 8
511 358 6
512 362 7
513 347 2
514 147 4
515 69 8
516 488 1
517 298 3
518 233 8
519 265 8
520 445 6
521 264 2
522 300 7
523 347 4
524 17 8
525 189 7
526 397 2
527 293 3
528 268 6
529 66 5
530 121 7
531 136 6
532 443 7
533 527 7
534 527 4
535 168 2
536 71 5
537 135 2
538 92 2
539 449 8
540 3 7
541 503 7
542 333 4
543 266 8
544 215 6
545 260 2
546 100 8
547 530 4
548 342 8
549 163 3
550 211 2
551 383 8
552 299 8
553 471 1
554 123 3
555 241 5
556 247 7
557 233 5
558 110 4
559 61 5
560 385 5
561 290 3
562 151 3
563 164 6
564 187 6
565 239 1
566 53 6
567 367 7
568 260 2
569 89 2
570 146 1
571 221 5
572 8 2
573 479 7
574 445 8
575 422 8
576 75 6
577 260 1
578 68 8
579 174 6
580 445 6
581 205 3
582 170 2
583 144 1
584 156 3
585 436 8
586 2 1
587 519 3
588 327 1
589 125 2
590 78 1
591 493 2
592 185 6
593 8 1
594 39 8
595 345 3
596 37 3
597 395 2
598 233 6
599 113 2
600 555 7
601 154 2
602 168 6
603 188 3
604 356 1
605 86 6
606 536 2
607 489 5
608 397 3
609 33 1
610 561 1
611 293 6
612 159 5
613 549 8
614 236 3
615 133 2
616 524 1
617 417 1
618 369 5
619 119 8
620 570 8
621 99 1
622 616 1
623 577 4
624 462 4
625 593 4
626 32 3
627 434 1
628 365 6
629 151 7
630 86 2
631 274 6
632 547 4
633 366 2
634 486 8
635 109 3
636 227 6
637 380 7
638 456 3
639 245 1
640 617 1
641 34 3
642 282 6
643 318 6
644 17 8
645 618 3
646 64 5
254 192 2
34 425 3
374 222 8
541 624 6
164 290 3
143 122 5
625 609 3
599 221 1
139 351 1
72 327 8
106 264 7
625 204 2
58 282 6
564 59 8
294 534 4
415 48 8
370 124 4
304 375 1
288 216 6
484 579 4
250 497 2
439 163 3
295 502 2
338 424 2
118 450 4
258 451 6
33 186 6
564 423 7
247 227 6
15 234 2
64 495 4
227 302 6
138 190 2
155 360 5
424 543 1
223 622 1
540 615 4
302 148 8
534 433 5
19 419 1
354 202 6
52 341 4
330 155 8
401 308 5
258 11 6
291 541 2
357 301 8
97 236 3
61 562 3
22 328 7
406 144 3
507 545 4
589 78 7
217 618 3
345 197 7
572 50 6
380 292 1
391 615 6
221 245 4
143 146 2
265 190 6
437 244 1
483 630 6
44 574 3
284 40 3
510 110 5
328 643 8
561 637 8
184 465 6
441 254 4
302 35 1
565 70 1
512 614 2
568 137 7
349 44 8
407 338 6
548 461 5
646 90 4
505 429 6
229 55 7
302 466 3
111 550 8
433 199 2
546 535 4
107 33 7
420 174 7
439 268 6
421 24 1
483 404 3
577 318 2
390 339 5
570 646 2
279 565 7
280 588 5
406 402 2
218 233 8
339 197 4
101 547 7
214 644 7
641 62 4
441 288 4
584 228 7
559 362 2
473 210 4
10 514 2
534 369 7
4 262 5
173 532 6
303 500 1
272 95 2
458 626 3
509 477 6
257 600 8
550 343 2
550 637 1
430 585 3
448 637 1
521 2 8
488 82 1
580 405 1
174 511 7
0 303 7
499 395 4
395 386 5
443 355 7
433 621 1
556 273 3
640 249 8
563 51 5
563 227 2
632 128 5
611 319 8
142 196 2
194 636 7
307 414 8
243 457 8
359 80 6
481 59 5
546 146 3
446 89 8
150 646 5
49 11 3
351 586 1
396 515 3
35 352 1
367 268 5
591 207 2
534 625 4
552 389 8
180 635 1
260 128 5
232 284 3
110 335 7
333 402 6
302 154 2
631 231 7
423 82 4
288 631 3
302 599 8
285 328 4
121 296 8
605 5 7
89 419 3
195 475 5
623 273 5
440 254 4
288 498 5
339 427 2
131 463 4
578 346 1
273 36 6
173 482 7
90 526 1
181 244 7
271 300 8
268 69 7
628 358 3
316 48 5
175 490 8
79 462 3
558 605 6
154 336 4
195 622 1
169 239 7
305 564 2
512 471 1
375 458 3
36 530 6
571 285 4
481 320 1
475 256 6
254 187 3
273 615 8
230 416 4
44 415 4
485 46 5
300 503 1
646 516 7
184 470 7
500 411 6
388 620 7
97 453 1
443 196 3
102 271 8
173 576 7
258 123 5
618 513 4
245 274 7
273 75 1
267 609 8
162 277 3
247 232 4
16 26 1
434 306 1
479 617 5
616 538 7
432 630 5
121 284 4
116 413 5
189 459 7
65 167 4
280 576 6
182 617 4
501 505 5
407 227 7
72 372 4
616 457 4
600 245 6
423 561 2
387 591 2
546 119 8
158 389 3
185 40 6
250 414 1
460 448 3
591 450 8
94 72 4
295 167 8
315 157 6
138 574 8
394 462 5
115 580 3
472 283 6
108 386 2
476 182 5
123 57 7
591 505 3
269 304 5
88 53 4
577 89 2
356 582 2
378 557 8
483 588 6
244 569 6
426 263 7
232 471 6
96 513 6
366 123 4
305 47 2
434 488 7
343 417 3
18 332 8
117 318 3
580 233 5
506 574 6
467 560 7
67 425 5
431 49 3
140 418 1
309 540 8
426 629 5
512 292 1
549 13 3
49 530 6
365 390 7
91 250 8
383 356 5
190 386 1
167 550 4
160 353 8
238 502 3
236 535 3
24 463 8
228 423 3
490 627 4
222 192 4
642 428 6
159 9 8
60 36 2
629 102 2
212 446 7
449 84 7
197 397 6
573 637 2
114 435 3
159 91 5
183 148 5
534 522 3
195 278 2
600 208 4
306 462 3
130 516 6
480 496 7
182 593 1
541 115 3
207 395 1
131 29 3
454 204 1
23 374 8
540 244 6
9 619 2
237 107 8
618 314 2
46 571 5
540 473 5
282 382 5
578 505 5
311 563 4
547 257 6
545 330 7
37 279 6
141 127 2
209 539 3
618 521 4
26 177 3
185 531 8
632 589 2
248 183 8
320 617 7
534 393 3
127 343 6
191 223 7
591 384 2
526 466 8
294 411 1
296 246 5
490 228 3
154 388 3
258 250 1
198 496 6
124 208 2
433 583 7
349 163 1
116 475 7
345 220 7
250 2 5
322 503 5
156 273 7
644 587 6
312 301 6
466 545 7
430 434 7
210 637 1
595 75 5
489 239 6
320 630 5
239 315 2
5 494 2
593 585 7
173 249 1
327 307 1
357 391 3
202 182 3
607 533 2
385 519 4
4 323 5
631 128 8
226 526 3
123 607 2
583 601 8
301 551 8
42 325 1
316 401 7
441 325 1
531 35 4
298 532 4
380 336 2
86 62 3
258 330 2
582 504 6
343 503 6
360 151 2
569 621 4
86 422 4
83 95 8
605 354 4
281 179 3
599 519 8
67 69 4
617 405 6
481 621 4
528 305 6
192 450 2
497 518 4
263 417 4
542 367 4
551 503 7
474 89 4
205 85 3
611 157 5
474 124 6
110 532 6
16 10 4
245 195 2
41 491 3
505 122 2
262 387 3
425 65 3
260 278 6
430 172 3
151 93 3
557 187 3
376 479 7
488 517 3
111 202 1
178 154 5
596 56 8
414 435 7
303 316 6
350 111 7
420 26 1
453 106 6
529 180 4
263 566 2
94 624 6
497 155 5
303 55 2
191 603 4
439 39 1
242 1 2
115 626 3
3 566 6
492 497 7
89 157 5
124 110 4
62 141 3
620 252 6
490 141 3
357 267 3
627 342 7
598 580 1
558 364 8
275 148 3
259 75 1
35 214 8
207 126 4
356 359 4
24 498 6
621 232 1
222 154 7
529 322 3
12 109 8
575 212 1
44 274 4
515 330 1
539 502 5
108 265 1
457 197 2
256 226 5
246 231 6
342 587 3
127 42 1
593 486 5
132 96 7
157 179 4
254 598 8
326 292 1
359 589 2
204 36 7
316 60 4
254 524 6
579 343 5
224 242 5
439 536 3
231 116 4
39 76 6
279 491 4
641 426 8
278 478 2
283 405 3
556 462 7
525 19 3
217 26 5
166 390 1
193 300 7
364 640 2
635 237 7
516 466 1
473 507 1
486 449 6
469 30 1
630 488 4
218 63 3
126 75 7
83 56 8
14 380 2
349 209 7
70 603 8
450 625 1
251 23 1
487 403 1
192 32 6
484 271 2
556 59 6
585 39 4
644 388 1
250 589 3
302 386 7
294 449 2
424 365 4
550 600 1
4 475 6
303 212 1
584 170 4
76 73 4
426 83 4
67 642 8
274 401 2
416 90 1
549 256 3
183 592 8
128 428 2
114 156 1
153 111 4
244 582 6
6 611 6
46 475 1
118 563 8
36 168 1
176 478 7
501 491 3
83 595 6
126 137 3
237 400 3
614 411 1
327 465 7
6 116 1
143 333 4
628 431 6
518 55 6
143 183 6
345 468 7
492 207 2
262 432 8
468 15 4
319 490 6
574 175 7
351 88 8
34 571 7
58 82 6
604 641 6
629 620 2
186 243 6
413 300 5
382 327 3
20 77 7
217 525 4
24 574 8
105 375 4
132 520 5
495 501 1
188 482 2
62 100 7
625 51 6
461 283 4
97 229 1
25 375 4
386 301 4
303 284 7
226 322 3
135 585 3
162 627 5
619 223 3
530 586 3
256 642 6
520 583 2
626 19 5
536 394 4
233 69 3
618 432 7
419 162 6
556 399 6
602 421 4
410 567 7
2 213 2
625 552 7
376 636 7
470 635 1
505 415 5
100 61 5
110 241 1
192 343 5
135 169 8
508 543 1
533 437 4
486 79 5
575 278 4
295 355 2
595 338 2
186 168 4
150 611 7
7 8 2
134 382 7
242 501 3
518 194 3
96 540 7
23 585 4
572 63 2
475 183 7
128 556 4
20 312 3
493 244 7
309 620 6
462 261 1
286 619 6
230 65 4
458 24 1
40 330 4
318 102 8
646 609 1
338 608 6
94 62 8
195 568 7
366 535 2
417 71 6
102 10 4
622 543 8
140 431 2
165 505 8
480 393 3
59 22 5
397 393 8
55 74 4
186 619 2
349 231 4
646 99 2
3 480 5
339 426 4
460 207 4
337 302 5
49 637 6
66 268 4
97 227 6
373 81 6
23 490 4
474 35 5
392 117 8
123 597 4
639 236 4
227 398 4
164 315 5
139 247 3
503 205 5
160 114 3
215 609 2
21 411 4
616 412 6
212 142 2
584 565 3
52 270 8
590 485 2
53 3 3
471 111 6
532 28 3
282 292 4
234 427 3
591 75 3
113 297 7
524 153 1
181 317 7
71 405 2
196 447 1
605 287 7
615 38 4
237 129 5
504 438 1
467 562 6
267 412 4
362 624 8
333 180 8
253 152 6
478 442 1
384 197 8
462 546 1
554 485 1
196 149 5
532 91 3
302 46 5
559 270 7
447 189 4
323 605 3
164 200 5
89 605 5
58 51 1
148 309 6
90 122 5
319 291 6
104 399 8
501 196 3
160 248 3
503 580 2
204 434 2
175 155 2
53 8 1
4 229 2
18 475 7
540 363 6
23 529 2
406 28 6
301 578 6
319 318 8
18 158 5
157 423 2
426 586 5
606 283 5
131 419 1
487 624 3
495 35 1
71 453 3
295 226 8
1 124 6
517 641 5
183 79 5
128 289 8
48 46 4
99 523 4
19 546 5
341 115 2
327 435 4
338 483 5
389 270 3
72 58 4
332 529 5
27 202 7
101 515 7
523 514 5
363 369 4
482 355 3
455 321 4
202 183 1
290 90 1
168 262 3
272 166 5
69 281 1
427 429 8
54 480 7
394 172 7
353 205 2
40 604 6
587 151 5
198 24 3
368 65 1
374 297 4
620 495 8
0 516 4
135 339 2
566 156 8
330 350 5
357 470 6
208 12 3
91 157 5
391 361 1
146 27 6
8 27 2
93 163 2
482 202 2
630 218 8
413 146 5
305 387 1
295 579 2
361 390 5
262 74 4
486 609 4
427 176 4
391 254 8
599 457 8
221 303 3
519 549 5
0 210 6
482 160 6
549 63 3
640 355 7
438 357 1
622 76 7
179 452 4
245 279 6
492 146 5
390 300 8
300 193 2
13 248 3
512 566 2
626 44 5
166 601 8
631 157 1
404 516 1
403 88 1
235 352 4
546 603 7
566 86 3
8 486 4
513 292 3
117 16 1
227 444 5
596 562 5
625 303 3
588 589 5
221 432 8
596 41 7
397 14 3
149 104 2
460 336 3
624 403 4
142 347 1
121 374 7
1 244 4
645 16 2
182 95 2
369 154 3
489 245 3
14 307 8
216 642 4
140 624 4
548 245 8
110 596 2
110 147 6
37 315 5
640 127 7
476 143 4
188 357 1
44 54 2
10 384 4
106 626 3
362 585 1
576 561 5
503 230 3
425 280 7
544 553 4
587 593 3
630 429 7
297 505 8
405 565 6
351 347 2
602 479 2
247 103 2
531 536 1
60 261 8
140 496 3
231 69 8
208 599 6
206 645 5
589 433 6
50 89 2
408 526 3
353 545 4
512 580 2
446 496 6
545 579 1
455 251 8
348 578 6
304 278 6
468 455 1
410 536 5
309 97 1
117 316 7
55 15 3
537 165 7
150 46 7
429 477 7
291 155 6
55 564 7
85 294 4
110 603 5
447 71 8
516 309 4
639 553 4
442 104 2
621 177 7
192 425 1
101 525 8
247 428 1
391 162 3
543 354 8
477 111 3
89 516 2
554 414 5
236 328 8
102 274 2
208 481 8
43 231 6
148 459 3
367 12 1
126 20 7
602 218 8
500 395 8
75 395 1
220 540 8
306 551 1
495 298 2
628 18 2
56 462 3
308 608 8
456 282 7
550 181 7
242 57 4
458 486 3
160 452 4
136 259 1
183 456 6
503 227 3
366 266 1
483 610 7
529 559 2
527 374 4
297 142 7
127 268 6
272 238 7
353 484 8
642 443 3
119 311 8
126 83 4
639 585 6
439 447 7
251 518 8
11 223 4
172 262 8
553 202 5
357 266 7
18 162 4
145 562 6
510 170 6
159 520 8
510 526 1
395 629 6
136 397 6
180 381 7
494 295 3
129 63 7
474 481 4
129 308 2
86 255 5
344 435 3
202 50 4
205 508 2
258 486 5
42 338 5
124 399 4
362 185 2
376 44 1
601 397 8
370 413 7
609 86 6
359 120 2
33 139 4
246 573 6
97 282 4
20 206 5
390 306 1
315 352 6
391 131 4
30 605 2
338 520 5
10 496 4
367 639 1
179 172 2
39 117 1
403 123 4
193 449 6
533 123 6
629 80 3
342 364 3
296 415 1
227 20 7
270 380 2
580 71 6
435 26 7
82 31 5
265 635 3
358 631 1
245 621 6
385 452 1
297 139 6
65 446 1
479 40 7
387 276 3
485 270 7
609 448 7
371 387 3
645 284 1
509 396 4
625 41 8
442 94 8
547 289 4
509 272 3
56 594 6
400 2 4
25 515 5
298 225 5
362 507 6
571 387 5
144 44 5
432 64 1
398 623 8
608 460 8
563 375 7
469 371 5
537 385 8
215 542 7
611 195 7
511 455 4
212 109 5
332 598 6
210 362 4
600 144 6
475 276 8
380 203 2
131 615 1
135 141 7
229 48 8
78 527 7
411 566 5
44 469 6
538 32 6
299 393 6
162 520 5
178 312 1
351 68 4
164 608 8
259 347 5
189 589 6
225 278 6
57 181 4
463 216 5
339 38 1
65 285 5
504 473 6
531 425 1
416 96 3
642 122 2
252 204 5
559 467 2
411 228 6
460 156 7
19 180 7
642 595 8
154 290 7
384 13 6
604 3 4
398 49 5
168 592 2
104 610 8
64 9 4
508 376 2
533 480 6
517 47 1
527 169 4
332 225 8
437 5 4
45 364 7
427 300 5
415 345 5
186 27 2
361 202 7
377 630 2
508 73 6
312 547 8
427 202 4
387 76 2
446 347 5
544 424 1
349 351 4
247 517 4
138 259 4
226 379 8
434 21 3
545 297 7
527 473 6
509 159 3
87 178 2
447 323 8
363 414 2
366 468 5
83 443 2
134 142 8
286 287 1
169 219 1
574 151 1
118 301 2
0 348 5
30 528 4
26 49 7
513 278 4
618 520 3
639 516 8
192 16 8
401 180 2
33 498 3
289 570 1
581 518 7
441 447 4
148 130 7
260 532 3
140 474 3
582 530 6
252 186 2
627 333 4
546 84 2
187 152 2
559 547 4
98 112 5
437 119 1
229 185 1
400 219 4
503 486 4
298 275 1
386 595 4
111 113 7
326 190 8
132 104 1
28 48 2
247 465 8
452 466 1
127 621 5
540 390 3
511 90 8
314 225 7
360 604 8
49 416 1
332 291 8
592 457 6
252 354 1
352 172 3
480 99 8
582 605 4
340 222 2
561 98 7
223 629 4
16 87 3
246 148 8
135 31 6
241 375 3
281 250 6
371 431 4
622 313 1
93 309 3
451 120 2
358 166 4
359 443 8
555 374 3
641 372 2
505 273 6
551 285 7
278 499 5
577 436 3
368 282 4
560 180 6
54 336 7
260 641 1
553 271 4
71 577 6
116 96 7
279 194 5
71 322 2
438 575 3
471 194 8
201 504 4
167 403 6
215 221 4
473 263 7
160 255 2
177 441 1
589 128 8
133 483 5
148 411 1
333 288 3
162 177 5
469 197 8
29 248 4
518 522 2
254 424 8
519 371 6
347 337 3
278 51 6
475 439 6
166 154 8
505 6 8
298 280 5
511 341 6
419 346 7
59 518 6
361 253 6
562 639 8
339 256 2
287 80 2
536 242 7
255 524 1
254 530 8
626 364 2
47 518 8
559 10 8
370 638 2
558 40 2
408 583 4
337 638 6
118 510 6
327 598 3
402 284 4
204 252 5
374 77 6
219 602 6
413 534 5
121 310 6
448 199 3
27 485 2
566 586 1
238 552 6
533 100 7
251 380 2
576 127 3
251 629 4
179 534 7
599 1 5
212 259 6
505 409 4
536 246 2
321 370 4
550 330 5
52 399 7
620 43 5
365 129 3
238 624 3
311 98 3
281 186 6
120 622 7
90 96 4
273 543 5
131 379 2
215 295 3
600 456 3
487 621 1
503 67 6
193 397 3
592 466 1
535 541 1
373 466 7
628 289 8
646 81 6
500 56 6
625 74 2
564 560 5
603 116 1
317 190 1
346 162 8
548 377 8
490 157 7
385 89 6
566 57 6
435 226 6
627 442 7
56 103 7
116 248 1
641 342 1
316 613 2
549 536 5
397 466 7
218 425 1
410 15 1
20 566 7
457 568 6
208 632 1
436 115 7
464 422 2
600 25 7
94 54 8
217 508 4
636 389 2
206 79 5
39 202 5
91 206 7
537 200 1
198 34 2
467 371 7
622 158 4
225 81 1
166 209 6
490 51 6
98 358 8
607 198 8
562 366 4
106 392 7
414 424 1
357 578 8
233 645 6
170 380 8
225 618 5
14 88 4
612 232 8
428 369 2
449 334 6
239 267 6
244 451 3
602 118 1
158 599 1
331 631 6
618 342 4
631 156 5
288 445 2
342 518 3
270 537 3
560 409 1
2 436 8
464 382 6
43 319 8
146 188 2
324 177 7
233 640 2
548 492 6
545 349 8
255 7 7
373 12 7
313 536 7
40 249 3
101 355 5
496 471 1
231 214 7
548 349 8
495 515 4
252 626 6
29 508 7
92 624 5
149 576 3
167 211 6
365 535 4
330 483 7
7 591 8
639 311 3
20 95 2
500 548 3
553 558 8
442 393 2
286 34 8
71 459 5
158 434 6
199 429 5
406 101 5
481 126 6
584 58 7
214 51 6
294 537 2
518 148 7
22 557 7
481 624 7
240 184 6
457 393 2
35 510 5
37 170 4
140 445 7
367 414 1
147 200 2
35 473 5
240 234 7
337 484 3
86 80 5
442 305 4
123 360 5
242 283 8
82 246 2
482 96 7
574 492 8
217 382 1
283 296 4
463 592 8
454 122 2
388 20 8
618 435 2
105 67 1
498 124 6
193 72 4
415 560 4
357 497 1
29 59 5
155 216 3
332 28 8
337 33 5
554 382 8
176 529 2
166 315 7
498 83 4
153 315 1
374 248 3
500 481 2
569 500 1
368 590 8
479 475 2
339 46 2
95 207 5
195 614 5
580 311 3
164 285 5
23 478 6
594 63 5
122 337 6
444 257 8
72 307 5
405 19 6
556 202 1
293 151 2
28 509 7
40 210 8
99 577 8
152 399 2
74 484 3
264 445 5
125 279 2
353 616 6
250 552 6
540 346 5
376 361 5
320 199 1
429 571 2
397 279 8
79 360 3
600 584 1
497 392 7
456 42 3
421 192 4
139 148 6
342 567 1
164 599 5
608 328 4
51 418 3
118 330 8
415 68 1
587 173 7
321 478 4
125 159 7
50 195 4
15 627 3
89 271 5
114 224 4
344 378 6
277 394 5
69 102 2
320 305 1
449 147 8
498 566 3
419 389 2
78 426 2
539 283 4
216 52 5
36 269 4
459 629 8
149 490 5
236 284 1
243 314 4
108 364 4
551 495 8
430 508 1
516 425 2
100 378 2
72 63 4
192 326 2
234 3 2
420 137 1
194 428 2
515 449 3
6 460 4
549 166 8
366 590 5
124 552 2
523 415 7
597 394 2
250 619 8
236 416 6
573 374 2
84 392 4
175 369 5
525 553 7
466 150 5
187 226 3
578 497 8
523 530 5
230 328 3
35 198 6
45 123 1
575 342 1
382 106 6
587 230 6
258 553 3
487 526 5
154 400 2
547 30 3
140 432 4
411 108 6
354 267 1
475 150 1
642 434 4
231 129 3
122 165 5
459 29 7
292 206 3
454 85 4
448 27 2
410 172 3
24 439 7
304 157 8
498 425 1
271 231 1
249 379 4
476 545 2
106 510 7
357 324 5
415 203 8
489 130 8
120 263 3
500 629 6
294 309 6
616 143 4
441 116 7
180 238 5
148 216 7
411 164 7
280 21 3
131 341 2
74 224 3
556 91 4
49 355 3
171 25 2
323 167 7
430 335 7
470 313 2
439 522 8
25 70 4
65 470 2
202 13 6
93 561 6
611 264 3
130 631 6
466 71 1
614 401 6
473 218 6
283 193 3
5 1 8
481 376 3
56 129 3
457 608 4
597 113 6
441 114 4
611 474 6
621 500 1
602 156 2
607 353 5
37 336 8
101 244 8
265 562 8
622 177 4
273 463 6
82 147 5
118 146 1
474 542 4
371 155 4
88 101 1
110 614 1
149 209 3
440 542 2
556 599 1
322 403 4
394 327 2
556 311 8
580 116 5
23 383 4
19 389 1
471 317 8
164 629 3
347 80 2
462 618 3
451 19 6
426 47 6
577 597 2
420 298 4
299 440 6
130 384 4
579 52 6
22 400 3
33 439 5
327 107 8
25 338 7
25 240 2
54 221 7
202 537 3
627 105 5
75 521 5
336 378 7
88 370 8
644 71 4
228 394 7
93 293 8
221 461 2
172 319 3
63 407 4
346 315 2
358 310 3
45 46 2
189 161 7
608 51 7
317 618 2
479 571 5
556 319 7
158 145 7
524 243 1
554 312 1
129 167 2
528 335 7
415 612 4
503 88 2
401 482 6
128 158 3
369 412 6
613 228 3
483 612 5
110 480 4
202 285 3
507 596 6
440 451 2
1 150 5
133 153 4
205 141 7
92 105 4
342 632 8
112 187 4
167 40 3
177 519 8
612 230 1
277 625 5
97 348 4
42 452 2
410 444 7
323 82 5
204 431 5
187 314 2
351 364 7
255 273 1
348 284 7
396 152 2
279 644 7
436 375 8
258 294 7
606 367 5
481 47 2
107 274 7
205 533 8
122 11 3
114 381 1
462 85 2
214 457 1
32 335 1
627 644 8
172 480 7
133 626 3
317 395 2
210 364 5
147 266 4
538 294 1
348 335 2
347 473 3
380 133 4
398 605 3
141 235 1
527 237 2
133 572 4
509 420 8
196 519 2
51 617 7
623 133 5
182 525 2
343 259 6
56 162 5
453 249 3
445 550 1
205 500 7
299 183 8
9 550 8
406 313 3
155 539 6
223 319 6
521 372 6
96 250 4
40 292 1
555 336 8
69 436 8
534 6 2
1 384 1
151 567 2
294 295 2
271 357 8
463 391 8
64 561 3
610 577 5
55 445 7
273 415 2
366 432 5
363 348 4
187 592 1
418 551 4
573 303 5
195 146 8
545 618 1
419 527 6
228 442 2
246 146 8
70 249 4
437 397 1
496 456 1
262 146 4
77 504 4
6 481 3
245 327 8
362 238 4
115 7 7
380 319 3
162 152 7
239 482 3
64 646 7
5 143 3
508 110 8
365 228 3
196 450 3
630 112 3
172 270 2
176 319 1
614 512 3
279 425 2
49 138 5
46 38 8
282 203 6
305 176 2
470 390 2
245 155 4
486 636 5
426 101 8
241 136 5
413 307 8
602 50 1
404 108 2
35 75 1
358 223 7
613 319 5
638 623 4
466 523 4
258 122 7
644 636 2
350 535 5
612 164 3
206 49 1
74 203 3
419 583 7
621 228 6
602 349 7
395 0 4
199 508 3
624 384 8
146 102 1
101 59 4
127 302 2
405 267 5
634 508 7
229 417 6
602 179 7
13 372 2
230 609 3
568 476 7
435 418 8
239 323 6
552 99 7
321 233 1
136 270 6
198 604 8
611 442 7
403 281 6
542 412 8
239 294 2
151 55 6
440 63 7
573 382 5
268 146 4
342 182 2
475 561 7
268 231 1
407 408 4
287 252 3
364 319 3
23 65 2
74 354 7
266 392 4
130 412 6
502 295 3
517 178 1
37 457 2
356 355 2
207 581 1
251 538 4
615 585 3
34 337 8
74 422 2
578 526 7
233 442 8
82 629 2
164 350 8
435 380 5
180 468 8
603 429 5
413 103 6
384 366 1
398 641 6
553 451 6
424 559 4
357 503 8
491 206 7
499 526 5
93 65 6
566 276 5
52 638 1
445 564 7
164 48 2
126 118 8
482 528 5
178 25 6
536 47 7
356 152 1
422 588 8
419 152 5
479 46 7
341 549 4
448 52 2
352 122 8
264 139 7
431 97 8
514 602 1
621 25 5
490 165 5
420 365 1
186 613 5
624 559 2
119 338 2
624 448 1
643 391 4
344 591 3
389 436 4
591 426 4
496 407 1
52 154 3
585 7 7
646 470 6
221 536 4
240 580 7
231 245 2
63 42 1
76 315 3
268 222 5
170 445 7
443 352 8
434 540 1
54 540 5
127 264 5
350 527 1
632 56 7
190 531 4
458 31 5
454 188 1
418 146 7
73 115 1
524 316 8
462 480 4
72 31 7
466 386 3
509 481 8
338 275 5
548 198 3
422 478 2
544 555 5
395 476 1
145 498 2
454 266 2
363 400 5
377 289 2
332 133 4
280 483 1
118 329 3
444 446 7
316 289 2
297 46 4
613 265 6
112 314 8
155 230 6
463 504 5
491 447 3
38 110 8
633 446 1
429 589 5
49 385 2
326 155 7
155 396 2
152 174 7
139 401 7
613 351 8
221 237 7
462 18 6
194 411 5
592 356 5
129 346 3
163 380 2
157 140 3
587 254 4
465 591 2
478 372 6
302 644 5
192 560 2
296 590 5
364 120 2
212 438 6
259 244 2
591 358 1
201 97 3
185 602 6
456 628 7
242 254 3
110 325 1
322 116 3
161 15 6
303 481 1
406 524 5
149 196 5
294 389 8
146 78 3
284 16 4
626 124 5
132 447 7
440 197 3
346 322 4
204 385 5
468 507 3
505 25 8
290 188 4
163 257 1
231 285 6
591 424 6
627 223 7
379 614 1
462 139 7
120 578 6
392 125 3
508 496 2
160 152 3
26 544 4
285 172 5
322 445 2
444 516 7
639 82 7
390 71 3
106 138 1
507 382 8
60 478 3
66 417 1
284 411 8
412 487 8
210 27 7
490 305 1
466 437 6
368 426 4
152 261 7
32 26 3
252 419 1
586 575 1
530 590 8
579 267 1
143 553 1
280 374 8
504 185 6
94 159 1
292 437 5
555 47 7
341 89 3
293 266 6
31 568 3
374 32 3
200 339 4
116 164 8
432 236 6
537 203 2
249 144 3
287 520 2
551 345 2
18 252 4
212 312 4
107 398 8
394 92 6
488 9 1
383 143 5
332 611 4
140 55 6
620 49 2
481 286 3
27 637 6
135 254 2
207 458 6
135 320 3
580 475 6
345 47 6
439 560 6
255 478 8
559 190 2
551 299 3
334 125 8
43 238 6
440 117 4
575 518 2
168 425 8
24 554 8
520 636 4
347 563 1
250 496 8
55 383 2
33 143 3
30 441 1
19 518 5
608 245 2
484 423 7
277 272 7
423 277 4
382 56 3
368 308 5
402 595 8
262 342 6
19 376 3
373 4 2
583 94 2
101 342 1
603 595 2
541 47 1
161 435 5
644 178 5
179 351 3
514 594 5
244 261 2
235 455 5
547 69 4
105 343 1
618 170 4
89 382 8
198 506 2
469 489 2
341 337 4
488 2 8
296 341 2
101 450 8
399 1 1
70 3 4
453 80 8
608 248 7
354 240 4
538 610 5
609 196 3
438 150 4
217 189 6
507 116 1
330 0 1
345 625 3
236 420 2
413 89 1
301 463 8
533 172 1
410 481 6
280 287 4
330 438 5
529 301 1
460 345 8
54 100 8
243 326 7
46 359 8
609 55 7
39 459 3
603 196 2
589 373 4
448 567 2
29 170 8
95 587 5
158 194 6
643 50 2
313 345 8
561 613 4
171 224 1
548 512 7
612 199 8
68 532 4
104 406 1
147 332 1
60 295 5
186 502 5
494 564 2
392 521 3
600 227 7
506 289 6
347 460 8
181 611 4
585 391 3
334 510 1
541 423 7
150 635 7
505 169 6
144 50 4
164 372 5
310 523 6
37 125 1
94 453 4
145 205 7
302 274 6
60 44 7
316 576 2
136 276 3
80 225 6
199 292 4
87 419 8
221 367 5
264 407 4
521 534 3
91 488 5
560 52 6
584 480 6
85 190 5
580 559 2
606 558 3
161 449 3
349 602 2
628 336 7
380 185 2
93 302 4
136 275 6
479 502 5
201 395 5
491 350 1
551 473 7
331 394 7
502 372 6
272 482 7
553 384 7
534 264 8
76 157 6
378 413 4
48 438 1
54 567 8
72 243 5
528 288 8
461 523 2
164 122 2
271 494 6
368 495 8
325 245 1
635 16 4
216 39 6
18 565 6
595 507 2
304 502 5
57 635 5
206 190 2
60 511 6
474 162 7
45 389 4
567 124 2
172 292 6
635 164 4
230 312 1
31 255 2
409 97 1
248 132 7
280 585 8
370 155 5
506 346 5
498 428 1
141 354 6
357 621 7
419 632 8
140 375 8
588 156 1
573 467 7
366 375 6
638 231 1
493 467 3
171 176 4
616 559 7
379 287 6
597 521 5
510 142 5
35 619 8
98 111 3
189 462 4
23 151 3
289 427 8
341 46 7
233 307 3
596 346 1
533 143 7
324 505 5
476 432 4
141 238 6
368 371 2
145 577 2
61 65 4
518 527 7
616 536 1
47 344 3
20 179 1
23 312 6
507 591 7
100 280 5
582 280 8
366 122 5
488 639 7
13 4 3
438 646 8
22 443 1
17 538 2
293 410 5
548 636 5
343 176 7
138 305 7
49 343 5
80 607 6
597 611 2
268 620 1
460 438 4
264 424 2
167 494 3
72 528 1
243 199 2
613 273 7
522 444 2
555 155 3
4 101 3
528 433 3
463 440 6
349 386 8
595 189 7
126 314 4
186 319 3
250 231 4
125 573 4
211 573 6
95 345 3
240 13 7
285 393 1
135 232 4
162 77 3
230 332 8
218 13 5
542 463 5
641 451 4
273 633 8
626 576 4
101 463 6
499 588 5
52 332 5
301 464 8
295 406 2
333 56 1
322 319 2
135 400 3
146 122 2
189 8 5
109 496 6
306 324 1
241 322 2
345 407 4
261 257 5
11 566 8
2 595 1
30 27 3
204 529 1
591 418 5
602 36 5
439 646 7
166 80 1
479 251 7
255 439 5
586 618 5
332 484 5
418 427 2
353 90 4
512 73 3
121 98 6
643 91 5
526 376 8
200 423 5
289 146 5
66 144 7
42 498 6
46 302 5
322 458 1
534 644 6
403 21 2
6 528 4
263 514 2
412 486 1
96 523 6
499 7 4
34 280 4
73 74 4
528 269 2
430 189 1
198 363 4
316 577 3
514 306 6
485 300 7
297 75 4
196 54 7
314 575 8
253 226 3
21 460 8
541 524 6
264 493 2
136 54 3
245 532 4
88 507 8
88 381 7
218 24 6
582 400 3
11 520 3
553 116 5
608 556 6
479 498 8
334 615 1
223 246 4
271 549 4
443 159 7
263 32 5
160 94 1
594 126 2
75 337 1
175 460 5
255 218 3
228 337 1
401 581 3
515 646 5
210 26 4
378 367 6
499 634 5
327 367 7
108 29 3
399 105 5
214 359 4
315 40 3
383 608 8
283 385 4
366 464 5
47 89 6
462 631 5
552 320 2
419 399 7
274 473 4
154 569 2
513 339 1
493 120 1
516 560 2
278 166 3
80 588 1
634 299 2
406 576 7
306 274 4
376 29 4
627 177 5
446 542 7
388 278 2
11 463 3
607 78 6
17 87 2
23 459 2
138 560 1
259 631 5
299 465 8
321 66 7
571 499 3
157 103 5
85 522 1
184 352 8
402 262 2
97 142 5
340 520 3
628 86 6
358 161 8
18 267 8
290 56 3
256 622 7
186 222 6
379 478 5
186 61 8
513 179 6
247 516 3
138 629 2
323 433 1
517 359 5
353 470 1
242 222 1
615 122 1
229 207 5
73 268 2
390 8 2
55 390 3
520 334 4
605 346 7
624 41 6
513 516 8
505 507 4
79 375 7
178 377 6
310 589 3
324 276 1
524 70 3
631 542 3
40 260 5
541 450 2
492 277 6
513 331 3
568 275 4
329 502 3
254 417 3
420 57 1
76 359 4
213 334 3
68 642 6
383 68 4
494 500 1
319 48 3
52 378 1
338 321 5
607 363 7
186 214 3
350 500 7
447 445 5
599 289 8
612 53 5
604 71 3
503 489 6
543 549 1
427 301 7
37 59 2
298 402 2
344 192 2
242 282 5
328 500 1
608 349 5
633 149 7
499 187 1
539 37 7
235 437 6
346 437 2
218 510 1
322 530 2
239 344 7
631 242 4
115 378 2
120 518 5
27 245 1
35 307 3
643 235 2
604 140 7
562 545 8
587 472 1
539 212 6
427 430 6
450 470 8
302 447 1
46 502 8
68 569 7
584 125 4
562 23 8
357 151 6
192 180 2
159 235 1
456 263 6
117 456 5
19 121 8
276 223 8
589 501 3
203 401 5
411 356 4
316 272 3
183 316 7
393 222 3
255 384 1
410 66 1
523 399 4
534 371 6
569 60 1
61 80 4
534 98 8
555 150 2
80 399 4
365 259 5
637 80 8
120 93 8
170 483 4
170 578 4
583 524 3
261 41 7
474 111 5
441 22 3
596 351 2
442 525 3
286 593 3
417 139 6
319 479 3
14 104 2
528 397 4
620 454 8
90 533 8
433 125 4
609 643 3
372 509 5
89 303 3
423 244 7
101 438 1
280 172 4
401 14 5
435 206 1
156 198 4
407 76 1
512 57 1
466 617 8
610 214 7
407 462 5
534 539 6
286 289 2
35 383 1
578 69 4
241 344 1
179 432 8
54 216 1
521 624 5
24 188 6
39 597 1
499 546 3
251 45 2
427 17 1
589 374 2
541 66 3
384 183 5
160 485 3
209 348 3
273 504 1
189 187 4
105 106 3
377 643 1
553 479 1
36 86 4
523 105 4
102 509 6
18 101 8
126 384 7
557 269 4
378 483 4
597 71 6
248 239 8
436 299 6
468 147 7
610 185 1
570 564 2
367 604 3
570 417 4
227 392 7
282 630 7
484 159 4
616 90 1
307 273 6
645 446 7
146 338 7
160 426 6
117 454 3
446 366 2
80 431 2
247 105 8
477 521 3
98 219 8
294 44 3
559 461 1
360 155 5
615 249 5
294 30 7
27 589 6
552 623 4
472 405 7
559 163 6
238 458 7
19 22 8
538 181 1
290 276 6
228 616 4
415 431 2
75 46 7
46 257 4
105 83 3
385 640 5
176 358 3
243 576 7
203 264 3
528 73 1
97 425 6
517 613 6
2 234 3
594 167 3
532 309 5
188 50 6
230 597 3
284 329 4
347 208 3
608 205 7
293 251 8
625 75 6
364 145 8
71 80 1
607 354 3
633 34 5
643 293 1
332 310 3
596 190 4
295 312 7
307 549 1
216 321 1
48 644 4
177 237 2
48 503 8
130 38 7
266 646 6
129 329 3
76 556 3
474 13 3
351 473 3
308 252 1
548 98 6
560 642 5
366 570 1
496 279 6
467 406 5
29 174 4
273 339 6
550 168 8
14 520 3
487 585 6
55 208 3
587 75 2
376 505 6
474 531 5
559 250 5
57 580 1
138 386 7
391 75 6
523 331 5
55 435 3
306 456 6
286 532 5
26 129 2
615 64 8
23 62 1
364 111 4
216 141 4
603 616 4
144 111 4
342 217 1
284 22 1
423 483 7
270 176 6
65 646 7
455 233 2
372 637 2
572 69 3
505 321 2
76 115 3
439 47 8
282 546 2
144 119 6
639 462 4
285 461 7
599 629 5
294 543 2
325 313 1
19 278 6
284 487 5
7 596 8
458 38 6
47 73 3
334 70 7
469 47 4
540 90 8
77 204 4
581 419 5
511 488 5
314 132 5
481 405 8
436 469 6
305 165 8
614 339 1
239 101 6
407 485 2
371 105 6
539 310 5
92 247 4
461 594 3
519 245 8
620 613 7
90 76 3
306 458 3
619 22 3
376 484 1
580 496 6
521 290 3
581 187 4
641 141 8
130 233 8
58 634 8
512 441 6
86 392 4
284 23 8
572 34 6
36 169 7
538 68 1
296 112 6
583 568 7
168 55 2
182 28 6
471 443 8
71 637 2
622 495 3
348 620 2
544 624 3
311 115 1
643 514 8
53 603 3
340 605 5
265 302 8
525 175 3
97 473 3
541 559 5
435 543 7
606 462 6
75 237 1
432 141 5
129 20 2
156 398 8
610 82 8
11 597 7
504 621 6
27 447 2
177 564 6
222 423 7
599 247 1
219 179 3
277 81 8
79 58 5
583 211 6
68 202 2
174 357 8
564 640 5
444 207 5
275 217 4
117 423 6
302 270 2
89 257 6
176 257 8
393 8 7
180 532 6
34 143 4
220 587 7
635 158 4
2 189 1
65 552 6
198 293 3
96 61 1
492 489 4
387 564 6
409 42 2
438 279 7
123 460 6
30 358 7
537 536 4
454 344 2
368 220 4
293 627 1
19 504 5
518 351 2
175 259 3
47 10 4
597 604 8
175 422 8
206 131 6
575 7 6
243 49 2
520 83 4
432 276 8
175 326 6
328 11 5
124 503 3
405 327 2
544 267 8
346 612 3
479 459 4
379 554 4
579 385 6
324 502 1
66 197 2
102 553 5
141 269 3
613 109 7
185 554 8
540 584 3
578 299 6
503 384 1
251 30 7
55 235 7
267 173 7
186 555 2
4 138 7
281 108 7
4 426 3
388 110 1
36 396 5
474 351 6
117 32 2
523 142 6
49 370 6
65 172 5
258 300 1
380 406 4
100 306 1
203 57 8
600 450 1
207 543 1
290 580 1
567 47 2
161 429 7
201 564 5
634 170 4
526 114 4
237 385 3
70 531 8
450 224 4
283 461 5
491 406 8
126 173 4
344 546 8
272 463 3
474 384 3
631 371 3
287 261 6
210 441 8
591 605 4
405 588 3
320 407 6
153 329 6
71 567 7
506 447 3
402 99 3
332 267 6
125 212 2
48 314 4
325 361 2
644 255 4
621 302 2
388 636 7
261 114 6
593 115 3
597 309 7
459 219 5
278 306 8
463 197 4
8 291 6
124 646 4
466 312 2
304 261 7
98 599 8
159 565 7
531 344 2
166 366 7
58 524 1
560 113 4
422 211 2
599 286 2
319 313 5
535 485 3
58 26 1
441 194 7
374 396 8
437 576 4
23 605 3
403 166 3
237 228 8
84 235 1
73 245 7
277 482 4
148 126 1
607 1 7
20 11 8
113 287 5
413 60 5
66 267 8
56 88 7
286 592 8
481 529 7
608 28 6
170 630 7
404 471 7
646 582 2
499 579 4
71 296 3
49 264 7
573 448 6
220 332 8
612 467 7
35 18 4
118 622 5
183 390 3
452 360 6
162 516 5
178 11 3
221 608 4
111 339 3
162 89 4
588 498 1
601 580 6
583 470 1
59 427 2
369 270 7
146 289 6
490 379 2
183 151 1
173 190 6
263 575 7
371 595 7
382 507 3
246 67 3
89 615 6
357 532 6
560 506 8
533 133 4
174 366 2
472 301 8
9 301 7
629 494 8
622 366 4
346 179 5
614 353 5
504 353 8
592 65 8
161 142 6
541 376 3
231 381 5
273 390 1
162 460 4
295 150 8
341 237 1
100 302 8
578 277 6
494 276 4
443 604 7
76 595 3
165 116 1
522 186 5
335 239 3
130 181 8
275 547 2
513 500 2
425 448 5
71 592 6
241 381 5
160 503 4
236 308 3
338 276 2
5 568 2
159 396 3
553 557 5
5 71 3
231 553 6
634 127 7
282 570 4
64 317 2
224 415 8
604 155 2
265 23 2
386 332 3
379 556 8
592 49 8
445 275 4
593 12 1
263 295 3
165 557 6
637 524 2
9 451 2
117 576 1
592 425 3
3 177 2
500 406 1
196 178 8
306 387 8
415 437 5
435 569 7
403 238 6
227 492 8
557 541 7
488 142 3
294 509 5
151 37 2
167 379 6
274 295 3
186 110 8
93 541 4
199 210 2
474 365 3
167 4 8
233 433 5
237 442 7
90 198 5
301 351 2
269 2 6
70 410 8
391 492 6
82 551 6
414 168 2
601 485 4
235 598 3
71 576 2
560 516 6
269 391 3
354 407 4
529 103 8
33 359 2
119 62 1
576 339 4
331 136 4
496 402 2
440 17 1
604 294 3
490 231 5
158 29 5
345 313 8
556 269 3
385 570 2
108 452 1
402 452 8
237 139 8
354 565 2
120 161 3
73 81 5
609 444 6
114 511 8
56 632 4
516 89 5
113 176 8
166 350 2
362 75 5
168 25 3
110 567 8
424 36 7
217 28 1
478 439 4
104 316 3
371 307 4
394 421 8
461 208 6
481 589 3
13 540 3
600 567 1
163 559 8
332 302 7
325 499 3
355 233 2
178 39 8
463 550 2
164 512 3
159 132 5
477 160 7
222 218 5
330 504 6
319 54 7
188 8 2
413 268 6
33 275 4
526 530 1
82 579 5
136 181 7
434 263 1
407 632 7
353 40 1
106 137 6
238 202 2
368 601 4
404 363 8
308 620 2
494 428 4
285 183 1
594 311 2
381 326 7
154 112 5
356 25 3
203 136 5
637 496 4
154 64 5
504 120 6
179 607 6
287 632 4
412 509 5
114 72 8
267 269 8
249 364 1
320 270 3
165 463 5
514 567 7
212 252 3
287 54 1
384 309 4
212 257 5
586 423 7
209 153 5
372 236 1
221 555 8
588 149 1
410 83 8
124 257 8
209 638 3
274 7 2
102 134 7
635 31 2
296 53 5
115 368 4
354 625 1
390 517 1
373 627 2
531 632 6
26 240 2
156 604 1
288 259 5
97 403 1
55 340 7
559 616 3
542 329 8
451 406 2
193 241 8
198 645 7
431 176 7
10 380 8
63 225 8
307 622 6
577 606 4
324 397 4
482 207 1
161 181 8
317 553 7
395 101 1
194 157 5
102 89 5
601 410 5
551 82 7
509 158 1
590 356 7
11 107 3
92 21 5
394 35 4
644 198 8
465 494 2
590 513 6
55 36 5
497 191 8
154 524 2
575 46 3
377 429 4
222 445 3
625 385 3
139 539 8
395 585 8
297 26 7
159 463 3
384 620 4
0 273 8
372 595 5
569 52 2
172 277 2
133 11 7
301 394 2
65 78 3
154 609 4
583 282 3
15 378 8
37 418 2
175 232 4
94 616 7
331 156 7
349 427 7
237 476 1
595 493 7
609 117 4
417 554 2
493 104 7
356 362 5
340 387 8
551 596 8
206 373 1
536 169 2
252 580 4
432 138 8
90 177 6
537 131 3
541 325 1
415 476 2
386 296 1
3 426 5
563 474 4
400 637 3
285 564 3
304 68 3
152 327 6
98 578 8
358 584 8
574 167 6
356 404 3
619 190 3
486 469 4
29 147 4
416 29 1
426 472 7
560 606 8
414 515 6
158 74 6
258 124 8
392 329 2
606 274 5
465 366 1
555 609 1
450 616 7
505 171 3
288 513 8
103 568 6
118 436 1
62 560 3
289 434 7
193 480 6
305 612 8
388 314 5
11 255 1
229 588 2
239 512 7
155 364 4
113 181 5
435 32 8
52 403 7
577 437 1
181 626 8
13 253 5
120 66 2
62 84 1
345 108 3
619 522 2
169 358 6
151 247 1
159 215 5
124 129 6
276 493 6
147 255 6
646 374 4
282 175 3
229 362 5
207 487 2
298 644 5
79 222 1
43 272 1
480 174 7
132 74 7
396 101 1
173 168 4
3 136 3
299 92 4
130 132 6
613 348 2
360 474 8
388 316 4
60 53 2
403 125 5
88 604 6
599 206 3
490 451 2
552 18 8
339 48 4
262 263 7
103 258 6
220 363 8
566 64 8
43 97 1
354 525 6
360 70 4
94 224 6
315 332 3
133 308 8
7 246 8
387 5 3
502 365 1
324 260 2
266 622 5
294 484 7
556 52 2
286 252 2
281 269 7
132 540 2
603 264 8
639 71 2
558 23 6
266 612 7
60 54 8
203 76 2
175 616 1
69 234 6
544 132 4
399 392 6
54 225 5
470 65 1
460 390 7
156 245 6
339 616 6
428 360 5
394 63 4
288 468 3
306 358 3
593 456 5
251 128 6
319 339 2
127 164 1
243 608 7
507 184 8
414 193 3
183 637 2
217 200 1
621 568 2
429 120 6
313 535 2
339 45 4
577 290 1
299 359 4
214 422 6
220 430 6
369 279 3
14 428 5
216 402 2
511 518 2
372 120 7
199 517 5
215 400 2
88 242 6
94 66 8
244 72 3
584 499 8
590 369 6
125 237 3
483 239 6
297 477 7
131 98 3
272 62 3
287 306 3
479 558 8
555 238 2
286 520 8
478 45 4
135 358 1
352 399 1
330 161 8
46 450 6
231 37 5
309 165 4
187 108 8
233 241 3
544 36 6
303 608 7
501 516 4
324 245 5
280 393 6
125 421 5
362 156 4
388 16 6
389 310 4
161 396 6
368 491 4
567 368 4
30 512 6
479 304 5
633 295 1
441 472 3
438 317 3
89 97 2
551 166 7
247 234 2
450 30 7
538 59 3
574 190 5
592 64 1
631 16 2
92 420 4
183 523 1
584 17 2
314 328 2
332 322 4
104 353 8
271 456 6
264 382 8
15 375 5
350 147 2
30 415 7
115 15 3
517 570 4
573 631 2
87 226 2
240 505 2
393 164 7
137 470 8
321 99 7
421 64 6
114 581 1
124 286 2
136 257 7
102 122 1
628 195 4
201 223 4
161 608 2
508 168 5
17 231 1
80 434 7
59 48 5
141 438 5
10 98 4
67 76 6
641 592 6
546 470 4
482 462 3
393 585 4
570 423 2
506 515 5
15 459 4
616 194 6
120 475 2
102 22 4
641 333 8
226 461 7
449 281 3
244 290 2
190 356 1
279 191 6
154 132 6
73 511 4
203 507 3
112 532 3
21 153 2
170 426 3
159 145 1
107 573 2
182 62 6
433 184 2
618 407 7
573 417 5
235 434 2
610 136 3
420 445 5
546 38 6
591 449 3
475 614 8
2 87 7
563 92 3
356 421 4
476 141 1
180 451 1
576 587 2
646 233 8
90 318 2
490 429 5
1 273 1
185 546 7
634 238 2
614 394 2
625 592 1
475 48 8
282 313 3
106 200 3
211 175 5
396 237 4
561 247 5
275 23 2
48 537 4
9 173 5
499 430 4
413 602 3
544 41 3
294 154 5
636 536 6
480 351 4
523 358 5
430 626 1
78 410 5
16 57 7
265 29 5
621 38 8
399 84 1
528 325 4
582 392 7
57 566 2
319 406 4
382 560 6
623 643 1
319 416 5
102 146 1
388 401 8
180 516 2
47 608 2
387 222 7
29 595 3
26 604 5
404 86 8
305 381 1
280 357 8
552 519 3
1 520 2
402 314 6
520 117 1
201 179 1
433 610 2
570 93 8
167 116 6
475 6 7
594 306 2
434 574 3
599 606 6
362 222 6
411 96 2
7 68 2
60 342 2
278 162 4
289 485 8
187 618 3
394 57 6
299 203 4
74 285 3
339 215 4
599 116 1
362 306 4
357 120 4
437 564 1
283 106 7
546 324 1
154 538 2
292 140 5
43 256 5
334 512 6
467 540 7
243 283 5
127 310 5
225 14 6
534 613 5
471 467 7
123 25 7
240 152 4
390 393 7
255 434 1
187 487 1
337 526 8
449 24 7
378 228 8
276 65 1
21 165 7
536 201 8
580 331 4
145 191 3
633 468 1
591 429 7
118 471 5
274 399 5
36 424 5
417 405 2
423 367 8
14 629 4
617 340 2
185 222 1
416 502 4
20 218 2
581 609 1
529 521 2
52 445 6
323 312 1
234 28 3
427 468 3
364 380 7
83 529 2
459 187 8
213 239 3
478 49 3
129 180 8
313 261 1
79 26 1
166 516 6
82 40 5
586 493 6
92 380 7
630 143 4
574 73 3
556 274 1
573 372 1
254 198 4
339 349 3
237 180 1
387 448 6
579 199 6
549 446 3
216 17 7
566 598 5
83 582 4
481 111 6
65 512 7
300 368 2
116 250 4
243 505 4
364 314 6
292 56 7
33 13 6
397 85 4
466 295 2
98 286 2
397 332 4
454 249 4
311 420 4
605 498 6
465 266 8
575 194 8
113 20 4
173 256 6
178 261 2
554 286 6
400 303 8
282 19 7
390 441 1
285 258 4
607 40 4
141 385 2
262 107 2
168 575 3
153 534 4
340 104 8
547 199 5
232 112 6
639 78 6
51 408 8
84 199 5
532 359 6
509 168 3
160 191 1
480 384 5
140 592 2
395 415 3
609 641 3
611 290 5
359 187 6
338 41 4
320 597 4
222 171 6
8 524 7
613 361 5
356 112 8
200 119 3
277 572 2
476 130 4
383 603 5
186 145 1
312 113 7
246 17 7
406 606 5
613 74 3
285 122 5
89 134 7
11 590 7
82 538 3
300 38 7
565 562 7
307 348 3
196 364 3
339 242 7
321 160 3
293 455 4
302 144 7
456 322 5
258 565 7
51 630 1
98 192 5
425 523 5
53 121 3
267 94 1
592 156 8
69 287 2
14 524 8
97 183 2
30 146 5
266 97 2
517 599 4
161 366 4
346 479 4
477 491 3
233 106 6
106 536 2
213 184 2
454 341 2
341 94 8
142 139 5
207 634 3
624 435 8
289 504 7
613 494 3
200 104 6
73 380 5
59 269 8
366 311 8
155 581 7
326 380 2
407 475 5
220 146 4
248 431 7
644 1 4
548 20 8
48 83 2
460 110 2
546 443 6
329 586 1
608 66 2
125 595 7
239 285 1
142 331 6
596 437 1
461 326 8
96 271 4
423 267 2
409 186 6
345 429 2
578 410 2
99 536 3
627 264 1
3 443 4
55 629 5
477 549 4
286 586 5
293 310 5
59 54 1
616 505 3
306 457 7
342 422 7
610 384 2
104 458 6
543 643 3
6 177 7
303 444 7
174 293 7
423 332 2
202 560 1
530 449 4
402 100 7
29 602 1
208 73 6
398 133 6
286 266 4
231 403 5
106 431 2
33 266 2
546 188 5
418 18 7
318 112 4
546 354 4
97 291 2
496 489 5
426 397 2
320 17 3
11 423 3
200 507 6
223 492 2
597 467 5
442 325 2
619 208 5
107 7 3
425 480 6
378 558 6
268 357 4
633 483 2
323 570 7
626 42 3
286 507 4
545 306 6
260 121 5
515 464 3
495 502 7
461 323 8
357 462 3
460 622 6
438 78 1
240 54 5
88 193 1
527 489 1
639 196 4
171 497 2
177 458 1
95 507 7
96 180 5
289 258 8
621 66 7
543 641 7
326 14 1
198 515 7
278 119 4
273 165 6
17 315 4
386 481 1
469 246 2
267 290 8
200 111 7
18 70 6
59 555 8
334 257 8
36 160 6
550 543 1
257 281 5
213 47 2
292 358 8
454 327 7
50 338 5
71 297 2
221 325 7
427 542 3
470 420 7
309 212 2
102 598 2
597 178 5
372 467 2
18 459 7
63 328 6
355 325 5
12 283 4
511 413 6
247 222 3
95 483 4
27 465 2
214 187 6
289 292 3
623 33 6
107 195 3
618 320 2
319 408 1
170 297 1
382 258 4
244 529 4
577 106 6
532 126 1
326 617 4
338 136 8
101 209 2
345 148 2
190 412 2
267 434 1
365 364 5
159 374 4
180 402 8
517 227 3
625 49 4
192 445 3
581 332 1
160 188 7
642 202 4
393 513 7
112 356 1
577 12 2
481 510 1
122 127 5
260 465 4
514 571 5
55 217 7
356 301 7
193 421 4
346 445 7
494 57 4
80 230 4
180 246 6
260 242 1
179 275 5
442 530 2
589 344 7
76 457 3
0 294 3
436 617 2
113 518 1
539 375 6
321 221 5
409 272 7
456 302 2
275 449 7
57 632 7
254 237 7
644 46 2
412 375 2
204 549 2
439 298 7
337 323 8
196 90 5
621 610 6
425 537 6
146 598 5
223 498 2
219 571 6
142 310 1
440 70 8
228 171 2
309 402 8
393 353 7
434 142 4
513 589 5
590 319 8
211 115 3
142 464 4
324 67 7
256 330 2
411 2 1
94 255 8
39 64 8
581 262 4
625 320 1
466 259 1
600 207 4
194 228 6
330 105 6
240 179 8
496 47 3
536 574 1
94 535 6
618 373 2
211 349 2
239 86 1
123 595 4
400 315 4
636 312 5
320 235 8
40 284 5
457 24 7
358 632 7
379 465 3
77 153 2
182 160 3
273 282 3
80 615 1
270 641 3
424 470 5
639 393 7
347 530 2
193 243 3
106 514 8
617 322 3
52 159 4
36 282 2
611 325 1
363 464 5
245 508 1
89 234 6
530 178 4
347 425 3
73 23 1
477 172 3
613 259 3
24 590 7
645 498 8
313 246 6
313 253 5
641 527 5
363 514 2
346 212 6
331 420 5
225 587 5
203 523 7
357 258 6
265 79 3
175 336 1
321 227 5
484 202 3
446 222 5
20 406 7
451 322 8
398 544 7
198 321 8
404 113 2
464 59 4
491 560 1
19 606 4
358 505 3
114 562 1
642 444 8
279 638 8
1 335 8
292 312 2
28 286 7
396 98 2
267 78 8
602 566 7
306 516 3
386 449 2
188 47 4
195 405 1
495 4 1
486 535 1
524 410 6
332 592 1
297 179 7
153 510 7
90 472 8
596 460 7
175 312 5
95 15 3
264 414 7
264 328 1
419 519 6
478 10 5
634 56 1
434 350 5
35 455 6
249 505 7
638 148 6
285 222 6
250 394 7
100 233 5
576 520 8
262 544 5
23 549 6
527 380 4
623 102 1
378 154 6
5 30 6
161 640 2
342 256 5
505 307 4
2 138 7
245 291 3
219 44 1
120 563 8
67 403 5
452 616 1
439 350 5
357 257 3
556 206 1
95 324 1
608 139 2
287 155 4
184 209 2
291 2 6
296 358 8
612 584 6
622 605 2
608 618 4
587 566 8
263 608 7
415 528 2
597 110 7
475 213 5
428 246 5
622 400 6
201 159 1
297 374 4
329 332 3
565 523 5
231 374 7
242 2 5
88 591 5
438 63 6
637 182 2
634 315 1
646 554 4
368 202 7
162 167 5
182 246 7
413 198 5
444 605 6
356 370 2
286 633 3
34 222 7
593 587 5
413 251 7
271 434 7
530 422 8
490 314 3
532 107 8
188 580 4
586 596 4
199 50 3
499 603 7
10 298 6
356 201 8
42 559 7
566 604 7
627 337 2
136 495 3
448 118 1
454 594 8
512 24 2
592 163 3
87 67 3
267 583 1
570 299 1
204 288 4
415 579 7
483 2 1
513 325 6
36 27 8
175 426 8
500 407 4
87 183 7
238 293 2
444 89 7
413 183 6
16 191 7
434 502 4
517 29 2
32 548 1
168 381 2
336 536 1
24 12 8
512 313 1
304 617 7
559 148 5
401 253 3
352 93 1
125 41 6
430 616 5
364 474 3
29 485 3
637 373 5
251 284 7
394 526 5
245 410 5
43 346 5
450 200 3
538 375 2
3 495 1
192 204 8
8 297 7
301 92 7
423 13 2
646 399 7
535 287 8
510 485 6
154 287 6
563 220 1
322 75 3
171 249 2
254 240 3
30 168 1
467 456 5
598 386 6
439 388 1
634 59 1
465 445 7
124 332 3
9 466 4
255 337 4
104 147 5
600 383 8
629 407 7
514 68 4
248 103 5
139 646 6
259 643 8
13 512 8
147 571 6
476 465 7
433 469 8
153 633 1
148 363 3
14 288 6
106 643 6
98 32 7
60 463 6
439 182 8
603 454 6
298 151 7
210 190 7
20 460 4
325 444 5
31 138 2
544 136 2
280 269 5
425 41 1
530 118 7
376 396 7
57 578 4
575 338 8
68 448 3
264 500 3
635 422 3
256 420 7
451 86 3
454 406 8
162 363 8
398 324 8
512 74 2
575 197 1
208 145 4
402 399 7
139 268 4
127 49 7
609 623 3
43 152 1
204 486 8
518 553 1
123 367 8
269 25 8
287 240 4
623 402 3
213 29 3
54 627 2
166 442 3
330 196 8
576 222 1
431 324 3
314 5 4
95 267 3
103 345 6
27 521 2
594 209 2
144 306 8
46 102 7
423 567 2
241 107 6
384 433 4
35 105 6
460 409 3
255 20 8
76 422 3
589 358 7
84 280 2
560 379 2
279 446 7
574 195 8
423 83 6
154 142 2
560 300 1
558 312 3
221 397 5
85 121 3
594 458 2
435 220 7
426 436 7
541 179 2
204 228 5
285 482 2
509 482 1
471 460 5
170 166 4
137 292 2
41 561 1
636 295 6
205 178 5
141 615 5
436 182 6
238 591 2
607 274 3
239 165 1
356 83 8
591 66 5
557 210 2
195 560 1
120 244 6
127 451 6
449 519 6
557 356 2
462 207 5
43 510 5
624 188 6
13 376 3
621 462 7
582 513 2
205 340 2
350 585 6
210 467 5
547 451 1
306 361 1
381 178 7
570 161 5
462 275 2
239 7 5
627 343 4
510 419 6
369 215 3
151 618 6
122 424 2
10 19 8
217 335 4
125 186 2
464 557 5
84 132 8
352 358 1
317 189 3
497 294 6
89 354 4
60 415 5
84 213 5
145 501 6
415 624 8
183 356 7
132 51 2
404 323 8
364 75 3
208 613 4
185 637 2
544 570 4
119 236 6
640 314 1
506 44 2
607 271 2
252 235 2
163 256 3
492 203 1
238 215 1
146 92 2
278 310 7
435 243 8
4 612 1
346 559 7
356 157 6
67 3 2
390 288 5
449 186 2
332 334 3
428 125 8
642 8 7
460 328 2
471 214 6
200 203 4
537 222 6
270 17 8
584 568 8
434 200 7
253 306 5
131 301 7
625 242 5
589 355 3
29 287 2
130 82 1
170 606 1
83 97 5
595 60 6
583 105 3
573 260 1
447 555 6
67 427 5
191 391 8
275 40 1
435 254 5
346 65 5
310 52 8
323 349 8
71 608 1
596 558 4
223 294 5
253 501 4
122 388 4
642 561 4
486 432 6
485 175 5
145 376 2
426 291 6
465 592 1
255 135 2
307 315 5
81 529 4
425 90 1
476 98 1
244 578 8
510 444 5
418 161 4
46 602 8
326 22 4
550 75 8
81 211 5
347 233 2
361 645 4
232 632 4
494 299 7
231 136 5
268 474 1
80 131 5
641 604 7
37 376 3
35 311 3
548 14 6
178 518 5
352 424 6
327 516 7
355 530 1
91 630 5
209 563 7
599 77 3
319 281 6
588 534 6
135 28 3
303 229 1
244 474 4
603 569 1
584 346 3
244 207 7
53 373 6
253 284 6
438 16 3
308 242 6
635 383 8
556 243 4
280 433 2
618 589 7
354 576 3
459 554 8
116 615 1
192 407 2
645 215 1
240 155 6
558 255 6
94 63 8
386 606 5
616 46 2
453 468 2
273 508 8
136 305 3
281 65 8
188 345 3
516 566 4
450 581 4
236 280 1
148 560 1
145 625 8
58 532 5
51 55 6
21 26 4
283 416 4
414 585 8
410 219 6
512 186 6
619 125 3
325 117 7
485 114 3
45 643 7
343 459 7
406 607 6
108 281 1
264 113 7
385 515 8
97 457 3
307 381 3
420 183 4
64 283 3
1 305 5
543 464 1
130 618 3
585 466 2
421 116 8
13 65 4
585 435 1
232 68 3
91 20 5
500 275 6
624 155 8
489 495 3
66 231 3
236 350 7
214 141 8
406 377 8
231 544 2
205 543 3
481 152 6
12 503 3
601 234 6
567 91 8
270 287 5
398 503 8
46 83 4
544 492 5
561 492 8
52 71 7
347 82 5
239 88 5
613 341 7
195 479 3
607 205 7
17 351 2
152 297 1
509 278 4
574 137 1
56 504 7
95 276 4
10 237 6
69 402 5
465 495 8
395 605 6
276 200 6
33 626 1
58 161 8
391 193 3
251 603 2
295 322 6
395 216 7
403 501 3
303 566 6
86 517 4
280 279 4
498 94 6
590 390 2
47 400 1
535 276 8
576 209 8
322 384 3
431 644 5
18 537 1
94 363 7
584 336 2
410 375 3
117 68 2
309 439 5
4 293 1
148 462 4
345 497 1
123 8 2
462 611 7
145 568 3
430 48 6
25 250 4
315 380 7
79 552 5
348 340 4
345 18 5
372 95 3
632 21 1
640 13 6
471 365 1
264 385 4
421 589 6
349 468 7
82 92 8
428 332 1
432 512 8
473 144 3
50 71 8
130 208 2
45 20 4
503 424 4
204 170 4
377 576 5
557 86 8
100 523 8
643 439 5
504 242 4
49 26 7
568 171 5
418 310 1
242 54 1
6 602 5
424 415 8
363 517 2
272 8 1
307 207 7
607 351 2
306 312 6
370 180 6
122 402 6
556 90 3
612 566 7
482 328 6
611 425 1
354 534 4
49 586 8
290 347 4
27 191 5
468 448 1
117 495 4
434 321 8
639 266 7
15 321 2
493 460 6
441 592 6
117 361 3
83 433 8
224 113 4
627 503 1
481 408 4
294 405 8
624 12 7
296 512 4
383 536 2
45 402 5
106 636 7
255 9 1
236 506 2
612 16 5
107 345 8
109 251 7
115 43 1
534 108 3
158 93 6
569 404 6
415 272 5
40 458 7
204 62 2
401 269 4
463 350 8
176 410 1
247 494 4
397 612 2
552 279 6
616 612 2
12 95 2
75 561 2
312 291 2
171 51 2
298 149 2
148 238 5
116 148 4
352 77 1
137 480 7
397 249 2
293 124 1
503 163 3
534 138 8
348 363 8
323 471 2
470 100 8
347 147 8
12 326 5
231 125 2
524 436 7
461 465 3
303 604 8
424 60 6
131 334 5
434 347 3
431 207 7
558 325 5
270 377 1
101 424 4
169 32 3
576 327 5
85 600 8
189 220 7
343 11 1
355 136 8
413 414 4
629 640 7
87 339 2
131 316 7
541 64 8
548 586 6
319 418 8
190 285 5
319 308 5
515 6 8
509 403 1
470 627 2
119 21 5
438 166 6
10 571 6
15 235 5
306 295 8
192 342 3
402 401 8
77 644 6
601 481 3
430 452 5
628 44 1
560 46 4
59 495 2
127 389 3
369 18 5
564 365 2
417 416 5
290 284 3
184 275 8
113 204 4
377 277 8
408 167 1
330 624 4
286 291 6
272 190 6
347 352 2
424 454 3
522 548 5
511 466 2
116 290 7
79 538 5
480 425 2
161 36 7
69 263 1
583 242 2
609 288 8
152 97 1
302 162 4
542 119 8
104 349 4
131 169 4
242 288 1
62 459 7
497 450 7
172 330 3
410 478 8
261 525 6
421 34 2
547 24 7
268 121 7
628 422 5
477 445 1
386 274 4
320 87 5
237 7 7
54 98 7
323 402 4
373 640 7
139 562 2
607 571 5
587 478 1
162 249 4
610 169 6
410 161 5
618 512 6
54 266 8
198 270 7
278 127 7
131 163 1
303 71 7
539 198 7
374 535 7
594 609 4
510 233 4
212 267 8
532 11 4
265 319 5
631 434 8
418 496 2
395 288 6
561 43 6
630 274 5
78 125 4
409 622 3
395 54 5
575 551 7
6 150 2
204 194 6
424 185 3
136 217 5
32 362 7
558 283 8
127 270 6
30 359 7
540 604 4
561 220 6
617 620 5
102 246 2
20 149 4
620 286 1
590 116 8
597 618 7
55 468 4
94 230 6
398 239 1
35 469 7
232 409 6
16 68 1
457 115 8
496 184 8
256 160 5
314 232 1
637 322 2
345 262 5
489 150 5
155 600 5
385 356 2
176 350 1
16 222 5
143 585 7
462 98 8
332 587 6
92 317 5
52 396 5
153 71 7
458 316 1
564 186 7
355 619 3
363 378 6
464 103 2
518 240 6
327 594 4
599 633 8
62 561 8
234 368 6
271 422 6
366 253 8
555 360 6
100 83 3
206 257 6
167 425 4
369 609 7
376 439 5
451 154 2
207 450 1
125 67 5
275 575 2
354 63 4
516 187 4
514 564 5
36 644 3
197 618 5
345 584 5
34 278 2
295 439 8
207 535 6
447 32 3
95 359 3
495 499 5
235 53 5
400 406 1
189 298 8
55 58 6
21 557 2
516 195 8
319 19 6
201 403 7
344 141 2
433 117 3
213 429 1
7 435 7
289 231 7
389 526 2
105 204 6
454 355 4
149 66 2
201 127 8
386 383 6
375 642 6
471 105 5
241 415 1
75 620 2
446 86 1
350 244 1
28 71 6
102 387 5
475 142 7
404 608 8
646 24 3
40 634 6
359 537 2
60 51 1
627 517 5
6 587 6
355 229 5
326 588 6
384 473 5
5 231 3
214 613 3
604 77 8
134 33 8
438 194 5
252 397 5
327 421 8
25 464 7
538 112 1
441 327 5
63 266 4
69 103 7
535 208 6
605 299 5
590 126 5
268 624 3
398 19 1
147 439 7
248 208 6
6 37 2
269 334 4
589 631 4
427 95 1
236 173 3
544 276 4
436 207 6
264 193 8
132 44 3
355 441 6
347 467 7
499 638 8
210 632 7
453 62 7
524 275 5
634 308 5
155 177 1
213 414 6
200 522 6
417 582 2
45 234 7
63 187 4
606 608 7
307 16 4
547 374 2
488 293 8
535 384 3
643 180 4
641 625 7
6 429 7
265 90 1
402 200 4
607 632 1
578 478 2
493 363 8
466 195 7
494 490 6
287 337 8
181 2 1
78 323 8
454 343 5
224 105 4
114 518 1
615 243 7
566 336 1
244 174 1
557 366 5
463 265 4
518 63 7
435 387 7
187 102 3
488 115 3
443 619 2
236 212 6
381 110 6
117 98 2
407 355 1
456 13 2
429 553 8
270 200 1
537 318 6
465 382 7
63 24 5
237 216 8
499 197 6
15 488 5
277 510 6
233 94 4
345 596 8
148 461 3
189 388 5
301 192 7
589 329 3
576 198 5
319 474 8
376 493 3
594 398 5
531 371 1
516 32 1
566 169 1
185 210 4
127 146 7
85 583 5
45 60 5
558 297 2
182 468 5
160 604 5
571 536 8
173 508 3
593 392 2
405 100 2
612 504 4
336 297 5
139 342 2
405 52 5
520 461 5
612 515 7
89 472 6
320 173 4
191 241 7
261 108 8
151 32 2
19 204 7
16 517 8
184 296 3
618 317 5
69 513 3
466 566 6
620 507 8
504 395 8
635 329 8
537 16 2
517 644 6
565 556 5
335 326 3
283 495 4
12 645 5
564 475 1
33 564 2
399 235 1
580 632 1
502 300 1
258 626 6
514 103 4
131 507 8
646 642 8
249 637 4
139 50 6
470 283 8
104 78 4
619 259 5
478 145 3
510 638 1
95 282 1
568 285 8
209 481 5
590 465 7
220 119 5
225 26 6
577 285 1
157 543 8
310 432 2
419 540 6
621 237 8
400 475 7
352 27 7
445 151 6
588 317 1
567 641 5
413 94 1
233 532 1
151 64 2
189 37 6
627 460 1
39 98 6
84 574 8
62 395 5
519 282 3
106 485 2
385 237 4
164 338 8
347 192 7
179 435 6
613 558 8
8 586 1
382 252 3
598 349 3
610 354 4
147 294 2
45 72 8
524 225 1
155 472 7
470 231 2
313 524 5
595 118 5
598 260 5
572 476 8
355 561 8
563 573 8
45 352 1
617 409 3
561 636 2
253 78 7
499 380 2
128 206 2
537 463 7
441 311 2
513 159 4
519 517 5
490 415 4
368 564 3
234 63 2
279 325 3
33 166 7
540 272 7
453 14 2
149 36 7
506 192 6
137 441 8
314 601 1
422 203 4
193 478 4
269 143 6
89 299 1
361 36 6
511 414 5
154 494 1
239 147 8
201 167 8
51 160 1
405 395 6
553 634 2
232 55 7
37 192 6
455 427 2
169 348 6
345 495 1
638 387 8
143 498 7
358 508 5
34 520 3
490 633 1
240 285 6
338 558 3
144 443 5
95 225 8
638 512 3
237 351 8
98 195 3
489 551 5
69 189 2
560 626 2
538 213 5
382 642 1
243 67 2
604 460 8
634 641 8
286 471 8
24 366 7
29 136 5
613 6 6
209 533 8
380 497 1
515 342 3
423 492 4
134 519 3
588 118 3
154 218 3
600 98 1
220 612 4
349 592 7
481 374 5
432 166 5
330 244 5
45 430 7
551 338 4
182 441 6
204 312 8
166 418 3
134 617 8
408 571 8
504 100 8
141 588 3
71 390 4
283 218 3
431 404 2
473 433 1
451 496 4
362 261 1
229 517 8
343 313 5
617 483 5
4 320 6
380 196 2
176 415 1
642 14 4
246 607 2
61 556 3
120 149 2
211 538 4
532 518 4
614 121 2
572 619 5
34 153 2
454 224 2
333 341 4
631 399 7
80 188 8
346 538 8
634 395 2
34 137 2
297 216 7
585 534 4
543 517 8
351 115 1
112 208 5
573 312 3
76 470 7
533 389 8
296 269 6
63 54 1
427 165 7
190 185 2
431 372 4
141 320 5
327 53 2
549 448 5
514 23 4
445 429 3
621 639 8
493 553 6
458 4 7
545 197 6
428 379 7
285 6 8
40 361 6
439 174 4
8 192 6
223 611 3
202 3 5
340 381 5
589 35 3
56 310 4
185 107 5
537 97 4
480 450 3
104 274 3
111 251 3
301 307 4
255 186 2
196 477 1
421 362 2
211 625 1
512 241 4
244 121 1
111 610 7
20 125 2
275 142 8
575 415 3
420 549 6
444 231 8
291 489 3
130 320 5
467 617 4
432 380 6
63 192 2
490 446 5
335 13 2
495 453 1
553 556 2
548 300 7
226 411 1
546 579 6
296 221 5
332 340 3
87 488 3
267 169 1
536 337 4
52 160 6
16 382 7
138 292 2
453 10 7
397 613 1
489 266 3
612 315 4
11 262 5
592 35 7
59 499 5
55 625 8
285 71 8
74 137 2
399 239 7
323 397 5
56 375 3
47 316 5
284 598 6
411 157 2
380 275 8
125 244 5
228 100 5
287 372 7
108 279 4
376 348 4
614 606 6
148 100 6
646 600 8
203 403 8
554 388 1
359 357 4
201 521 7
60 76 7
299 79 6
90 285 6
430 644 1
575 177 7
191 57 6
56 415 8
365 604 8
377 571 8
514 389 2
289 471 4
504 261 3
408 157 8
620 301 1
378 270 6
412 182 5
18 169 7
135 561 7
162 194 8
155 348 2
455 307 2
51 34 5
540 557 8
236 536 6
307 548 3
21 623 5
100 326 2
148 231 8
438 559 5
603 428 4
552 614 7
154 252 8
453 322 8
299 114 4
199 265 7
192 355 4
269 315 6
51 567 2
54 505 6
164 123 4
85 512 8
103 151 3
94 323 7
143 407 2
579 280 4
204 510 2
398 356 3
344 626 7
322 369 2
637 387 3
492 150 1
163 563 4
573 611 5
470 237 5
129 610 2
89 581 2
316 260 3
465 26 6
168 404 5
309 266 7
384 162 1
27 109 4
228 15 3
41 356 7
582 563 3
599 255 3
358 335 8
591 4 4
518 567 8
480 366 1
133 65 2
526 131 8
256 169 1
435 174 1
458 3 5
480 211 5
35 539 7
19 63 1
233 378 6
197 242 1
513 206 4
118 105 5
343 629 6
384 615 8
500 231 6
302 474 1
249 356 3
170 516 5
31 51 3
82 611 7
330 527 3
562 162 8
376 275 4
170 492 5
644 211 1
422 530 1
522 13 1
367 156 6
507 271 7
303 139 6
473 286 7
478 357 3
480 195 5
537 57 1
299 576 2
521 110 6
69 176 7
608 29 6
642 136 1
422 636 1
196 594 3
482 436 2
316 146 5
503 60 7
101 639 6
625 632 3
502 341 6
499 509 3
234 99 1
643 252 3
40 71 8
220 120 4
482 114 8
157 589 8
427 331 8
368 84 1
423 460 6
159 593 4
364 337 3
487 540 4
386 205 8
260 354 4
548 24 4
524 269 1
561 316 6
549 31 8
349 530 3
180 200 8
25 620 8
336 638 3
557 512 3
485 384 8
303 456 2
403 72 5
337 172 3
226 453 1
222 14 2
228 359 6
592 347 8
592 227 1
8 14 8
318 193 4
23 153 3
175 558 7
149 260 6
140 459 3
518 420 6
50 5 6
265 93 8
445 533 2
605 101 5
336 575 7
389 316 5
551 431 5
92 3 4
28 63 3
87 177 5
244 339 3
500 126 5
26 588 7
364 595 1
371 417 8
33 21 8
406 343 8
128 193 7
424 404 2
246 294 8
126 612 1
503 560 8
550 464 1
63 234 7
357 213 7
583 214 8
292 537 3
526 368 3
276 365 2
290 103 4
390 89 2
381 129 4
514 382 3
192 577 5
471 390 7
69 456 3
171 363 4
145 114 1
137 84 2
83 487 8
641 204 3
54 205 8
205 234 5
328 343 6
218 572 5
545 438 7
559 27 1
567 218 7
323 157 5
333 503 8
88 548 5
111 334 8
411 633 6
480 475 5
392 278 6
584 192 1
78 84 3
280 101 8
555 624 8
180 237 2
526 108 2
565 488 1
334 501 6
448 201 3
61 339 3
460 267 8
346 638 6
510 64 3
151 119 4
163 149 7
380 440 5
178 509 2
366 525 5
521 228 3
242 36 6
36 339 4
617 385 1
482 300 1
137 468 6
544 199 6
380 27 7
271 27 6
163 113 8
86 305 6
417 64 2
283 425 5
330 9 4
127 201 6
404 425 6
153 229 4
150 82 7
556 412 2
145 643 8
331 333 7
54 364 1
321 403 2
522 198 4
500 535 1
604 615 1
100 331 5
600 523 1
453 74 5
223 63 2
455 120 3
375 473 4
174 445 1
630 270 2
112 315 1
157 143 8
349 150 7
269 179 1
213 49 8
433 379 6
271 16 8
153 347 4
522 623 5
88 238 1
430 424 1
518 308 8
357 193 8
4 65 1
130 46 7
341 643 3
409 420 1
70 135 3
643 387 6
70 310 4
8 93 7
482 548 8
491 588 4
239 115 4
72 195 5
358 326 7
378 627 3
289 271 8
365 348 1
489 192 7
631 507 4
348 79 5
341 109 4
362 395 7
161 61 3
525 181 7
279 633 4
643 569 5
241 297 7
417 638 1
396 497 2
146 296 6
576 24 4
270 43 5
166 513 2
403 161 7
204 293 4
534 337 2
106 498 4
474 82 1
477 446 6
308 434 7
355 400 4
212 442 6
462 382 2
530 155 6
29 561 7
352 149 5
556 112 3
473 138 7
4 26 6
357 238 2
51 587 5
543 48 8
73 28 8
226 416 7
479 326 5
586 541 5
287 561 7
307 329 6
316 168 6
591 89 3
455 566 5
394 630 2
493 127 8
606 496 1
424 71 6
544 214 3
586 73 3
79 93 1
429 256 7
407 150 5
20 171 1
547 50 4
319 31 4
307 442 7
568 511 8
108 523 4
387 503 5
514 283 6
534 140 6
129 220 1
247 604 8
460 46 1
617 556 4
603 346 4
98 406 4
200 2 8
353 510 4
216 545 5
55 465 7
344 492 7
80 196 5
527 109 2
346 424 2
96 62 5
523 295 4
633 259 8
589 204 5
373 641 3
349 633 1
0 163 8
123 160 6
218 177 7
63 589 3
283 382 4
314 233 8
513 320 7
414 584 1
426 326 3
318 602 1
323 81 7
492 202 2
459 31 7
436 366 3
551 231 1
344 41 3
151 526 4
110 412 6
500 444 6
156 354 7
235 21 8
397 316 8
572 425 8
646 472 3
561 109 1
49 309 8
472 484 8
524 386 3
424 35 3
228 35 2
573 624 6
168 384 8
91 22 4
223 362 7
133 306 5
490 112 1
276 242 6
85 621 7
569 415 5
326 7 5
334 177 3
258 363 5
308 440 8
174 398 7
111 635 2
593 460 3
438 13 1
84 270 4
172 382 4
510 141 4
384 194 1
579 331 4
500 563 4
614 526 2
162 223 2
105 562 8
627 530 2
275 140 8
16 530 2
47 48 3
441 296 8
231 341 2
16 85 8
69 237 5
415 510 3
631 5 1
513 319 6
244 370 8
15 34 4
613 295 2
467 465 3
424 214 4
421 208 3
348 152 8
179 306 2
86 354 2
310 435 3
277 27 3
595 175 6
210 212 6
226 285 8
353 283 3
611 86 5
76 281 5
408 173 7
523 212 1
181 453 4
139 298 3
269 360 6
383 563 8
619 419 2
163 294 5
522 188 5
167 534 4
135 215 1
79 89 4
634 578 7
609 307 5
24 299 7
223 347 3
127 349 7
266 201 5
286 394 4
138 29 5
232 103 7
313 545 8
359 177 7
502 187 4
410 477 5
542 488 7
182 581 7
52 6 3
196 520 8
365 290 2
397 184 8
556 127 1
350 188 7
427 403 3
443 35 7
428 403 4
265 217 7
87 565 1
338 533 6
10 493 1
75 44 2
288 304 5
368 207 5
356 336 6
235 308 4
205 242 2
512 419 6
85 572 7
237 13 6
282 294 1
390 457 1
285 426 8
323 459 1
554 284 8
150 20 6
161 75 6
585 164 8
363 233 8
348 251 7
168 526 2
82 459 5
163 493 7
18 506 7
466 406 4
634 225 1
591 269 1
600 446 3
456 492 1
579 181 7
621 545 6
389 414 5
388 138 8
419 62 4
258 500 6
283 509 3
4 524 1
317 615 4
444 20 6
615 123 8
39 95 4
462 589 6
539 533 5
602 220 1
320 394 6
146 56 7
153 543 3
90 337 1
490 238 6
515 397 4
326 345 1
58 263 2
363 141 4