145 1377 7 52 105 
1 0 2
2 1 7
3 1 6
4 0 1
5 2 5
6 5 7
7 0 3
8 5 3
9 8 7
10 1 2
11 8 1
12 5 6
13 1 7
14 5 1
15 11 1
16 7 3
17 12 4
18 3 7
19 13 7
20 19 4
21 13 5
22 13 5
23 18 1
24 10 4
25 13 5
26 8 4
27 24 3
28 24 1
29 2 6
30 2 6
31 26 2
32 8 1
33 25 2
34 8 7
35 5 2
36 33 4
37 25 1
38 4 6
39 7 5
40 25 3
41 28 4
42 32 3
43 29 4
44 35 3
45 20 3
46 13 7
47 10 6
48 39 5
49 47 3
50 7 3
51 25 3
52 26 3
53 37 5
54 46 2
55 5 7
56 31 7
57 12 7
58 36 4
59 2 1
60 36 4
61 56 3
62 42 3
63 21 4
64 27 5
65 57 7
66 6 3
67 32 4
68 8 1
69 8 7
70 54 7
71 7 3
72 6 4
73 8 1
74 72 1
75 28 2
76 51 5
77 76 4
78 63 6
79 27 7
80 24 5
81 36 7
82 30 3
83 58 6
84 40 5
85 74 5
86 72 2
87 47 6
88 86 3
89 37 6
90 1 3
91 36 7
92 32 3
93 23 4
94 22 3
95 89 2
96 32 6
97 49 5
98 81 2
99 9 1
100 25 2
101 93 7
102 65 5
103 64 5
104 53 3
105 23 4
106 34 6
107 104 2
108 56 3
109 22 6
110 87 6
111 7 1
112 56 2
113 30 4
114 100 3
115 101 3
116 67 7
117 11 2
118 9 4
119 109 6
120 39 3
121 108 4
122 43 3
123 23 6
124 89 1
125 123 6
126 84 4
127 81 7
128 103 6
129 104 1
130 66 1
131 103 2
132 31 6
133 70 6
134 132 7
135 88 2
136 49 2
137 129 7
138 110 5
139 100 6
140 123 3
141 2 7
142 13 7
143 138 6
144 129 4
131 67 3
47 42 3
86 45 7
9 124 5
123 109 7
104 42 5
40 16 5
59 79 4
98 85 4
73 82 2
45 35 7
42 122 1
108 21 3
104 57 7
43 88 2
112 46 4
27 106 3
133 106 4
87 81 6
30 143 5
132 94 2
28 69 7
66 15 2
6 114 1
133 120 3
12 87 7
101 137 7
89 110 2
101 78 4
122 20 5
138 14 3
18 90 6
46 138 6
114 50 6
116 37 7
49 97 2
12 103 5
39 8 7
80 118 5
19 96 2
18 100 3
105 49 4
17 139 2
99 63 7
139 64 6
62 69 6
100 6 4
142 26 4
34 54 2
36 41 7
69 41 6
102 8 5
8 60 5
74 134 2
41 135 6
64 142 6
122 133 2
83 39 4
92 68 6
3 51 5
41 105 1
58 104 3
79 49 6
134 83 2
90 28 4
72 104 6
122 117 3
134 69 3
89 91 1
109 25 6
43 136 4
80 62 1
2 116 2
13 142 1
70 75 2
69 31 3
81 13 3
35 117 2
137 130 4
43 112 5
31 15 4
124 43 2
107 1 6
135 95 3
82 54 7
134 39 6
56 71 4
14 123 4
103 111 3
59 89 1
66 67 6
140 3 3
84 35 1
60 6 5
45 59 3
4 95 7
25 10 4
66 62 6
69 12 5
19 122 5
18 76 1
101 61 3
83 43 3
99 15 6
37 130 1
11 10 7
20 127 1
84 8 4
26 69 3
116 118 2
9 46 7
54 128 3
27 46 1
142 84 1
17 23 6
62 81 1
39 96 1
7 54 2
108 22 4
144 46 5
91 80 2
75 51 3
136 32 1
72 14 6
70 68 7
29 124 6
46 39 4
5 105 7
54 74 2
100 103 6
40 98 1
6 62 2
109 42 1
138 39 3
17 14 1
79 58 5
142 18 2
33 23 3
75 95 2
84 15 6
97 59 5
114 75 4
98 50 1
72 138 5
66 137 3
127 6 3
128 113 1
9 98 4
81 63 6
105 61 7
69 39 1
4 30 1
125 50 4
47 63 7
101 141 7
114 1 5
102 22 2
34 49 5
69 45 3
120 128 5
143 102 4
19 40 7
119 50 1
3 106 7
121 58 5
120 101 6
54 29 2
80 64 2
123 56 6
5 12 2
126 114 1
142 118 7
60 141 1
31 94 3
94 135 1
94 2 3
17 47 5
8 66 7
11 33 5
38 51 4
78 99 3
97 101 1
40 33 4
103 11 2
29 109 1
53 57 2
61 7 2
97 47 6
89 71 5
93 125 7
39 4 3
47 118 6
129 72 1
15 71 3
83 5 7
30 61 5
87 15 3
73 136 5
44 6 2
106 29 5
19 72 1
99 21 4
12 14 6
39 67 4
144 109 7
101 135 1
7 75 5
11 2 1
9 61 5
12 30 2
73 70 4
72 126 5
136 65 1
131 60 2
131 100 7
37 27 2
64 8 2
45 141 4
119 144 7
72 22 3
127 0 6
63 126 2
76 126 5
102 125 6
108 44 3
70 4 4
45 72 6
114 5 1
24 13 3
127 83 1
68 40 7
58 63 5
10 115 6
76 112 6
10 133 4
111 10 2
96 75 1
130 69 3
57 94 7
64 30 7
50 34 4
95 9 5
128 142 3
6 97 1
73 77 1
72 42 4
95 48 6
60 46 7
103 144 3
47 124 2
75 117 3
38 11 6
144 120 3
110 131 3
73 36 5
32 18 4
106 134 6
46 20 1
66 134 3
78 118 6
144 76 6
73 111 5
14 13 1
66 47 2
104 123 4
8 29 5
32 66 2
41 88 7
15 80 1
88 124 5
83 9 6
121 69 4
21 81 3
107 45 1
55 117 5
28 90 2
143 77 3
57 15 5
137 144 2
107 102 1
105 87 2
113 118 3
40 12 7
25 114 2
139 82 3
17 46 4
15 76 4
90 70 6
92 10 3
95 66 7
95 126 1
96 56 1
63 12 2
35 91 1
20 81 1
68 140 6
9 82 6
10 142 4
119 27 5
89 17 5
70 112 7
43 123 3
136 75 6
66 57 7
118 21 5
131 7 3
64 39 7
90 107 3
33 79 4
119 7 7
103 17 7
10 90 3
27 91 4
70 101 2
28 103 2
84 77 4
31 131 3
72 25 6
11 137 4
114 90 1
60 4 5
66 111 1
26 95 6
57 73 1
51 56 6
8 120 1
56 83 7
72 128 3
19 32 2
19 45 6
77 90 1
141 38 7
27 9 4
82 35 3
44 31 4
27 93 2
58 106 3
15 63 7
97 139 1
5 108 6
32 5 5
45 32 3
44 26 3
19 94 6
100 56 2
129 55 2
80 40 3
40 36 6
58 61 7
125 46 1
79 104 6
94 108 7
126 104 3
10 31 4
1 130 7
35 58 4
15 38 1
37 73 5
28 45 6
122 57 4
96 31 5
129 8 5
110 95 6
38 110 4
116 8 2
108 86 1
131 59 1
131 13 7
23 75 5
85 124 7
64 115 6
125 57 3
131 32 1
63 132 1
71 38 7
67 113 7
41 118 3
28 73 1
86 90 6
0 70 3
53 13 7
117 106 4
56 117 7
109 3 6
65 9 1
31 30 3
135 4 3
119 11 2
10 48 4
96 71 6
39 104 5
122 59 2
103 18 5
136 59 7
12 97 6
94 3 4
109 39 4
129 25 2
117 93 3
141 67 6
1 24 2
114 106 7
53 30 7
54 50 2
32 92 1
138 50 3
121 128 5
44 12 7
18 79 4
86 41 7
17 104 5
31 56 4
121 67 5
59 49 4
102 24 6
94 130 6
49 5 7
25 116 1
71 74 3
39 15 2
31 16 3
37 1 7
127 69 1
58 89 2
19 84 2
53 114 4
125 98 7
62 101 1
95 69 7
26 9 6
97 115 7
62 72 4
91 30 5
46 132 5
62 84 1
96 17 4
140 98 4
5 99 3
125 109 2
26 52 4
131 140 5
15 117 4
24 140 7
30 37 1
29 30 5
38 87 2
57 6 1
39 136 2
122 91 5
138 46 6
107 86 7
40 100 5
48 108 5
14 136 5
95 127 5
110 19 1
96 115 5
110 132 2
74 142 4
87 75 5
126 74 6
54 72 6
123 9 2
14 124 4
59 78 6
56 74 3
5 141 3
14 24 4
54 23 4
108 136 6
72 37 5
95 121 2
67 98 1
37 64 6
11 90 3
9 11 2
15 9 1
122 17 7
96 78 6
25 64 6
31 122 4
101 129 5
127 70 3
66 139 5
15 74 7
15 87 5
114 44 7
132 28 3
48 107 4
129 109 6
80 41 3
103 25 2
65 121 2
75 0 1
54 16 5
87 100 3
67 16 3
115 98 2
74 125 2
138 53 7
81 7 3
3 53 2
46 121 3
118 78 4
43 122 6
22 111 6
26 76 5
14 60 4
124 86 2
57 119 6
116 76 6
99 76 1
53 128 2
125 33 5
111 92 3
67 81 1
32 122 3
125 27 2
131 111 6
9 76 4
4 103 2
49 25 1
125 80 6
60 52 2
59 135 1
95 0 1
20 35 3
39 99 7
21 60 6
132 61 4
8 30 4
87 43 4
142 82 5
46 21 5
138 137 1
134 89 1
112 60 2
127 135 7
57 120 2
9 21 3
52 34 2
38 28 4
71 42 7
106 62 1
7 135 4
34 91 6
54 104 2
121 98 2
132 89 7
123 38 3
143 134 1
85 137 2
113 101 2
115 59 3
16 67 5
65 45 6
111 86 2
129 117 3
29 125 5
23 86 5
15 97 3
41 93 6
60 50 7
6 18 4
86 127 6
25 56 6
74 64 7
25 126 3
112 20 1
88 130 2
106 89 7
47 125 5
112 63 2
28 118 3
118 7 4
92 30 3
18 45 2
0 28 7
127 108 1
41 112 2
16 122 4
34 55 2
57 54 6
58 49 3
52 70 1
33 123 2
74 18 4
133 119 3
94 77 2
49 6 4
34 139 7
37 54 3
15 140 6
142 57 4
33 134 1
59 10 7
77 51 1
102 37 1
50 10 3
96 116 4
75 106 4
84 59 1
51 45 1
3 136 1
12 39 1
40 11 1
33 136 2
23 132 6
143 27 6
72 140 3
96 51 5
105 109 6
104 113 1
62 32 1
44 72 4
115 132 7
53 109 7
133 85 3
16 125 4
76 67 7
140 115 1
11 119 1
139 143 4
90 63 2
45 3 3
38 114 5
79 22 3
14 111 3
82 41 3
70 44 7
57 45 7
119 43 4
125 36 3
65 32 5
11 31 7
66 105 3
114 13 1
63 79 4
32 94 1
140 121 5
73 113 5
56 40 3
52 62 6
34 122 1
83 143 3
9 43 3
15 128 6
133 68 6
104 97 3
34 10 3
130 120 6
131 121 3
131 137 1
135 31 6
112 65 3
9 95 5
136 99 1
36 19 3
59 104 5
140 138 5
102 123 1
79 62 1
18 87 2
30 11 2
30 80 4
51 78 2
43 91 3
46 89 1
142 21 3
6 116 5
29 83 7
109 19 3
113 37 1
9 0 2
117 77 6
55 134 4
113 11 2
42 135 2
47 76 5
8 117 4
66 127 1
36 2 1
134 30 3
78 9 4
50 78 5
121 88 2
94 80 5
36 109 2
50 127 2
108 28 5
118 5 5
6 33 5
51 57 4
108 126 5
86 140 1
53 3 6
58 34 7
114 69 6
78 66 2
108 116 6
129 26 4
53 75 2
108 109 4
1 48 2
21 122 2
59 14 7
50 24 1
114 144 7
94 92 6
84 48 6
47 82 5
96 48 5
54 9 1
134 88 3
91 79 5
143 28 1
136 3 3
127 10 3
103 47 4
24 33 5
85 106 2
5 45 7
103 97 3
26 110 4
14 57 2
32 3 1
38 82 1
51 86 2
120 38 5
76 129 5
98 60 2
15 8 7
131 68 4
91 28 3
119 45 4
46 2 2
128 64 5
127 13 4
29 104 1
69 100 6
103 0 3
67 99 2
82 85 2
40 28 5
134 75 7
83 31 2
83 71 3
115 99 6
1 26 4
120 144 3
25 14 4
55 144 7
46 23 4
16 30 4
98 53 6
82 33 4
18 50 3
78 69 1
121 76 6
120 95 7
96 37 5
93 27 1
66 94 3
41 124 2
23 45 2
121 137 2
94 69 1
113 89 6
99 19 6
111 21 7
7 68 3
5 98 1
67 43 7
94 95 1
104 82 7
130 64 6
26 117 2
29 7 5
22 72 6
2 55 5
85 9 2
28 32 1
74 99 4
89 3 5
12 134 6
124 144 1
19 91 4
104 93 7
59 30 5
12 18 5
105 144 3
105 32 1
58 94 5
129 83 7
49 75 3
113 67 5
21 50 6
6 133 1
20 121 7
18 101 1
56 110 7
129 27 7
61 120 7
88 66 1
31 23 4
55 88 4
94 102 5
99 140 1
9 38 3
81 27 2
110 25 1
11 40 2
79 121 6
2 17 1
43 142 6
104 51 6
115 20 4
23 43 6
122 99 6
126 116 5
107 116 5
91 100 6
25 35 3
34 99 6
58 131 7
108 68 2
46 80 2
85 126 3
108 93 4
131 54 2
139 88 7
40 102 5
14 23 2
32 1 4
38 6 5
137 18 7
4 114 6
34 73 4
93 31 2
49 24 7
92 136 6
36 130 7
37 74 6
131 135 5
69 54 5
100 60 5
19 46 6
117 42 6
57 66 6
30 63 7
96 94 7
91 101 3
24 101 3
142 47 2
55 0 7
51 142 2
110 126 2
21 113 5
74 104 7
134 62 6
56 78 3
13 16 7
9 31 6
52 41 4
40 118 1
121 48 1
91 121 6
47 46 1
18 102 2
130 85 3
124 116 3
102 144 7
118 62 4
16 45 5
109 123 4
131 22 5
89 6 5
134 92 1
129 113 6
62 27 6
46 122 6
23 12 4
84 62 4
89 20 2
136 118 1
138 125 7
65 137 5
55 61 3
56 93 3
118 54 5
83 141 3
64 4 4
70 42 1
49 122 2
45 65 5
9 44 3
132 142 3
101 53 5
60 32 7
47 97 1
106 140 7
85 139 5
1 105 4
0 86 7
88 42 5
1 127 4
14 130 1
137 52 5
53 31 7
72 122 4
139 19 4
98 45 4
13 87 6
22 70 5
110 66 5
5 39 7
100 28 5
120 138 6
86 69 7
58 96 6
103 58 7
140 51 6
128 25 2
139 23 3
79 93 6
143 103 3
54 130 7
40 92 1
144 3 1
56 140 1
95 79 2
37 95 6
88 26 5
102 2 3
38 63 7
19 25 2
59 72 4
138 60 6
119 57 1
113 122 4
64 85 1
109 93 2
116 90 4
113 52 3
133 137 4
129 103 2
1 31 4
17 19 7
129 141 3
128 46 6
40 96 6
133 58 1
82 69 1
91 135 5
141 121 7
10 46 7
104 4 3
101 110 7
51 76 6
35 135 2
72 41 2
19 28 1
84 91 2
32 80 6
138 87 4
25 99 1
64 2 7
75 137 4
17 35 1
38 23 5
129 40 5
132 12 3
23 68 3
73 10 5
141 37 6
46 98 5
93 39 4
118 116 2
124 143 4
8 131 7
48 25 6
74 30 5
125 99 2
13 29 1
24 132 2
80 32 2
61 14 6
116 16 2
122 71 5
102 58 7
44 14 4
57 83 4
131 49 2
67 6 2
93 122 5
39 76 6
106 83 5
109 99 4
124 16 5
110 86 4
49 86 2
89 1 6
139 90 7
35 104 5
82 127 5
90 102 6
116 26 3
74 66 4
124 9 6
45 96 5
10 59 4
105 131 7
96 25 6
117 18 4
34 19 4
120 132 7
41 7 2
113 82 6
112 131 1
107 26 2
54 113 7
92 99 4
125 35 6
122 23 2
29 133 4
119 93 5
132 98 2
138 119 2
117 72 4
107 34 1
109 127 2
79 53 7
2 124 6
56 120 5
40 62 4
19 124 5
89 28 7
129 93 5
55 108 2
114 29 4
66 58 4
1 121 1
46 78 5
21 72 6
22 69 7
126 57 7
43 115 7
57 136 7
95 90 5
118 101 4
76 125 3
44 81 4
60 5 7
105 33 1
2 98 6
20 82 1
11 9 2
33 19 7
45 123 5
121 89 1
62 97 4
16 107 4
7 22 3
59 106 1
109 135 1
71 72 5
66 40 2
114 11 5
35 57 1
104 8 2
20 100 7
5 18 5
117 114 7
96 90 2
136 96 7
113 106 1
122 58 2
64 92 1
110 46 5
40 132 7
74 126 6
104 84 2
43 77 5
22 24 3
65 133 4
47 129 1
16 118 7
60 79 4
55 40 4
19 115 1
0 47 5
31 54 6
55 48 1
114 28 7
91 20 4
108 138 4
92 132 4
61 122 1
10 143 5
31 110 5
51 10 5
99 6 7
9 80 4
88 119 2
124 3 1
126 6 6
104 128 4
50 142 6
119 130 1
120 99 2
141 119 7
60 135 5
29 144 2
57 101 4
11 88 4
124 123 6
78 113 7
114 42 3
16 4 5
56 44 5
84 69 2
113 99 2
53 34 2
94 71 4
15 0 7
132 57 4
94 66 6
105 137 5
54 17 1
48 88 6
75 125 1
84 17 7
94 143 1
35 69 4
115 134 4
82 32 3
124 128 5
121 135 2
115 62 2
41 38 6
20 116 7
119 141 6
21 58 3
51 137 1
60 100 7
34 21 7
141 29 3
49 52 7
67 83 3
94 68 4
140 61 1
114 31 6
6 35 3
135 66 4
142 120 5
53 113 6
116 92 7
106 45 3
86 52 4
14 31 7
15 23 3
85 16 4
7 5 1
140 78 3
108 23 1
30 9 1
92 121 7
117 61 7
90 85 5
75 47 1
44 48 7
127 134 7
71 46 4
50 100 5
99 60 5
108 90 5
43 84 5
131 11 4
10 131 1
115 140 2
73 83 2
27 38 1
56 81 3
118 130 7
66 98 2
69 85 6
95 132 7
4 126 5
46 17 6
98 37 3
44 74 2
7 70 7
115 49 7
7 107 1
90 88 7
137 17 7
133 2 5
107 16 1
51 49 2
134 14 5
9 88 6
0 111 2
36 102 4
129 7 6
42 22 5
27 104 6
87 123 3
105 22 5
87 102 6
6 29 5
78 10 1
102 80 3
121 131 3
30 34 3
134 90 4
136 134 6
143 42 3
37 98 1
15 107 3
31 124 2
123 142 5
77 122 4
93 20 2
19 15 4
23 63 4
25 37 7
123 81 2
15 130 6
78 47 7
135 1 6
3 100 6
47 89 5
31 77 2