765 6397 5 467 760 
1 0 3
2 0 4
3 0 3
4 2 5
5 4 3
6 4 5
7 3 1
8 2 2
9 8 2
10 0 2
11 9 5
12 10 5
13 7 5
14 6 4
15 3 4
16 10 5
17 15 4
18 1 3
19 5 3
20 13 4
21 10 2
22 6 2
23 15 3
24 15 2
25 6 4
26 0 3
27 9 2
28 5 1
29 2 5
30 11 4
31 29 4
32 24 3
33 19 5
34 16 3
35 22 5
36 31 3
37 3 3
38 14 4
39 19 3
40 6 1
41 19 4
42 29 4
43 6 1
44 6 1
45 14 1
46 14 2
47 45 2
48 9 2
49 7 3
50 45 4
51 24 1
52 4 1
53 36 1
54 15 1
55 44 2
56 6 2
57 43 2
58 37 2
59 29 3
60 44 4
61 53 2
62 29 2
63 29 3
64 34 1
65 37 1
66 52 5
67 13 4
68 41 1
69 65 2
70 12 1
71 58 2
72 11 2
73 6 5
74 69 3
75 8 5
76 56 2
77 22 2
78 51 5
79 9 1
80 49 4
81 34 2
82 56 5
83 14 4
84 78 5
85 71 4
86 31 3
87 49 4
88 22 3
89 14 2
90 67 2
91 13 2
92 9 4
93 71 4
94 30 5
95 61 3
96 35 1
97 0 5
98 38 1
99 43 2
100 46 5
101 31 3
102 45 4
103 93 3
104 77 3
105 36 4
106 44 2
107 5 1
108 73 2
109 101 5
110 44 2
111 25 3
112 84 4
113 45 5
114 28 2
115 95 5
116 54 5
117 36 3
118 40 2
119 24 4
120 95 3
121 42 1
122 25 5
123 61 3
124 16 2
125 106 4
126 109 3
127 119 4
128 36 5
129 31 5
130 106 1
131 4 2
132 33 2
133 47 4
134 70 1
135 87 2
136 91 1
137 68 1
138 88 1
139 68 3
140 35 1
141 91 3
142 70 5
143 142 5
144 46 5
145 130 4
146 131 5
147 81 2
148 11 1
149 114 2
150 113 4
151 109 4
152 35 3
153 66 4
154 33 3
155 69 3
156 140 4
157 49 1
158 105 4
159 7 5
160 139 2
161 155 5
162 143 5
163 161 2
164 96 2
165 138 5
166 17 2
167 161 5
168 3 1
169 87 5
170 146 2
171 136 3
172 155 4
173 129 5
174 156 1
175 130 4
176 58 1
177 121 2
178 63 1
179 171 5
180 126 1
181 61 1
182 64 1
183 98 4
184 67 3
185 70 5
186 152 1
187 112 4
188 129 3
189 71 1
190 76 2
191 39 3
192 136 1
193 168 4
194 62 1
195 44 2
196 144 5
197 54 5
198 168 2
199 73 2
200 95 2
201 165 2
202 185 2
203 43 1
204 38 1
205 44 5
206 168 3
207 129 1
208 31 4
209 125 4
210 27 1
211 152 1
212 33 2
213 5 3
214 102 1
215 8 1
216 41 3
217 157 1
218 56 2
219 120 2
220 102 2
221 130 1
222 141 5
223 125 4
224 127 1
225 106 3
226 154 5
227 66 5
228 177 1
229 200 1
230 39 2
231 95 4
232 1 5
233 52 4
234 139 2
235 90 3
236 211 2
237 5 5
238 171 3
239 178 5
240 3 5
241 96 4
242 235 5
243 68 3
244 158 4
245 96 5
246 30 1
247 138 2
248 77 4
249 30 4
250 242 3
251 209 2
252 221 2
253 52 3
254 184 5
255 191 1
256 88 5
257 237 3
258 164 2
259 193 3
260 71 1
261 56 1
262 204 2
263 43 4
264 241 2
265 221 1
266 252 3
267 96 2
268 23 1
269 179 3
270 159 3
271 94 5
272 152 2
273 18 5
274 60 1
275 90 4
276 173 3
277 276 5
278 96 5
279 140 3
280 87 4
281 215 2
282 94 5
283 244 5
284 162 4
285 144 4
286 132 4
287 57 3
288 276 5
289 271 5
290 241 1
291 176 4
292 158 2
293 230 5
294 0 1
295 152 4
296 206 2
297 77 5
298 112 4
299 242 2
300 51 1
301 11 5
302 110 2
303 36 4
304 0 2
305 95 2
306 111 3
307 97 4
308 258 4
309 162 5
310 299 2
311 259 3
312 205 1
313 156 1
314 34 2
315 56 5
316 294 5
317 89 4
318 12 3
319 162 4
320 188 5
321 63 2
322 15 3
323 278 4
324 307 2
325 34 4
326 246 4
327 13 4
328 239 5
329 185 3
330 134 1
331 29 1
332 204 2
333 265 3
334 56 3
335 20 3
336 193 2
337 313 5
338 37 4
339 336 4
340 141 3
341 152 3
342 333 4
343 323 5
344 296 1
345 98 1
346 1 2
347 238 4
348 136 1
349 153 4
350 220 1
351 128 4
352 51 1
353 57 1
354 78 1
355 324 2
356 113 2
357 154 5
358 221 4
359 212 1
360 256 3
361 156 1
362 209 4
363 105 5
364 110 3
365 298 3
366 264 3
367 7 2
368 256 1
369 243 4
370 334 2
371 82 1
372 190 4
373 68 4
374 173 5
375 290 2
376 166 5
377 24 2
378 294 1
379 7 1
380 205 4
381 221 1
382 130 5
383 336 4
384 202 2
385 114 5
386 186 5
387 247 4
388 154 4
389 346 1
390 152 3
391 49 2
392 294 5
393 7 5
394 346 5
395 165 2
396 395 3
397 107 5
398 187 1
399 50 2
400 164 1
401 1 3
402 136 2
403 281 4
404 213 5
405 53 1
406 5 2
407 356 4
408 305 1
409 405 1
410 333 2
411 233 1
412 379 3
413 84 5
414 396 4
415 267 2
416 379 5
417 360 3
418 384 3
419 270 1
420 24 2
421 382 4
422 294 2
423 9 3
424 296 3
425 185 4
426 62 5
427 131 2
428 97 3
429 153 2
430 307 5
431 379 1
432 226 2
433 411 4
434 311 1
435 27 1
436 369 1
437 101 1
438 55 5
439 351 5
440 203 1
441 87 1
442 180 3
443 363 1
444 57 2
445 332 3
446 112 5
447 35 4
448 162 4
449 445 2
450 418 3
451 385 2
452 282 2
453 115 4
454 150 1
455 391 2
456 142 5
457 391 3
458 15 5
459 85 3
460 285 3
461 276 1
462 66 2
463 375 4
464 211 1
465 316 2
466 286 4
467 251 2
468 145 5
469 391 5
470 232 2
471 378 5
472 183 4
473 237 5
474 33 5
475 149 1
476 125 5
477 380 2
478 14 3
479 401 1
480 430 2
481 228 1
482 190 4
483 272 5
484 459 3
485 204 4
486 187 1
487 378 1
488 7 2
489 253 2
490 236 3
491 31 3
492 390 5
493 115 1
494 276 1
495 297 1
496 349 2
497 438 4
498 401 2
499 134 3
500 74 4
501 297 4
502 204 3
503 92 2
504 463 2
505 58 5
506 254 2
507 171 1
508 181 2
509 77 1
510 365 5
511 250 2
512 145 4
513 361 4
514 509 4
515 267 3
516 1 4
517 326 5
518 111 1
519 378 4
520 277 4
521 144 4
522 190 2
523 86 5
524 430 2
525 34 3
526 147 3
527 398 3
528 372 4
529 463 1
530 155 3
531 294 4
532 371 5
533 401 2
534 77 1
535 401 5
536 86 3
537 425 4
538 295 5
539 128 2
540 438 4
541 464 2
542 402 5
543 277 3
544 411 2
545 243 1
546 488 5
547 534 1
548 31 3
549 43 1
550 188 3
551 264 5
552 108 3
553 320 2
554 219 4
555 535 1
556 302 4
557 210 4
558 8 4
559 253 1
560 392 3
561 448 4
562 476 3
563 458 3
564 318 4
565 443 3
566 121 2
567 510 5
568 511 2
569 223 2
570 497 4
571 9 4
572 564 1
573 558 4
574 497 3
575 572 4
576 316 4
577 240 5
578 144 2
579 426 3
580 530 4
581 17 4
582 332 5
583 274 3
584 75 4
585 150 3
586 513 5
587 157 4
588 269 4
589 460 4
590 384 1
591 94 3
592 70 1
593 99 3
594 433 2
595 473 1
596 377 3
597 503 5
598 413 5
599 171 4
600 358 1
601 151 5
602 560 2
603 522 3
604 504 4
605 300 1
606 299 3
607 547 1
608 471 4
609 112 4
610 85 2
611 173 2
612 204 1
613 151 4
614 600 5
615 263 1
616 126 2
617 156 3
618 20 2
619 519 3
620 52 4
621 238 5
622 46 4
623 82 4
624 444 1
625 212 3
626 76 4
627 365 2
628 555 3
629 315 5
630 203 5
631 473 1
632 56 3
633 269 2
634 230 4
635 454 3
636 27 3
637 425 5
638 489 4
639 397 2
640 160 3
641 526 2
642 243 3
643 241 1
644 588 3
645 392 4
646 479 4
647 18 2
648 25 5
649 392 2
650 649 4
651 498 1
652 189 5
653 293 5
654 320 5
655 130 4
656 69 1
657 33 1
658 101 4
659 136 4
660 549 2
661 475 2
662 228 1
663 555 1
664 52 1
665 488 5
666 58 2
667 228 3
668 0 2
669 163 3
670 258 4
671 422 5
672 311 4
673 245 5
674 145 5
675 376 5
676 391 5
677 535 4
678 223 1
679 209 1
680 511 2
681 256 5
682 190 1
683 105 2
684 67 2
685 19 1
686 685 4
687 309 1
688 9 3
689 510 2
690 566 4
691 587 2
692 115 2
693 478 4
694 581 2
695 442 2
696 438 5
697 445 4
698 9 2
699 100 3
700 201 5
701 472 5
702 362 2
703 568 5
704 487 5
705 610 2
706 453 1
707 324 1
708 88 2
709 641 3
710 331 5
711 561 2
712 625 3
713 345 3
714 413 3
715 517 1
716 164 3
717 645 2
718 509 1
719 309 1
720 590 3
721 387 3
722 675 4
723 415 3
724 687 3
725 488 1
726 542 4
727 89 2
728 567 5
729 312 4
730 73 5
731 416 3
732 336 2
733 209 3
734 7 3
735 482 2
736 121 5
737 639 2
738 560 1
739 451 2
740 693 1
741 58 5
742 417 4
743 432 4
744 154 4
745 389 3
746 404 1
747 343 1
748 69 1
749 93 5
750 241 1
751 484 3
752 439 3
753 632 2
754 688 3
755 274 3
756 588 1
757 669 4
758 429 3
759 239 5
760 240 4
761 499 2
762 461 1
763 107 3
764 475 3
527 295 5
453 388 4
54 730 4
675 547 5
67 93 5
351 21 2
365 700 1
263 237 1
709 637 2
358 419 3
38 202 1
717 197 2
538 725 5
143 71 5
596 42 5
342 76 3
303 403 5
631 740 1
396 756 2
250 193 3
463 149 4
175 138 5
195 755 3
287 743 3
755 718 3
16 105 3
201 581 3
724 15 1
516 764 5
568 391 1
109 290 4
718 210 2
62 312 3
14 434 2
55 11 4
407 507 5
440 539 5
377 286 5
176 218 1
620 58 2
260 109 1
3 170 3
670 703 5
253 119 4
551 694 2
249 116 4
454 427 4
369 120 3
531 636 5
439 572 3
354 517 4
593 687 3
348 187 5
726 304 5
146 494 4
24 235 4
610 513 4
177 666 4
276 499 5
291 268 3
141 688 1
712 335 3
345 709 3
68 28 4
239 327 5
233 347 2
190 606 3
123 692 2
454 120 3
134 591 5
396 445 2
84 702 1
677 751 4
567 450 5
483 488 3
165 196 3
158 122 4
322 320 2
291 430 4
188 598 1
318 505 1
166 281 2
680 243 4
156 51 5
116 151 1
529 713 4
693 85 2
344 149 3
9 533 4
50 39 5
102 419 3
388 69 1
283 684 1
678 458 1
215 420 4
68 532 2
546 294 2
371 339 2
582 568 4
211 264 5
379 492 1
98 300 5
145 106 5
75 221 1
423 3 1
525 454 1
678 761 3
739 168 1
1 332 2
499 108 2
325 323 4
407 461 3
463 107 3
689 665 2
245 463 4
329 20 5
14 757 1
44 392 5
405 231 1
560 299 1
468 756 4
149 445 2
373 245 2
113 161 5
551 202 1
212 694 1
362 590 2
287 753 3
7 274 4
137 89 3
497 573 3
640 638 3
349 580 5
499 291 5
580 532 1
418 337 4
483 425 1
732 223 5
456 613 2
289 618 1
556 672 3
636 384 3
226 654 4
37 617 1
607 96 5
751 621 5
261 538 5
658 147 5
698 277 2
374 595 5
219 554 4
755 700 3
458 750 1
94 9 1
700 351 3
539 148 4
72 495 5
740 189 1
152 414 5
61 333 4
272 666 4
188 511 2
8 567 5
353 618 4
431 525 4
231 459 4
239 476 5
15 602 2
179 430 3
573 555 3
169 362 2
389 645 5
751 26 4
340 259 1
663 630 3
332 459 4
591 108 4
753 325 5
236 97 4
143 658 4
325 149 1
408 473 5
764 245 4
578 616 1
121 468 2
471 611 2
753 716 2
399 423 1
124 283 2
377 254 1
215 393 2
400 679 5
4 167 3
668 723 2
686 535 3
484 452 2
214 670 4
273 245 5
13 181 1
404 114 3
88 610 5
628 757 3
624 496 4
506 492 3
52 385 3
647 410 3
346 632 1
579 556 4
633 47 4
249 577 1
353 554 1
24 417 2
326 145 4
633 348 2
480 746 1
554 242 2
709 384 2
12 83 1
511 190 4
645 275 1
389 718 4
283 380 5
9 463 5
412 395 3
750 527 4
490 400 3
18 294 2
231 187 1
79 558 4
70 584 1
113 246 2
502 222 4
435 490 2
212 115 4
750 604 4
60 371 5
712 281 5
411 721 3
235 152 1
224 602 5
366 407 5
687 475 4
606 147 3
12 715 5
712 519 4
16 301 2
460 763 4
451 594 5
228 226 3
442 0 4
509 194 4
601 355 2
235 197 4
628 301 3
135 498 5
665 202 3
369 642 1
538 610 3
277 725 2
665 15 5
736 677 5
355 258 2
372 423 2
446 326 5
480 683 3
750 346 4
216 68 3
252 588 3
633 619 4
121 267 1
720 121 5
519 279 5
417 693 3
630 587 4
723 95 3
159 472 5
524 701 2
499 523 3
670 288 4
6 49 2
510 551 4
398 500 3
50 679 4
668 121 2
282 302 4
96 178 3
740 706 1
651 758 2
254 505 4
354 253 1
99 595 1
763 732 1
38 338 3
418 697 5
57 389 5
194 259 4
401 4 2
316 152 2
353 489 2
314 310 4
100 763 3
26 433 2
376 230 2
717 330 1
378 76 1
542 731 5
749 473 5
596 580 4
538 498 1
274 409 2
588 284 1
742 448 3
753 426 5
93 374 2
244 163 1
682 333 4
496 118 3
35 173 2
654 585 3
5 33 5
69 19 5
204 713 5
306 747 5
557 504 3
653 180 5
455 525 4
100 667 4
6 541 2
297 359 4
154 321 2
329 132 3
239 480 1
400 172 4
708 89 2
420 87 3
339 8 4
134 605 1
336 478 5
323 30 4
138 688 3
371 116 4
697 584 1
35 266 1
661 468 2
198 448 4
309 579 3
201 312 2
753 482 5
493 111 5
688 37 3
12 281 2
746 568 3
151 690 3
746 458 5
21 248 1
33 107 3
423 173 3
241 445 3
612 759 2
171 633 3
6 289 4
370 627 5
94 274 1
214 435 2
165 136 4
231 115 5
487 414 3
31 131 2
30 506 4
353 600 4
297 611 1
143 733 2
325 313 4
633 232 4
597 328 2
262 279 4
72 703 3
143 759 5
374 729 5
449 16 4
532 440 3
691 586 5
238 617 5
731 83 5
41 4 3
199 367 4
489 659 4
482 394 2
594 600 2
182 23 2
422 14 4
318 40 5
227 754 1
29 54 4
705 666 3
726 294 2
456 635 2
74 324 4
109 557 1
85 606 1
422 515 5
46 134 1
419 374 1
576 330 3
323 685 5
72 667 5
305 603 2
395 405 4
547 509 5
120 160 2
29 110 2
378 695 5
170 566 3
482 477 4
70 255 1
327 587 5
733 670 3
590 283 5
562 607 1
163 505 5
692 226 1
106 11 4
331 625 4
575 43 3
301 336 5
201 35 2
676 330 3
621 637 5
426 652 1
125 147 3
223 248 4
135 616 2
143 504 1
92 212 1
538 250 2
669 619 1
365 27 3
147 325 3
591 558 1
659 125 5
692 243 3
545 47 1
43 251 1
426 530 4
564 91 5
149 465 1
392 433 1
520 25 4
419 227 3
122 357 3
206 129 2
557 114 5
628 84 5
672 58 3
718 12 3
153 232 5
63 373 1
677 758 1
485 454 1
75 613 2
514 298 3
341 261 3
296 603 4
623 64 3
144 206 1
471 157 1
53 154 3
198 352 2
545 578 1
310 643 3
584 129 5
540 297 3
736 458 1
210 556 5
98 668 4
149 248 4
699 409 3
424 246 3
1 204 2
748 599 3
529 306 4
621 368 2
8 13 3
636 7 5
396 354 4
554 608 5
397 330 4
196 74 2
376 309 5
341 336 2
334 746 3
643 344 2
739 411 2
227 614 3
434 379 1
652 749 2
618 36 3
669 445 2
23 389 3
619 330 5
593 118 4
116 628 4
201 281 2
97 65 5
275 420 4
680 526 2
236 429 5
201 192 4
227 170 5
127 408 4
628 61 5
232 326 1
437 601 2
540 280 1
98 288 3
559 81 5
452 304 2
312 670 4
686 648 3
294 650 4
246 66 1
338 123 4
516 375 4
251 708 3
584 435 3
365 109 1
230 275 3
540 369 3
345 642 3
429 665 5
664 177 5
395 460 3
530 148 1
212 725 4
664 691 2
471 93 3
405 334 1
202 390 1
56 24 3
430 681 4
477 627 4
532 391 2
23 674 2
233 569 5
644 423 2
628 73 1
388 569 2
67 485 4
465 103 4
349 48 4
70 565 3
27 239 1
730 386 4
584 362 1
717 250 5
158 764 2
566 670 1
78 637 3
451 719 2
374 273 4
130 407 1
82 574 3
406 429 2
137 412 4
364 169 5
502 741 3
658 307 4
182 614 4
233 76 1
60 243 2
534 721 5
10 396 5
108 693 3
325 18 1
109 519 3
394 405 2
207 374 3
420 124 5
400 135 4
579 256 1
635 645 2
410 404 1
182 417 3
157 199 5
88 557 2
150 702 5
16 400 2
305 358 2
453 273 4
706 37 3
495 528 4
196 257 1
203 205 1
738 358 2
674 229 2
320 214 2
64 52 1
587 169 5
650 620 5
630 122 4
378 355 3
516 406 5
226 375 4
530 122 2
538 213 4
388 451 3
612 642 1
642 2 3
671 63 4
546 733 2
441 595 1
270 680 4
191 345 3
360 488 2
5 206 5
262 221 3
349 370 3
637 580 3
509 499 1
689 488 1
482 263 5
60 497 4
24 447 2
465 419 5
746 56 5
321 122 3
582 373 1
239 150 4
719 89 4
707 246 3
545 654 3
389 710 3
346 78 5
740 383 5
386 610 3
443 379 2
478 746 3
272 309 4
632 457 5
505 21 1
392 693 2
482 30 2
722 37 5
449 181 2
196 416 5
484 627 3
457 305 4
63 225 5
484 325 4
333 17 1
706 412 3
151 434 3
355 734 3
463 181 1
470 737 1
250 230 4
85 735 2
488 744 1
142 415 2
74 274 3
271 75 4
578 559 2
449 25 1
566 296 3
453 129 1
344 621 3
708 224 3
174 226 3
651 594 4
396 68 4
560 718 5
398 641 1
723 31 4
123 3 4
264 320 2
614 21 3
577 280 2
81 46 5
59 573 1
278 516 4
407 27 5
205 589 1
372 167 1
721 286 5
284 274 2
270 43 3
743 189 3
146 59 2
345 252 2
325 167 4
620 33 3
332 632 5
77 511 4
63 84 1
385 71 1
653 158 3
641 297 5
219 457 4
443 397 1
701 441 3
394 437 1
177 511 5
391 470 2
379 488 5
165 632 2
383 222 2
237 253 1
340 323 1
409 254 4
166 755 1
53 288 3
374 396 4
223 375 2
747 383 2
275 628 3
577 241 1
124 156 1
394 388 1
664 558 2
713 429 2
740 318 5
589 432 3
335 513 4
422 599 1
86 309 4
295 622 2
484 689 2
297 149 5
636 88 3
484 644 2
326 720 5
187 613 1
271 70 1
725 138 4
736 193 5
649 420 1
17 731 2
602 213 3
683 579 3
522 77 4
10 25 5
211 101 3
247 683 5
34 641 1
32 311 3
647 116 3
381 385 2
243 106 3
568 127 4
641 311 4
520 558 2
156 277 3
395 428 5
8 343 5
286 555 5
478 532 4
260 320 5
231 335 5
412 645 3
583 557 1
746 410 1
70 534 5
501 309 2
514 20 1
456 182 3
335 757 3
202 396 1
581 698 4
326 455 2
358 400 5
342 738 2
405 661 1
572 192 2
357 521 2
480 376 1
357 491 1
340 312 3
342 234 5
111 362 4
294 388 1
214 291 1
349 183 3
443 36 2
676 443 2
247 434 3
525 410 1
742 507 2
312 679 3
456 363 4
47 98 5
64 179 3
276 262 4
730 413 3
201 671 1
378 64 4
172 327 5
153 758 3
576 106 5
369 690 3
269 556 5
395 584 5
263 8 3
173 751 5
683 123 1
198 126 1
430 67 5
49 178 1
633 31 2
660 339 3
413 250 4
678 518 4
313 116 2
392 491 3
399 742 4
67 124 2
605 609 4
260 267 3
721 50 3
213 192 3
601 301 3
72 327 1
370 527 5
16 209 3
662 30 1
104 80 5
705 746 5
136 561 5
498 394 4
186 531 3
665 596 1
457 278 5
383 427 3
417 734 1
615 356 2
399 574 4
491 737 3
415 128 5
391 83 4
320 195 2
754 452 3
169 753 2
691 505 3
352 492 1
130 222 4
560 51 4
169 201 5
106 249 4
547 228 4
751 626 1
304 409 3
689 673 5
445 128 1
583 474 1
637 589 1
497 279 1
673 16 2
760 143 4
130 140 4
490 613 1
755 498 3
292 234 4
752 90 4
696 631 2
47 201 3
564 485 2
14 417 2
25 315 4
461 322 4
420 436 3
540 608 5
254 86 5
45 350 3
389 96 1
58 570 4
651 562 1
0 119 5
669 514 5
85 368 4
26 51 2
698 234 1
576 444 5
602 44 5
413 513 4
456 132 3
428 578 2
762 128 4
715 648 2
623 680 5
617 97 4
33 249 2
4 72 5
266 356 5
688 123 3
275 419 4
412 150 4
563 64 5
463 163 2
455 174 2
444 45 3
597 45 2
590 688 4
544 145 3
54 94 5
283 578 3
53 568 2
615 421 2
366 378 2
651 529 3
329 8 4
688 8 5
599 535 1
451 750 5
578 679 3
219 88 3
198 493 1
635 262 5
497 501 1
635 674 3
695 690 3
309 344 3
192 284 1
589 513 3
412 399 4
334 124 4
622 68 2
730 336 1
556 421 3
498 450 4
664 119 3
759 525 5
686 286 2
88 422 5
242 584 2
212 575 1
683 757 1
692 57 5
601 208 2
516 563 2
482 660 4
435 373 4
646 437 3
1 689 2
727 297 4
470 698 2
241 477 5
681 544 2
679 386 3
55 252 5
744 236 5
700 257 1
26 333 4
42 489 4
646 414 4
301 204 2
669 589 3
472 111 2
216 189 3
635 389 5
249 398 1
264 325 1
223 36 2
148 80 3
519 472 1
383 72 5
206 587 1
329 625 4
145 659 3
60 358 3
414 315 3
555 245 2
416 237 5
267 544 1
402 181 4
211 339 4
302 336 5
577 43 5
60 588 4
553 720 4
361 244 3
739 186 4
7 352 5
754 138 5
288 644 1
142 271 5
119 201 5
603 243 4
275 104 4
395 612 4
476 725 4
38 477 2
73 593 1
466 93 3
250 538 2
434 391 3
285 545 3
543 268 5
686 433 5
103 537 4
77 740 1
238 718 2
328 675 5
187 695 5
733 534 3
218 706 4
195 79 4
180 95 4
127 317 1
297 314 5
578 83 3
538 574 5
271 623 3
668 8 5
343 505 1
482 332 2
550 493 4
243 337 1
221 468 5
517 679 5
579 237 4
705 692 1
55 71 5
737 168 5
670 331 3
260 341 1
506 55 2
461 579 5
728 540 2
121 587 5
302 125 3
582 187 2
200 155 4
148 224 5
217 594 4
353 212 1
472 92 5
669 719 3
286 552 3
80 668 3
35 678 2
14 636 5
156 609 1
419 490 4
625 568 1
384 710 3
276 580 2
84 635 1
464 40 1
299 696 2
161 0 1
685 669 1
253 448 4
499 484 4
527 575 5
112 173 1
128 44 5
547 106 1
153 444 2
478 592 2
253 152 5
571 763 5
591 626 3
265 521 4
212 118 1
532 274 2
278 644 5
35 717 2
597 461 2
162 36 1
305 256 3
7 522 1
732 80 4
249 348 3
698 613 2
692 452 5
711 662 4
310 74 5
244 495 4
200 485 4
475 504 2
211 41 2
759 188 1
507 410 5
149 103 1
684 226 5
353 648 1
256 451 1
688 717 2
551 557 2
760 696 1
286 582 4
309 761 4
427 331 3
238 151 2
370 733 3
218 153 5
200 178 1
112 118 4
407 480 5
732 550 5
708 196 3
382 761 1
365 98 5
514 262 5
119 424 3
493 586 2
61 446 2
210 554 3
687 531 1
733 756 4
577 292 1
457 588 5
377 170 2
559 445 1
600 644 3
258 225 1
259 305 5
717 384 3
540 599 5
203 638 2
73 124 4
146 594 4
212 375 4
81 529 5
267 527 5
376 161 1
401 541 5
451 763 3
329 635 2
431 405 4
685 80 2
400 309 4
405 113 1
471 420 4
107 179 1
192 178 4
225 616 3
708 699 4
517 2 1
259 29 3
752 224 2
172 77 5
572 660 1
235 333 1
130 339 2
125 29 1
129 211 5
3 378 2
685 200 3
454 2 3
376 684 3
509 283 3
229 526 2
316 201 3
486 43 1
375 340 2
330 247 5
481 263 1
727 169 1
613 424 4
480 15 5
319 582 2
445 68 5
67 251 4
545 514 4
363 87 3
565 403 4
714 738 4
171 351 5
45 4 4
220 583 5
250 45 2
424 361 1
139 145 3
496 470 3
573 763 4
681 32 1
364 753 5
279 220 4
98 307 1
2 263 4
654 305 5
621 535 2
697 618 5
303 372 3
66 635 1
448 69 5
619 66 1
290 738 2
20 335 2
727 495 1
482 211 5
735 159 5
745 614 1
316 311 4
658 753 2
126 601 2
304 484 1
694 561 1
674 144 5
119 672 4
328 436 1
625 548 4
496 492 5
68 355 2
632 650 4
79 624 2
284 294 1
9 588 5
129 497 5
86 39 3
6 325 4
453 120 5
204 422 5
110 533 4
487 624 4
620 366 1
45 434 2
432 662 1
508 558 2
173 748 3
15 358 4
725 710 3
73 579 3
436 464 2
68 247 3
209 82 2
630 217 1
574 454 5
144 670 4
142 225 4
428 117 5
198 64 4
448 539 1
510 623 3
324 469 2
680 427 2
154 586 5
81 528 1
494 128 3
298 277 3
689 366 4
502 465 1
32 314 2
635 71 5
371 186 5
155 620 3
270 280 3
343 517 4
721 29 1
193 297 3
621 752 1
181 382 4
702 227 3
58 289 2
565 447 1
733 187 2
494 61 4
118 618 1
700 210 3
655 328 5
1 125 1
747 91 2
78 113 2
710 537 3
611 140 3
18 757 5
197 100 5
391 465 1
458 322 2
218 290 1
56 533 2
128 454 3
267 204 5
81 707 5
381 412 4
195 672 3
34 593 5
416 320 5
729 515 5
469 57 2
650 42 5
524 688 3
195 284 5
576 554 1
369 231 3
169 73 5
86 166 4
154 115 5
109 259 1
566 266 2
763 657 3
691 359 1
80 334 4
204 41 5
61 83 2
366 588 2
539 295 1
619 692 1
395 545 3
375 163 5
605 733 3
209 384 1
316 176 1
174 762 5
120 372 3
433 714 1
324 466 3
256 267 1
283 277 4
233 531 5
376 45 3
215 703 2
254 68 5
691 550 1
695 238 5
481 109 5
606 262 3
147 751 3
705 288 2
639 278 3
310 607 2
579 104 4
581 326 5
321 72 4
592 664 2
248 154 4
513 40 4
208 235 5
356 170 2
348 605 3
624 395 3
561 80 4
438 503 2
530 643 3
360 676 5
542 315 3
4 364 3
112 428 1
416 699 5
620 462 4
468 137 5
761 716 1
204 125 4
611 28 5
113 325 4
608 330 5
13 533 2
605 559 1
159 160 2
534 7 5
13 263 3
422 330 4
696 431 1
708 651 3
631 79 1
97 565 3
295 87 3
416 394 1
34 598 1
737 151 4
747 711 1
14 3 5
629 39 3
310 431 4
231 298 1
114 257 2
224 293 5
195 372 3
23 175 2
522 348 4
627 135 3
764 687 3
359 496 5
757 755 3
460 147 2
213 600 2
720 525 4
630 0 3
337 717 4
488 361 5
718 337 2
68 370 5
169 739 1
477 679 5
685 384 5
426 344 3
518 452 3
448 93 2
53 553 4
235 364 3
573 342 5
7 80 4
721 222 2
23 49 3
249 657 2
252 196 1
320 227 4
627 601 2
715 402 4
645 752 4
110 742 2
78 510 5
71 30 4
123 131 4
338 500 3
393 736 3
160 721 1
236 59 3
509 256 4
38 419 2
117 337 1
459 139 5
466 439 3
212 606 2
261 4 4
23 14 2
424 409 1
104 563 5
335 370 3
46 224 2
402 370 5
514 61 4
461 693 3
608 740 2
714 344 5
218 694 3
416 312 5
72 68 3
439 635 4
406 325 3
204 133 4
514 156 3
54 611 3
70 730 4
124 216 4
4 378 2
290 157 4
613 81 4
568 208 4
253 634 4
599 313 3
479 2 2
67 37 4
405 128 1
661 72 4
312 22 2
341 87 3
519 558 5
603 548 3
238 317 4
647 572 4
287 231 3
67 323 2
689 35 2
85 439 4
523 545 4
745 624 1
154 171 2
586 401 3
532 14 4
308 126 1
266 594 5
608 637 4
602 419 5
526 291 5
650 410 2
361 614 5
158 26 4
165 269 1
40 88 1
587 19 2
738 397 2
438 60 2
737 215 3
235 502 2
373 383 4
656 369 2
596 735 4
295 561 2
126 574 4
487 394 3
217 584 5
716 395 3
398 112 2
392 300 4
664 11 2
59 142 3
478 351 1
652 436 2
666 249 3
619 716 4
275 739 4
142 399 5
452 588 1
685 358 4
410 592 4
57 192 4
553 694 4
283 252 4
381 84 3
566 459 5
313 573 3
716 620 3
443 391 3
591 39 2
300 564 2
410 34 4
75 524 3
288 535 4
341 327 2
83 212 4
178 275 5
53 345 5
662 188 3
692 166 2
163 258 1
507 652 3
723 690 1
305 755 3
181 259 4
230 195 2
724 171 2
666 663 2
53 505 4
702 119 4
408 758 2
417 173 4
743 683 5
323 296 2
731 426 5
747 124 3
63 507 2
209 539 2
728 367 4
134 483 3
266 195 2
495 148 3
398 569 1
751 21 3
644 491 3
730 177 2
133 724 5
86 212 5
104 15 4
190 64 1
379 185 1
492 548 1
619 206 3
705 145 5
655 514 5
427 297 2
529 639 2
210 460 5
720 185 1
494 725 4
163 599 1
458 599 3
587 596 1
385 703 5
717 133 5
32 708 3
447 305 5
249 456 2
277 15 5
124 272 1
81 12 4
28 521 4
517 609 1
707 758 5
195 670 2
0 259 3
652 563 4
256 35 4
659 106 1
197 381 2
755 515 1
321 71 5
164 464 5
529 12 4
396 562 2
539 114 3
38 649 5
524 90 1
210 634 5
383 379 4
459 34 2
691 501 1
684 379 3
299 758 1
483 650 2
720 203 4
272 512 1
692 524 2
406 495 1
674 554 3
109 135 4
466 666 5
501 535 3
272 495 3
65 674 3
397 373 4
55 112 2
528 5 4
227 333 1
161 167 3
448 490 2
346 667 2
485 461 5
377 301 4
506 543 5
272 105 3
181 447 3
661 308 4
411 125 1
275 749 3
58 178 4
472 492 4
288 676 2
72 143 1
717 712 4
232 632 2
647 348 4
456 606 3
152 274 3
186 747 1
293 719 2
394 220 5
73 499 4
450 304 5
51 192 1
730 438 1
295 445 5
679 264 5
763 280 1
18 81 5
450 567 1
206 341 2
498 471 5
347 542 1
329 653 5
75 198 1
145 701 1
445 511 5
140 603 1
238 350 1
228 155 3
596 467 2
49 644 4
56 293 3
88 500 2
248 30 5
33 563 4
298 496 3
460 243 1
15 486 5
197 413 2
234 283 5
165 336 4
387 567 5
627 691 5
592 718 3
717 756 1
725 755 1
284 237 5
220 552 5
715 635 4
459 719 4
272 631 2
422 100 1
674 341 2
290 647 3
80 232 5
216 461 5
650 323 3
300 684 1
68 284 5
386 698 5
668 116 5
690 596 3
698 317 1
170 435 2
251 653 5
344 510 3
713 678 3
705 321 4
468 107 2
579 750 2
536 669 5
736 265 5
155 211 1
65 729 3
751 747 5
416 29 4
218 95 4
727 691 2
542 171 4
533 712 2
318 696 3
358 727 3
6 20 4
514 601 3
109 175 4
363 110 2
420 469 2
343 729 5
387 481 2
504 356 5
209 441 2
333 599 4
91 263 3
458 431 5
83 584 2
434 268 1
591 432 1
298 115 2
131 647 2
640 157 1
560 66 1
352 546 5
270 491 4
106 726 2
127 764 3
328 558 3
550 716 1
220 568 2
309 556 3
223 460 3
84 154 4
420 687 1
220 335 4
339 306 3
654 303 3
0 726 4
300 99 5
52 368 1
595 142 2
168 304 5
256 286 5
351 760 1
706 133 1
414 720 4
361 54 1
230 598 3
95 147 4
543 165 2
468 489 3
614 622 2
302 715 2
14 515 4
746 557 1
21 518 5
498 262 5
431 6 4
760 470 5
647 690 1
57 242 4
40 413 2
152 160 4
148 257 1
208 594 1
591 701 1
650 448 3
289 484 1
243 707 2
370 347 5
180 84 3
10 468 2
210 88 1
255 235 2
463 674 3
52 438 4
703 178 4
392 292 3
593 681 4
252 321 3
366 688 2
170 342 3
396 626 1
114 658 4
497 404 2
149 497 5
160 281 1
436 756 4
188 717 5
251 71 4
50 675 4
753 479 5
111 511 5
739 588 1
327 208 2
622 96 2
300 92 4
628 289 1
688 618 1
588 4 4
240 52 4
431 146 4
78 207 3
691 548 2
389 119 1
411 452 5
114 216 2
175 560 3
710 548 1
485 669 4
540 406 4
155 227 5
55 324 4
272 640 2
85 755 2
744 379 4
630 360 2
729 690 3
371 156 3
670 313 3
133 548 1
158 454 2
611 526 3
723 1 3
195 121 4
214 752 4
568 560 3
324 130 1
150 634 5
400 698 3
360 427 2
615 309 1
489 601 3
200 466 1
247 19 3
257 107 5
487 83 5
519 665 5
139 727 1
149 211 4
108 26 3
759 135 4
110 481 2
270 220 5
10 638 1
199 565 3
161 415 2
248 440 3
303 621 4
254 687 5
140 58 4
265 537 4
224 69 3
164 205 2
748 114 1
194 175 2
312 499 3
724 322 4
208 203 5
764 136 4
405 51 2
313 490 1
682 251 5
334 668 3
583 486 3
146 19 5
361 362 4
636 107 5
538 41 2
330 132 3
317 248 1
677 322 2
197 228 4
542 182 5
144 174 1
440 517 5
16 418 5
203 730 1
203 82 4
401 204 5
528 175 3
25 272 3
483 56 5
378 241 2
39 185 5
512 237 4
12 593 2
571 613 3
310 2 5
167 555 1
548 735 1
468 71 3
337 56 2
512 757 1
564 2 1
322 647 1
755 62 4
700 49 5
180 174 1
585 84 1
145 0 1
488 557 1
199 595 2
201 437 3
369 164 4
319 125 2
690 524 3
631 466 4
300 108 5
445 627 1
277 252 5
90 452 1
450 9 2
16 662 3
123 139 5
55 595 3
656 541 2
537 447 2
554 729 1
229 529 5
332 668 4
508 408 2
501 476 3
111 320 3
755 220 3
98 220 3
151 569 1
587 193 5
93 484 3
274 404 5
760 361 5
100 334 5
761 242 3
535 199 4
432 638 2
9 126 4
657 40 1
160 632 2
409 512 2
536 584 3
618 172 4
123 87 2
653 54 1
243 705 1
721 350 4
283 512 2
39 75 1
454 691 5
332 574 4
542 755 5
91 528 5
194 686 2
284 373 3
58 718 5
652 122 2
546 136 1
208 424 3
215 33 2
429 159 2
209 320 5
545 423 5
48 185 3
72 501 2
621 79 4
601 261 3
521 436 5
507 306 1
688 357 2
716 516 3
763 620 1
674 366 5
403 104 5
474 65 5
675 658 2
281 692 3
474 120 2
748 96 2
159 476 2
334 621 3
383 494 1
200 149 4
516 409 1
477 581 3
150 176 5
330 656 2
388 500 2
544 375 2
43 101 3
35 433 3
119 499 1
413 411 2
108 31 5
692 369 3
464 455 5
624 685 2
599 208 4
71 722 1
759 285 2
703 640 5
444 65 3
329 293 3
498 444 3
374 598 3
425 692 3
101 346 5
180 281 3
216 141 5
70 63 5
396 150 1
421 273 3
612 429 3
278 291 4
439 301 3
494 278 5
706 318 5
329 186 3
456 703 3
503 626 5
649 416 3
479 613 5
300 144 1
509 108 4
77 385 1
644 125 3
234 39 2
96 727 5
13 127 5
631 20 2
276 227 2
170 669 2
198 252 3
425 24 4
355 551 2
678 698 5
165 134 1
273 360 1
524 581 1
115 745 1
58 271 5
466 66 2
277 66 4
7 223 3
266 215 4
149 442 1
265 620 4
365 63 5
598 66 1
528 730 3
124 110 3
117 245 4
600 655 1
308 612 4
757 548 3
133 415 1
695 706 1
302 594 5
39 275 2
686 212 4
119 105 5
337 746 4
697 21 4
215 665 1
240 99 1
143 346 1
197 68 1
740 118 2
294 757 3
550 228 1
14 727 2
751 629 5
392 613 4
39 665 3
266 659 2
185 716 4
315 628 1
587 716 4
606 478 5
113 217 4
403 725 1
474 222 1
661 264 5
456 123 3
358 175 5
724 620 1
550 332 3
535 189 1
50 233 1
457 448 1
318 24 5
399 701 5
109 437 2
648 581 5
333 669 1
601 59 4
746 668 2
25 560 3
283 456 1
191 635 5
321 502 4
519 637 5
99 624 5
694 551 4
31 62 4
354 660 4
64 555 5
251 460 3
669 308 1
721 87 4
306 658 3
207 120 2
103 630 3
66 743 5
206 183 4
740 556 5
65 192 4
505 751 2
151 234 5
60 237 1
391 573 1
84 657 4
432 678 1
672 72 5
535 644 2
143 478 3
301 79 3
579 730 2
675 135 4
678 217 4
436 389 1
407 520 4
233 708 3
234 161 5
41 413 1
553 418 2
383 441 3
425 269 2
266 189 1
113 201 5
497 9 2
315 206 2
412 503 2
631 618 1
561 554 3
440 245 2
474 2 5
109 665 4
188 763 2
23 374 1
460 395 2
103 74 4
320 280 5
576 232 5
228 59 2
303 569 3
212 698 2
462 645 4
215 330 5
558 287 3
763 122 4
77 664 5
527 373 3
92 586 2
358 73 3
455 293 5
758 99 2
575 343 4
540 170 3
75 604 5
60 90 2
251 528 2
441 57 1
587 692 1
148 541 4
118 135 3
306 136 4
409 570 1
545 720 3
11 631 2
344 73 2
16 636 5
138 692 2
737 386 2
149 155 2
522 78 2
127 554 3
61 473 4
656 133 2
631 282 1
73 597 4
275 173 2
222 505 4
106 749 2
479 522 1
691 243 1
294 558 3
553 66 3
586 748 4
757 116 5
442 192 5
139 745 5
540 211 2
501 314 1
176 126 5
147 740 4
334 108 1
598 613 2
264 658 4
494 310 4
357 360 5
163 732 5
417 561 4
347 486 2
173 575 5
78 281 3
711 749 5
570 440 4
195 614 5
27 81 2
422 643 1
318 327 1
185 531 3
167 353 5
277 341 4
704 280 1
275 265 5
130 558 2
550 669 3
602 312 5
232 401 5
744 169 4
51 162 3
434 336 3
231 761 4
630 673 4
309 367 5
499 106 4
471 58 1
702 493 5
624 46 4
338 520 5
506 404 2
252 620 5
477 698 2
634 103 5
667 274 4
645 387 4
409 748 4
608 556 4
58 510 5
83 299 2
132 242 4
330 111 3
434 495 2
587 733 4
401 566 3
420 130 3
698 750 5
92 201 2
58 368 1
647 313 4
270 474 3
552 730 3
99 172 3
667 646 1
191 685 5
104 168 2
93 389 2
609 459 4
464 431 4
537 380 2
95 245 2
674 587 4
411 265 5
749 178 1
348 536 5
146 1 1
138 247 3
300 387 5
435 418 2
188 213 4
377 407 1
518 429 5
134 358 5
131 207 4
663 576 1
233 656 5
712 666 3
130 502 2
328 396 1
131 754 5
47 106 3
714 396 1
295 650 2
464 756 4
63 464 5
473 398 5
431 283 1
680 453 1
308 742 5
449 534 1
660 260 3
614 190 1
309 377 2
40 428 3
354 340 4
150 181 4
2 467 2
74 57 3
365 488 3
423 27 3
475 274 4
144 444 5
594 35 2
387 214 5
192 357 1
697 683 2
611 352 1
45 311 5
702 619 3
309 192 4
461 470 3
685 135 1
423 322 2
713 480 1
141 539 2
432 255 1
429 631 3
58 423 3
594 12 4
654 511 2
656 595 4
660 526 3
147 266 5
335 148 3
57 370 3
718 125 3
701 253 2
465 92 5
477 161 1
486 736 3
378 336 5
328 626 3
619 470 3
383 173 3
668 592 2
456 339 1
514 565 4
145 15 4
538 65 5
640 30 5
335 349 5
16 120 4
427 694 4
447 175 1
571 701 2
484 297 1
149 302 1
337 733 3
441 497 1
121 111 4
454 260 5
389 186 3
112 507 2
379 191 2
584 56 3
747 546 4
267 645 1
140 317 3
677 297 1
736 416 4
676 323 3
497 683 4
578 431 2
327 501 4
484 23 3
410 745 4
529 712 2
187 30 4
314 96 4
134 541 3
223 139 2
43 193 2
41 396 4
7 660 5
172 42 4
617 148 2
97 137 3
254 468 5
252 204 2
211 564 1
496 207 1
129 673 1
702 138 5
41 717 4
335 208 5
4 245 1
620 732 4
264 695 3
243 118 3
627 374 3
49 56 3
591 394 4
663 260 3
31 729 3
524 470 2
345 504 3
581 733 4
172 741 5
158 342 2
707 723 3
267 308 1
605 310 1
137 489 5
695 247 5
536 478 3
465 493 4
603 103 1
192 5 1
102 284 2
320 366 5
274 359 5
372 676 2
545 161 3
430 581 5
283 652 4
294 310 3
215 80 3
696 292 4
434 531 5
202 525 3
691 48 1
602 200 4
343 62 4
147 113 5
662 701 5
758 227 1
274 569 3
54 154 4
291 362 1
755 85 2
116 261 3
450 443 5
627 671 4
240 182 2
27 709 1
502 274 1
59 182 1
727 328 5
267 351 1
509 103 5
180 406 3
382 296 5
713 221 1
444 251 3
472 47 5
131 381 1
764 11 5
152 65 2
578 54 4
734 237 5
21 607 3
607 28 4
371 435 5
684 81 3
428 129 5
432 709 5
531 676 1
644 702 1
308 162 2
556 31 3
216 64 1
502 211 5
23 78 1
328 164 2
744 755 1
285 432 3
31 267 2
543 560 3
605 417 1
71 378 2
495 454 4
594 202 3
230 762 3
44 67 5
248 475 2
110 286 3
179 482 1
280 693 5
428 664 1
456 288 2
93 202 4
724 476 5
680 158 5
470 699 5
307 384 4
729 659 1
471 353 3
16 600 4
403 724 3
325 607 2
68 368 2
507 554 4
294 440 3
666 385 1
277 458 2
70 706 5
466 566 2
52 491 3
17 306 5
589 607 1
154 704 4
14 548 5
630 79 4
495 637 4
754 368 1
526 563 1
121 269 5
175 192 2
67 630 1
711 80 1
319 742 5
242 760 3
53 341 4
722 19 5
114 313 3
571 133 4
585 467 5
106 683 2
48 468 5
142 695 4
225 184 4
585 420 5
229 438 4
315 340 3
316 550 3
153 299 1
400 147 1
383 569 2
367 231 2
88 340 1
189 504 2
475 575 1
424 130 3
135 191 5
718 621 4
536 115 5
642 494 1
74 726 2
275 121 3
119 641 2
758 353 3
35 732 3
366 179 2
445 681 3
265 132 2
626 37 2
538 167 1
228 555 4
265 701 1
549 16 5
5 367 4
196 402 5
313 568 5
206 362 5
677 472 3
283 80 2
158 319 4
389 731 4
249 264 1
202 164 4
270 410 4
166 576 2
684 102 2
278 17 5
256 260 3
124 631 5
356 371 2
239 314 3
735 96 5
740 310 2
313 651 3
453 701 3
274 661 5
532 677 1
95 472 5
165 678 4
47 494 3
495 411 4
15 281 5
660 645 1
764 442 4
265 333 2
63 393 1
242 660 4
223 211 3
373 3 1
164 314 2
688 295 5
209 752 5
622 429 2
291 572 2
374 556 4
194 651 2
369 648 2
398 257 1
640 530 2
646 361 5
360 214 1
458 695 1
315 762 3
438 240 1
29 179 2
263 507 1
333 588 3
311 110 2
584 293 1
663 417 3
69 556 2
518 554 5
677 533 3
449 362 2
651 218 5
423 614 2
540 195 4
740 74 5
261 540 2
87 25 3
219 28 4
27 181 1
78 758 4
51 366 5
600 537 4
683 44 1
84 110 4
13 411 1
267 253 5
531 236 4
658 65 5
299 310 3
283 92 5
58 380 2
33 661 3
448 753 1
391 258 5
395 353 3
329 46 2
230 541 3
4 283 1
631 607 4
435 524 1
213 130 5
35 179 4
662 144 3
737 38 3
748 617 4
192 236 3
636 726 4
750 246 1
281 429 1
341 370 1
236 126 2
155 416 1
471 252 2
654 756 3
608 392 1
532 135 4
99 702 3
198 478 2
555 282 1
168 511 2
73 601 1
448 98 2
229 566 4
622 118 1
662 160 4
482 629 1
453 513 1
648 684 1
83 137 2
258 545 4
84 458 3
81 655 2
85 96 2
637 111 5
524 175 3
670 535 4
148 404 1
419 163 2
663 356 4
32 347 5
716 301 4
582 47 2
328 723 3
510 222 4
187 476 4
511 11 1
198 422 5
558 15 1
429 173 5
253 676 2
662 175 2
451 481 5
757 119 5
21 557 2
260 202 4
383 532 2
4 412 5
249 478 4
713 272 1
175 738 2
168 634 3
319 435 4
385 610 4
242 247 2
328 166 3
709 664 1
526 64 4
735 471 2
447 192 5
181 101 1
410 535 4
574 467 4
229 495 5
77 604 3
380 453 1
397 468 3
572 334 3
478 173 3
534 251 4
492 375 2
92 461 2
554 87 1
301 103 4
730 144 2
470 739 4
737 517 5
550 678 1
224 263 3
565 119 4
178 555 5
667 327 3
56 160 3
623 386 2
215 550 4
119 11 3
119 253 4
162 60 1
382 571 4
356 416 3
548 158 2
30 261 4
191 602 2
226 600 2
91 9 3
538 307 1
342 218 3
411 124 2
473 76 2
624 358 4
235 503 1
69 159 5
588 501 1
420 256 1
227 564 5
140 244 3
623 206 5
226 323 5
18 556 4
749 695 4
602 129 5
722 483 1
425 383 2
193 120 2
419 226 1
321 407 2
652 729 5
707 638 3
18 646 2
571 340 2
659 490 2
39 305 1
360 650 4
575 232 4
548 335 1
158 523 2
711 672 2
522 485 3
570 752 1
422 101 4
650 209 3
363 677 4
335 189 3
637 720 3
603 545 2
316 245 2
224 199 2
445 539 1
101 705 1
273 179 3
201 667 3
505 22 3
249 516 2
113 433 5
238 234 5
465 511 2
74 593 5
507 567 3
20 505 2
167 40 2
754 354 5
1 158 2
260 420 2
521 477 5
730 598 2
57 358 1
55 750 5
84 504 2
69 356 5
520 622 3
148 256 5
578 429 3
402 391 3
734 143 3
141 188 2
398 143 5
602 575 1
245 519 4
760 311 4
715 724 5
763 174 1
685 148 4
479 584 2
513 447 3
500 76 1
612 215 4
355 738 3
495 509 2
231 525 2
418 186 4
487 585 3
413 517 1
24 18 4
484 470 1
331 304 3
292 18 4
669 358 1
664 80 1
754 104 4
644 406 2
77 460 3
532 85 5
426 210 3
44 440 3
334 456 5
716 545 3
52 201 2
341 607 5
226 612 4
27 251 3
567 747 1
526 138 4
104 507 2
707 371 2
81 460 1
465 53 1
633 27 3
666 492 3
568 400 1
492 571 1
530 600 5
463 283 1
255 511 4
485 395 2
88 74 3
508 503 4
405 727 1
163 521 4
684 65 4
52 211 1
256 677 4
750 491 4
85 334 4
65 448 2
184 680 3
504 1 4
650 519 2
635 140 4
192 373 1
433 702 1
162 275 2
185 662 1
288 162 3
482 233 1
559 19 5
597 361 1
465 697 4
746 495 3
714 362 4
76 620 2
660 725 1
445 737 1
529 70 5
676 383 2
106 514 3
325 727 1
470 239 5
526 278 5
309 97 1
306 526 2
721 446 4
403 95 3
482 628 2
743 232 5
562 764 4
307 348 1
105 5 1
490 373 3
244 408 4
669 122 3
737 36 5
453 494 4
732 331 3
60 46 3
395 532 2
530 471 4
52 62 1
169 494 4
695 365 3
626 641 3
348 135 3
348 452 3
600 158 2
615 371 5
46 587 2
175 218 3
525 614 1
286 279 3
385 505 2
43 125 4
546 90 1
61 402 4
595 574 4
752 244 4
277 416 2
281 671 5
757 658 3
217 243 5
67 152 1
319 401 4
175 648 4
680 329 5
567 289 5
279 349 5
167 299 4
579 10 4
279 65 4
752 520 2
730 140 2
214 198 1
105 622 2
351 613 5
93 611 1
408 94 5
71 637 2
595 47 2
227 367 3
141 59 4
216 334 2
378 427 2
350 308 2
77 83 3
274 32 3
422 118 4
339 632 4
519 442 4
496 699 1
386 325 4
353 516 2
144 338 3
571 433 4
551 693 3
460 300 3
110 520 2
75 484 1
233 632 1
425 186 3
538 611 4
342 170 1
608 462 5
464 160 1
150 7 3
371 73 3
49 559 3
120 274 3
304 532 4
643 211 2
33 110 2
44 477 5
623 212 5
681 569 1
402 88 4
40 166 5
118 758 1
413 299 1
691 71 2
635 260 3
111 63 2
470 1 2
704 602 3
200 483 2
182 464 5
607 1 5
49 601 2
80 38 5
360 466 1
331 334 4
627 385 5
508 228 2
427 167 3
186 593 2
497 474 5
225 712 2
763 55 5
751 29 4
161 32 5
576 502 5
555 627 2
205 316 5
146 529 4
88 299 2
335 445 2
374 10 3
300 209 1
660 138 3
91 238 3
85 643 1
215 524 2
413 242 5
666 545 1
541 685 1
190 309 4
193 458 2
664 15 4
638 403 3
426 454 4
258 14 2
547 398 5
217 614 4
540 250 4
542 685 4
731 233 3
493 647 5
77 105 5
399 453 4
530 503 5
180 178 1
290 372 3
452 292 5
614 240 2
609 723 4
334 554 4
319 748 5
400 201 4
242 394 2
137 751 5
432 1 4
414 21 3
703 753 4
230 260 4
364 55 3
257 106 4
420 599 2
312 279 3
748 158 5
698 535 2
717 121 2
134 459 3
122 744 2
119 616 3
644 422 4
549 545 4
736 471 5
319 132 5
547 104 4
128 134 5
71 342 3
332 230 2
248 523 2
83 9 1
217 274 2
350 10 5
172 214 2
40 220 3
462 282 1
447 622 4
412 700 3
315 354 5
759 570 5
281 241 2
410 50 2
467 224 2
454 580 5
431 414 2
688 185 1
406 11 3
247 337 5
616 684 4
439 234 4
217 216 1
434 497 2
503 608 2
479 591 4
702 488 3
526 704 4
394 154 3
655 33 5
177 417 3
337 561 4
713 327 4
580 714 3
361 303 5
357 343 1
740 73 5
26 716 2
219 300 3
98 270 2
202 155 3
461 389 4
709 418 5
613 467 2
468 584 1
498 180 3
150 108 2
70 263 4
667 0 3
577 588 1
140 625 2
348 149 3
66 424 1
307 475 2
576 717 1
11 657 1
218 299 3
760 375 5
758 25 3
489 587 2
279 645 2
251 422 3
275 497 2
158 140 2
42 478 3
412 661 5
49 65 1
707 489 4
449 568 4
411 397 3
528 352 2
87 694 5
581 696 1
40 374 5
80 723 5
689 267 3
557 438 2
235 647 4
140 229 5
79 446 3
41 596 2
160 222 2
566 151 3
458 621 3
316 159 1
671 192 1
383 496 3
491 292 2
474 171 5
22 333 4
312 271 3
194 205 5
547 139 5
515 423 4
284 734 1
3 59 4
334 398 2
318 756 4
184 484 4
626 612 1
582 620 5
396 493 5
397 519 5
696 556 4
706 231 5
535 584 2
438 259 2
133 193 1
640 508 1
225 470 2
491 468 3
15 436 4
471 530 3
380 719 1
82 420 3
456 26 1
645 627 1
525 761 3
186 484 3
257 759 5
157 390 3
36 435 4
343 100 1
483 508 2
94 453 5
606 472 3
169 451 3
503 232 5
128 53 1
730 725 1
484 395 1
695 568 4
267 719 4
475 390 4
271 398 1
513 659 5
312 751 2
158 414 1
384 631 3
190 168 5
458 187 3
605 411 1
131 528 4
613 750 2
482 128 5
202 391 4
30 643 2
579 249 2
31 328 5
733 433 2
504 385 2
555 625 3
41 61 1
478 179 3
683 281 1
754 98 2
420 578 3
478 67 1
95 405 4
84 561 4
53 296 2
632 160 5
601 693 2
687 632 5
373 336 2
165 214 1
361 447 4
20 655 4
552 593 3
270 180 5
752 216 4
621 762 2
340 262 2
456 306 5
274 118 1
87 225 1
524 521 2
345 502 5
417 306 1
593 617 3
740 128 5
760 241 1
389 384 2
256 652 3
520 266 3
388 614 4
608 251 5
701 68 2
454 281 2
193 652 4
670 191 2
555 376 1
458 457 5
481 12 5
157 755 2
133 76 1
15 231 3
244 187 1
320 184 5
404 534 1
715 621 2
53 45 3
757 263 2
563 588 5
142 109 1
461 742 5
460 589 3
451 491 3
672 362 2
467 534 3
645 643 3
680 387 1
266 255 2
582 532 4
659 335 3
582 188 5
254 213 2
406 381 2
188 425 2
152 159 3
74 534 3
745 111 2
125 110 4
730 624 5
490 491 2
623 239 5
368 493 4
561 700 5
185 483 5
119 583 3
407 241 5
587 161 1
155 437 3
755 734 3
476 380 5
55 476 5
358 124 4
371 150 1
735 282 4
187 480 2
19 328 5
453 183 4
94 293 3
739 675 4
493 578 2
728 599 4
88 431 4
434 233 2
122 565 5
388 102 3
8 54 3
53 578 5
596 82 1
670 543 5
6 235 5
257 63 2
363 84 5
167 682 5
186 372 1
543 657 5
407 193 1
456 455 3
104 436 4
441 608 5
283 544 3
647 534 3
171 387 3
5 139 5
218 416 5
350 571 5
177 310 2
739 632 2
692 466 2
360 756 2
153 630 3
159 91 5
178 602 5
295 722 5
96 630 2
601 608 4
437 45 4
545 579 2
135 144 1
153 567 2
172 440 2
212 99 4
270 67 4
432 98 2
89 498 1
541 538 3
196 707 3
80 179 4
346 662 3
99 187 1
702 340 4
39 267 5
737 317 4
129 231 5
172 355 4
638 706 2
100 664 1
558 508 4
707 153 2
525 657 3
320 495 1
460 705 3
74 663 5
366 279 5
272 567 5
483 198 5
93 527 1
225 754 5
31 751 3
318 334 5
431 727 1
69 164 2
688 121 2
658 430 5
503 106 1
577 152 1
149 110 3
569 336 2
611 385 3
405 200 4
166 30 5
540 457 2
87 234 4
372 56 5
124 433 4
543 22 3
450 197 1
565 329 2
585 364 1
338 25 2
540 365 2
7 159 1
15 560 1
726 110 2
449 545 5
200 186 2
291 495 2
375 178 1
382 718 3
203 115 3
575 125 2
449 367 3
57 646 3
535 678 2
369 298 1
690 38 4
414 14 4
594 513 2
715 718 1
264 329 3
620 514 5
432 484 5
458 703 5
103 439 2
267 175 3
492 574 2
107 377 5
502 227 1
102 188 2
438 33 3
738 384 1
312 194 5
730 419 3
656 465 4
421 391 4
250 493 5
113 741 3
751 462 4
6 634 2
584 549 4
310 244 3
260 549 4
620 138 5
214 238 2
281 538 2
437 295 4
112 296 4
582 317 2
722 464 3
226 569 3
462 345 1
358 396 4
208 410 2
67 718 2
371 740 5
279 537 4
482 222 1
244 681 5
434 180 1
200 599 2
147 385 1
62 162 5
196 635 4
530 63 1
225 747 3
488 218 1
646 112 4
554 705 4
248 685 4
570 549 5
691 242 1
304 91 4
410 655 1
715 562 2
204 526 3
518 710 3
215 270 1
412 626 5
564 229 3
664 43 2
438 709 2
62 739 1
9 266 4
224 509 5
381 314 5
471 654 3
114 690 4
67 750 4
755 70 5
172 271 2
759 561 1
0 735 1
736 557 1
248 578 1
348 619 1
148 188 3
726 698 1
97 142 2
718 69 5
479 20 4
741 125 2
198 564 1
562 566 2
496 548 1
108 407 5
679 260 4
114 353 3
585 406 1
114 116 3
94 599 3
328 305 5
580 543 3
118 69 4
715 117 5
324 413 4
679 682 1
462 277 2
448 466 4
166 35 2
33 299 5
65 95 2
349 156 4
579 225 1
410 444 5
522 249 5
539 519 1
430 695 1
741 667 5
208 127 1
149 118 3
387 9 3
545 631 3
204 242 3
328 252 4
463 325 5
427 382 5
209 593 2
138 364 1
581 295 2
87 236 1
452 538 2
55 481 2
59 644 4
36 602 1
128 419 3
671 536 5
440 259 3
358 495 2
478 221 4
283 636 3
330 570 3
698 567 4
672 675 5
721 444 2
448 185 2
180 313 1
204 436 4
280 151 4
31 295 5
508 280 2
271 126 4
276 703 5
706 703 4
727 736 2
443 341 1
738 684 3
348 28 1
327 134 1
672 686 3
692 98 1
491 603 5
149 620 3
418 79 5
234 505 1
125 601 2
604 313 1
719 157 4
549 670 2
97 126 1
29 439 5
356 626 2
57 676 4
488 67 4
171 417 3
528 618 4
717 718 2
169 50 5
440 172 1
65 48 1
215 229 5
138 521 2
435 660 2
474 433 5
446 418 1
549 499 4
81 78 1
234 740 4
62 142 2
760 79 1
602 322 5
477 696 4
659 488 1
373 46 1
39 733 3
165 209 2
656 175 5
168 23 3
426 358 5
234 36 1
562 56 5
581 321 4
379 377 5
604 25 2
338 542 2
385 663 5
130 565 2
455 81 1
664 61 5
241 508 2
468 484 2
241 692 2
390 736 1
580 75 5
71 121 3
596 628 4
151 20 5
526 426 2
400 258 2
109 49 3
20 165 5
398 488 3
447 625 3
361 170 2
454 409 3
441 256 4
25 278 4
713 196 1
762 250 5
689 222 3
630 691 5
328 300 2
630 64 5
12 688 2
272 46 4
641 753 4
633 485 4
505 242 5
314 101 5
360 568 3
420 445 2
327 704 5
705 141 5
310 654 5
641 405 3
319 440 3
499 22 2
500 194 4
745 86 2
266 318 1
595 99 4
737 88 5
363 663 4
380 247 1
560 561 2
680 608 1
446 750 4
179 622 1
124 350 4
206 26 5
379 196 2
103 340 5
751 434 4
641 368 2
445 177 2
443 521 5
735 213 5
726 418 1
154 155 1
308 647 5
84 741 1
219 37 5
290 398 3
260 68 3
551 81 4
97 89 3
33 486 1
683 380 4
671 111 4
634 94 2
432 131 5
472 226 1
82 303 4
596 89 5
109 371 1
77 456 1
389 523 4
547 567 1
483 127 3
78 671 5
763 607 3
29 199 2
598 343 1
18 458 1
154 116 1
384 81 2
676 155 2
303 493 1
413 757 3
749 665 1
674 646 4
309 510 1
143 404 5
665 424 1
371 737 1
78 104 5
295 73 5
417 346 4
35 448 2
226 711 3
324 159 2
626 526 1
621 234 1
33 339 5
395 285 1
196 216 1
184 289 4
271 445 1
295 443 4
764 498 2
542 204 4
671 294 1
250 706 3
516 73 1
561 327 4
479 666 2
653 708 3
763 583 4
578 66 3
241 481 3
735 122 3
330 369 1
211 98 1
398 596 1
569 205 5
13 559 4
295 110 2
180 390 2
579 67 5
78 100 4
61 350 5
751 699 1
100 461 5
372 365 4
2 544 2
108 310 5
334 536 5
172 111 2
181 87 1
488 162 4
365 65 2
53 233 3
71 689 1
738 83 1
136 431 2
372 184 1
29 455 4
64 254 5
643 373 4
496 692 4
490 319 3
383 678 5
566 517 3
578 248 1
169 291 2
265 181 5
710 420 2
241 78 5
573 103 3
369 695 2
651 42 2
128 384 5
370 742 3
181 133 1
147 181 2
200 639 1
452 441 5
301 70 4
92 506 4
645 5 4
15 133 1
148 444 3
353 634 1
627 354 3
506 257 5
91 563 1
513 286 5
105 201 4
516 721 2
254 735 4
502 628 2
572 155 3
462 451 4
337 744 3
46 480 3
659 124 1
722 57 1
20 430 4
284 556 5
154 302 4
92 123 4
75 702 1
598 551 2
66 501 2
126 195 1
639 53 5
214 261 3
242 224 2
118 450 4
422 611 2
617 222 2
382 313 4
52 172 5
649 641 4
319 284 2
586 228 5
228 522 1
8 181 2
120 650 5
392 675 2
610 665 4
265 0 1
39 372 5
124 88 3
626 480 4
481 733 2
747 610 5
199 600 1
748 413 2
239 234 1
652 98 2
699 628 2
107 67 1
300 720 3
437 259 3
549 311 1
266 476 1
0 468 5
523 91 1
41 690 5
2 13 4
72 385 3
719 434 5
308 23 1
350 433 3
286 142 1
163 326 2
351 470 1
128 663 3
429 401 2
437 133 5
498 67 5
730 207 5
98 27 3
616 205 5
740 596 5
210 737 3
503 248 5
498 687 1
668 355 3
445 497 5
493 393 5
340 601 1
44 62 3
536 474 5
98 1 5
72 273 2
316 273 3
169 652 5
459 649 3
305 423 4
117 93 5
562 684 2
149 196 3
540 743 3
137 14 4
89 376 4
81 588 1
490 37 3
424 165 4
683 504 1
272 266 5
38 648 1
666 649 5
492 251 5
121 8 1
525 366 4
576 59 1
458 291 4
356 164 1
79 352 3
43 480 5
683 474 3
609 95 5
355 661 5
359 351 3
389 454 3
689 281 1
598 629 4
715 469 5
356 624 1
95 525 2
5 385 1
250 452 3
250 390 4
49 192 2
324 622 1
260 322 5
51 309 2
197 624 5
759 132 5
189 744 2
379 423 1
674 233 3
417 243 2
748 215 5
137 726 3
322 457 2
614 85 5
3 380 4
398 734 3
535 430 5
170 425 5
89 251 2
191 522 4
190 597 2
286 633 5
201 454 5
17 452 4
600 629 3
340 716 4
283 119 3
109 428 1
330 361 5
57 473 4
470 101 4
162 370 4
40 707 3
271 55 5
556 496 2
56 611 2
324 248 1
312 622 5
566 536 3
742 5 3
540 523 4
73 208 2
53 370 5
481 521 2
178 711 2
239 373 4
467 259 2
362 549 1
174 169 1
41 547 4
553 674 3
472 376 1
174 286 4
670 171 5
607 519 2
278 346 2
589 220 4
533 486 1
73 696 2
331 338 3
620 216 1
706 488 1
86 754 2
232 517 2
673 558 5
301 370 4
189 187 5
430 44 1
734 65 3
688 392 2
291 580 3
299 279 5
28 762 3
557 639 3
414 278 4
323 603 4
305 82 4
216 66 4
219 504 4
314 513 2
621 763 1
734 732 1
688 173 4
736 331 3
607 207 4
211 485 4
692 698 3
449 91 1
672 245 3
469 614 1
732 83 4
28 495 3
323 348 5
58 248 4
438 581 2
397 132 2
644 467 4
661 138 3
724 721 5
372 556 2
409 288 4
57 263 3
634 154 2
349 277 3
705 266 5
614 3 5
213 731 4
581 151 3
365 40 2
588 297 5
579 404 2
84 262 5
25 691 5
390 457 4
391 408 2
522 338 2
659 382 4
169 703 3
494 609 5
140 13 2
128 682 2
132 280 2
549 692 3
271 462 4
249 356 1
663 295 3
610 65 5
124 349 3
534 243 2
257 170 3
531 551 2
242 145 4
344 279 3
10 271 1
279 315 5
466 662 3
229 704 1
732 372 2
362 254 2
718 544 2
257 262 5
504 482 5
694 726 3
252 381 1
628 437 3
507 665 1
258 634 5
299 177 1
398 445 1
404 278 2
139 100 5
136 607 5
739 503 5
302 379 1
212 300 4
627 45 1
137 241 5
468 644 3
618 185 5
322 490 2
130 366 5
497 100 2
472 224 2
209 434 1
567 269 3
182 760 3
294 69 5
619 621 1
376 582 4
403 153 5
588 531 1
337 636 3
143 560 3
486 631 5
602 733 1
579 177 2
414 523 5
148 200 2
40 716 1
202 46 4
369 339 2
367 90 1
573 741 3
712 433 5
36 703 5
323 741 2
319 727 2
611 408 5
39 502 1
702 449 1
762 523 4
367 720 2
56 104 1
31 274 4
486 1 3
486 624 3
566 232 5
699 631 5
119 338 1
584 404 3
82 703 2
559 663 2
450 261 5
622 413 1
261 147 3
656 693 5
696 672 4
579 109 5
140 349 4
211 257 4
736 588 1
568 495 4
529 18 3
307 442 4
223 182 4
684 650 4
410 364 3
669 101 4
176 721 1
437 217 4
153 1 1
742 529 5
401 145 2
211 195 3
518 360 2
593 555 4
183 122 2
239 677 3
134 113 1
124 570 3
85 25 1
14 587 4
694 499 5
641 640 2
232 560 4
639 360 5
539 485 4
16 22 1
328 95 3
504 445 5
761 629 3
704 106 4
621 142 1
527 577 1
519 93 1
495 157 3
38 40 5
697 337 4
384 394 1
148 273 4
741 650 3
444 533 3
549 342 1
120 208 4
289 193 1
90 679 2
92 8 5
77 609 2
712 398 3
689 156 2
536 653 4
638 207 2
495 170 5
668 679 3
717 332 2
379 621 5
52 344 2
731 704 4
528 43 1
330 505 2
264 507 2
317 619 1
431 211 5
748 68 2
23 207 3
431 221 5
514 527 1
27 562 4
185 302 2
78 344 2
347 714 4
504 168 2
124 718 4
102 558 4
201 663 3
143 144 1
330 637 1
71 146 5
249 200 4
517 564 5
750 632 5
188 649 2
189 340 2
498 152 5
269 288 2
38 305 4
687 668 5
236 712 4
535 519 3
293 283 4
326 690 3
148 132 1
709 747 3
557 662 5
99 716 2
613 344 5
82 263 5
382 211 1
607 438 3
407 423 3
371 642 4
491 564 5
116 508 5
577 753 1
483 566 3
598 347 4
714 17 1
487 522 3
544 691 4
324 402 4
543 314 5
101 604 2
552 711 4
350 704 1
317 634 1
576 199 1
26 500 5
681 296 5
200 530 2
515 704 5
438 417 3
203 145 5
615 312 1
179 545 1
307 130 1
450 709 2
363 640 1
136 703 4
562 545 3
727 518 4
502 558 4
654 18 5
389 585 1
107 530 5
68 574 4
19 320 3
509 88 1
211 287 3
35 497 4
66 215 4
590 735 4
98 42 2
24 731 3
654 265 1
131 52 3
256 151 3
177 20 3
134 273 3
179 150 4
237 691 5
289 19 3
150 311 4
416 655 5
10 203 1
35 358 1
614 371 1
429 479 3
687 383 5
236 385 2
170 321 5
725 235 2
439 319 1
513 49 4
362 107 4
411 4 1
34 145 3
348 57 2
484 485 4
213 10 4
168 541 2
77 731 5
686 600 4
756 142 4
610 489 2
183 3 5
741 527 2
24 200 3
553 176 2
690 687 1
673 231 3
553 629 1
763 6 4
470 690 3
146 337 3
290 238 3
563 331 2
237 675 5
631 393 5
451 564 4
299 516 1
366 554 5
12 330 3
707 562 2
632 329 2
689 193 1
599 72 1
732 535 5
113 47 1
530 578 2
145 1 5
385 635 1
752 6 5
134 180 4
482 192 2
122 262 4
383 189 1
234 143 5
133 318 3
515 555 1
497 713 1
497 577 1
436 327 3
610 366 4
597 8 4
304 374 3
751 43 5
43 451 1
440 148 5
48 542 2
186 587 4
51 685 1
195 752 1
395 691 4
639 67 2
134 579 5
695 110 5
516 449 3
733 257 1
102 576 3
261 9 4
584 442 4
680 164 2
741 257 5
255 216 1
67 441 1
374 576 1
290 428 4
571 162 2
573 438 1
449 81 4
455 60 5
35 284 1
574 372 3
433 407 5
422 750 2
329 714 5
132 63 3
480 655 2
223 748 1
555 624 3
714 61 1
634 683 2
291 672 2
359 473 4
405 353 4
109 616 4
420 83 4
100 75 3
303 77 2
414 661 2
3 163 5
70 393 3
566 462 5
611 350 2
451 728 5
700 108 1
72 656 1
630 533 2
661 755 3
290 22 5
536 14 2
17 392 5
526 357 2
644 150 1
217 68 3
517 465 3
433 617 4
495 504 3
551 680 1
366 634 1
202 608 1
713 516 1
27 180 5
605 238 1
536 557 1
536 639 3
201 567 4
717 200 2
176 357 1
105 155 3
131 441 3
722 700 1
5 644 5
93 517 5
402 349 4
153 336 5
18 100 2
650 252 2
730 16 1
231 707 3
9 3 3
72 745 5
64 363 2
557 168 5
199 664 4
356 755 1
254 318 1
329 169 4
513 230 1
222 172 3
197 707 4
244 52 3
471 585 4
260 87 3
276 564 4
579 632 2
651 148 2
586 657 1
605 197 3
448 452 3
222 591 4
373 714 2
162 3 1
602 221 5
695 386 1
367 304 2
548 22 1
383 102 1
570 117 5
175 351 2
764 125 4
689 668 3
504 314 3
83 171 2
172 759 4
417 431 3
173 6 4
85 297 3
54 146 1
514 186 1
569 76 2
649 143 1
601 180 4
20 732 4
696 750 5
145 52 5
104 72 1
508 99 2
740 57 1
237 699 4
44 308 2
538 456 3
591 261 2
367 464 1
344 215 1
326 331 2
677 459 5
396 130 2
598 308 5
291 590 3
179 666 5
49 269 4
738 224 1
65 3 2
106 165 2
523 381 2
478 560 2
534 625 2
588 222 3
726 754 3
677 392 5
565 460 3
238 699 5
136 672 3
735 553 4
247 588 1
668 186 1
755 526 1
359 203 3
280 589 5
429 739 3
278 336 2
249 300 2
401 199 3
97 394 5
460 404 5
314 357 1
73 460 3
548 92 1
551 597 4
645 414 2
542 431 2
589 117 2
633 205 1
153 745 4
306 564 2
628 265 4
424 380 2
723 581 2
455 329 1
475 663 5
124 495 3
80 500 4
74 284 2
642 41 1
722 666 2
588 79 2
520 11 5
468 261 2
214 281 2
22 37 1
411 72 5
301 285 4
71 392 2
469 601 2
68 31 2
585 673 1
734 625 1
17 449 3
317 366 4
183 99 1
96 470 3
552 94 4
655 515 4
1 100 5
738 115 3
214 37 2
594 228 4
615 105 5
509 738 3
259 191 4
526 490 3
304 488 1
459 17 4
255 79 1
642 184 5
62 136 2
758 751 2
650 185 5
731 184 3
396 422 1
109 169 5
585 224 1
177 171 5
723 429 2
116 351 1
336 308 4
686 371 2
491 310 4
213 448 3
716 456 3
300 194 5
643 578 3
74 488 1
405 632 2
593 461 1
193 763 5
752 111 3
302 751 3
655 532 2
225 643 4
41 676 4
546 237 2
587 253 1
319 214 2
469 240 3
494 254 5
209 201 4
297 760 3
461 254 3
728 477 3
239 411 2
603 388 1
190 697 2
306 105 3
159 198 1
304 32 5
701 692 4
567 386 1
189 110 2
485 6 4
627 66 2
510 104 1
37 89 3
676 176 2
427 360 1
575 482 4
760 650 1
587 374 5
173 427 1
638 596 5
541 469 5
680 18 3
251 179 5
395 388 2
248 79 4
326 198 1
212 745 3
226 149 2
563 507 2
397 186 5
581 299 3
528 358 1
271 710 5
74 554 3
518 185 3
749 458 4
654 44 5
291 751 1
683 48 4
624 144 5
122 310 5
180 587 4
399 313 1
9 233 4
74 626 3
198 652 1
39 163 5
7 267 5
354 44 4
418 264 2
468 148 2
131 690 3
36 80 1
669 198 5
585 333 1
250 235 3
377 8 1
93 219 5
580 317 1
586 655 5
603 549 2
730 75 3
242 593 4
628 264 3
36 493 5
697 252 4
663 205 1
573 578 2
102 168 2
13 313 5
621 409 1
684 389 5
149 386 1
406 686 3
13 138 3
281 283 1
477 352 2
668 746 1
641 151 4
218 346 2
227 191 5
57 298 4
756 84 2
178 707 2
115 109 2
666 746 4
475 76 4
133 716 4
385 605 2
443 461 1
627 274 4
596 675 2
163 74 4
47 223 1
727 649 3
236 711 1
736 283 1
138 351 2
517 90 1
106 111 5
108 242 4
105 670 2
246 659 4
6 150 2
629 592 3
624 455 4
538 558 1
402 126 5
531 628 2
559 104 4
548 314 2
373 398 5
138 68 2
472 273 3
64 355 5
3 294 1
690 299 3
153 230 5
125 208 2
681 534 4
337 668 2
709 535 3
351 494 5
584 186 4
651 694 4
484 32 3
577 302 4
575 25 4
452 42 2
438 265 5
435 406 4
688 708 3
696 121 5
439 252 3
747 763 3
6 131 2
414 421 1
245 450 3
29 332 4
512 52 1
544 29 4
146 606 1
672 3 2
149 735 3
88 670 4
534 40 2
591 518 4
420 571 1
578 727 3
131 302 5
761 639 5
278 300 3
213 545 4
41 242 4
476 182 3
575 184 2
713 258 1
646 489 3
149 310 1
338 494 1
311 122 5
739 19 5
543 350 2
360 189 1
620 215 1
719 374 2
247 8 2
522 676 3
228 668 2
673 176 4
322 644 5
318 630 1
152 394 4
422 21 1
514 416 4
552 10 5
625 485 2
514 499 2
321 212 1
309 418 2
149 569 3
664 77 4
623 612 5
512 556 5
296 565 2
445 170 5
154 700 4
59 377 5
607 62 2
226 758 4
322 518 2
67 371 2
298 505 4
235 397 5
733 612 1
303 87 1
207 551 3
6 113 3
707 21 5
259 418 5
621 599 5
15 651 2
560 748 4
584 546 5
716 607 1
744 652 1
333 435 2
173 169 4
657 566 3
271 242 1
568 384 1
354 65 3
706 698 5
379 237 4
38 426 4
268 58 3
42 224 4
275 159 1
522 158 2
273 471 2
718 90 2
366 602 3
583 105 4
44 385 1
404 418 1
263 708 5
46 632 1
573 498 3
593 53 4
183 135 1
628 375 1
204 74 5
59 324 5
370 172 1
183 162 5
730 576 1
743 243 2
549 638 4
114 673 1
138 558 3
509 57 2
561 444 1
221 711 5
318 431 2
23 717 2
349 450 1
215 731 3
461 222 4
422 541 5
663 473 3
131 658 5
32 178 3
33 654 1
275 251 1
42 633 3
71 531 1
119 475 5
571 281 5
421 35 3
272 12 5
222 626 3
579 48 1
757 627 5
586 697 5
697 667 4
393 236 4
586 283 4
756 481 1
27 94 1
470 565 3
34 124 2
308 693 5
614 581 3
480 713 1
409 316 4
670 729 3
233 609 2
360 274 5
115 265 3
69 229 2
28 738 4
254 209 2
205 287 5
413 532 4
499 658 1
88 93 5
452 23 5
70 51 1
377 638 3
31 347 1
193 71 2
618 703 5
651 1 1
20 755 5
617 621 4
284 424 4
673 355 4
246 62 3
759 259 4
101 251 4
236 57 1
250 154 1
215 171 5
371 747 5
415 622 5
54 437 4
740 572 2
265 43 5
19 458 3
57 233 4
762 615 2
604 354 4
141 203 1
491 577 5
617 87 2
453 645 3
7 140 3
3 248 5
613 681 1
555 700 2
271 532 4
65 550 4
195 233 1
627 706 4
258 362 1
477 270 3
581 604 5
111 64 2
473 500 1
237 46 1
735 69 2
200 583 4
642 53 4
726 530 5
36 171 3
211 522 5
436 552 4
531 623 5
508 694 4
31 384 4
643 31 1
211 346 4
350 2 4
112 583 4
520 565 4
533 677 2
198 383 3
589 112 2
521 118 3
519 253 2
176 213 1
717 474 2
631 538 2
228 414 4
541 433 3
66 2 5
560 49 3
367 469 3
499 304 2
663 79 1
357 29 3
703 733 1
280 125 1
254 53 5
290 484 2
596 370 4
571 634 1
611 345 5
330 237 4
113 700 3
126 428 4
626 418 4
709 238 5
22 287 3
609 517 3
1 243 1
188 276 5
633 339 1
628 317 4
611 697 4
373 267 4
289 576 3
387 707 5
269 303 2
283 749 4
648 720 3
391 680 5
145 212 5
335 369 2
120 254 5
644 180 5
750 628 3
15 92 5
578 489 1
715 302 2
108 250 4
605 574 4
255 471 3
651 605 5
350 357 5
188 217 3
2 129 3
490 267 4
580 377 2
335 269 4
754 73 5
249 401 2
118 648 1
636 513 2
66 640 5
244 470 4
647 632 1
224 313 1
405 537 3
549 268 1
596 598 3
254 437 1
576 670 3
424 85 1
247 274 1
504 688 1
704 453 3
135 521 1
635 465 5
286 471 5
12 319 3
278 339 4
605 567 3
204 479 1
405 288 3
191 22 2
407 8 1
206 40 1
532 528 1
555 111 1
641 289 1
654 754 5
426 99 1
338 569 3
752 684 1
116 154 4
267 264 1
431 717 2
275 375 4
657 498 2
195 239 1
405 14 2
220 256 5
561 340 4
424 241 3
488 637 4
585 109 4
106 218 3
160 276 2
755 414 5
220 200 2
698 375 5
86 504 1
269 227 3
510 19 2
360 35 3
13 359 3
746 371 5
122 311 4
378 564 5
51 1 5
368 762 2
280 194 5
170 163 3
430 665 1
363 740 3
604 142 1
366 162 3
563 600 4
114 479 5
101 580 5
453 28 3
194 393 1
668 65 4
610 747 2
565 389 5
265 444 2
164 36 5
295 397 2
660 263 1
629 733 3
271 321 1
495 576 3
540 196 5
736 209 1
608 247 4
554 292 3
436 47 4
62 501 5
125 410 2
296 110 1
432 62 5
207 268 3
500 657 5
386 550 3
48 657 2
549 516 4
142 482 1
592 154 2
472 211 1
377 680 1
42 715 5
562 200 4
112 152 3
441 345 3
395 18 5
722 553 1
207 380 1
358 483 2
380 278 4
415 648 4
33 284 4
395 196 1
693 424 1
178 506 2
511 514 4
14 102 1
541 659 3
545 175 3
420 329 5
505 181 1
675 46 4
535 724 4
140 590 5
436 113 4
95 699 1
234 229 3
32 739 4
14 5 4
491 133 1
563 670 4
529 276 5
559 430 4
204 334 4
319 328 1
535 353 5
696 184 4
742 230 3
57 410 4
302 277 4
202 433 3
358 488 5
16 661 3
214 358 2
10 296 5
732 688 4
357 13 4
190 351 2
401 62 3
37 675 3
696 262 4
290 735 4
333 431 3
187 494 3
248 630 1
497 135 1
461 318 1
95 385 2
667 477 1
126 3 4
643 65 5
120 501 5
402 681 1
294 563 1
47 274 4
65 364 2
468 170 4
403 490 5
408 97 3
467 139 5
546 138 3
464 701 5
179 731 3
297 254 5
230 658 3
469 587 5
401 169 1
196 288 1
76 534 2
128 333 2
361 2 1
401 425 4
702 687 4
467 570 5
208 668 1
597 43 1
245 274 4
368 0 1
394 95 2
574 483 5
39 757 4
386 356 5
415 1 3
185 391 2
751 131 1
602 29 1
579 530 3
417 638 3
201 705 4
72 188 4
515 399 2
507 31 2
8 344 5
82 690 4
179 31 4
454 443 5
269 562 1
213 87 3
678 331 2
75 555 4
751 597 2
600 696 3
152 149 2
29 139 2
763 190 5
612 89 4
314 704 2
646 178 4
123 173 3
209 181 2
49 21 1
541 173 3
79 34 2
721 462 2
457 438 1
358 519 1
307 292 4
686 555 5
751 44 2
710 440 3
728 566 2
235 535 1
192 738 2
57 36 3
495 311 2
103 399 1
695 160 2
437 707 3
386 723 4
124 40 5
655 467 3
500 676 4
310 287 5
602 475 1
407 444 1
228 122 3
704 219 5
738 30 4
521 417 4
668 43 1
280 644 3
516 623 4
754 360 2
60 109 3
535 567 1
431 402 4
582 500 2
55 121 3
723 308 3
146 119 5
438 447 3
182 62 1
574 238 4
752 354 3
687 32 4
122 697 5
17 488 5
425 83 3
47 236 4
420 23 1
59 153 3
609 740 2
483 579 3
148 141 1
70 678 2
319 618 3
355 556 2
223 254 4
399 354 1
492 485 5
133 92 4
234 667 1
353 714 1
131 39 4
748 177 5
424 740 3
155 365 1
470 571 1
640 639 1
64 439 1
495 104 4
570 355 2
216 653 1
574 727 2
82 141 4
187 12 5
156 482 2
562 409 1
382 644 2
591 275 2
721 200 4
489 639 4
185 119 3
22 619 5
733 125 1
185 722 3
643 52 1
708 624 1
441 397 5
668 310 3
144 492 1
659 381 4
113 627 2
284 535 5
560 21 1
227 675 3
406 209 5
183 337 2
423 469 3
581 284 1
180 666 3
62 188 2
156 375 2
325 275 1
536 644 5
391 27 1
624 222 2
573 719 3
739 139 1
679 354 3
83 322 2
164 585 4
246 162 3
757 756 2
645 364 3
122 738 2
324 557 2
504 35 4
202 85 2
505 377 5
505 97 1
402 722 5
39 474 4
610 185 3
556 249 1
671 129 3
656 11 3
753 714 2
543 159 1
561 403 4
753 611 4
360 154 4
114 326 5
331 642 4
647 576 3
331 628 4
653 555 5
226 347 3
347 675 5
563 143 1
52 560 2
109 559 4
71 474 3
380 302 4
132 729 4
171 410 1
741 461 4
213 153 4
26 688 4
315 590 2
152 585 1
670 282 1
693 114 2
414 441 4
456 393 3
296 732 1
407 147 1
325 741 5
303 369 2
429 123 4
649 725 5
356 733 4
534 73 3
261 292 2
614 278 5
588 351 2
497 500 1
414 710 1
492 760 1
643 203 2
223 195 1
292 543 3
137 509 1
486 534 5
176 102 4
74 222 1
100 376 2
244 423 1
406 226 4
696 36 1
659 363 2
208 518 1
639 312 2
87 667 2
763 679 2
649 204 5
470 291 5
201 186 3
100 729 2
503 399 1
227 222 3
740 541 1
626 631 1
435 645 3
249 758 4
576 38 1
60 508 1
320 143 3
628 99 1
597 128 2
15 295 3
511 0 3
459 745 1
626 725 3
546 175 4
478 523 3
28 350 5
122 245 2
525 596 5
154 125 3
371 288 5
435 593 5
391 310 3
564 230 5
752 221 2
446 80 4
144 759 2
79 264 4
367 476 5
529 624 4
278 72 3
212 747 4
33 597 4
77 272 3
0 387 3
402 646 2
391 302 2
240 465 5
64 268 5
274 542 1
406 570 1
758 328 1
719 301 4
477 525 3
18 662 5
459 435 5
385 718 1
164 28 2
472 281 1
428 749 2
207 318 3
263 757 4
319 17 3
558 312 1
351 124 5
388 110 2
387 264 3
168 128 4
662 575 5
628 364 5
307 38 4
525 634 2
435 385 1
226 463 5
733 185 3
76 351 3
267 534 4
735 634 1
305 60 2
368 64 2
356 338 5
114 618 4
82 215 1
355 339 3
483 295 1
112 300 3
644 349 1
245 329 5
338 730 5
680 40 4
561 34 3
315 608 2
507 443 4
343 137 5
460 541 3
219 605 4
149 340 4
614 424 3
122 420 5
424 385 5
264 196 2
204 19 5
409 670 5
444 217 2
85 243 1
253 352 3
666 349 2
691 316 4
611 482 1
18 460 3
221 266 5
651 500 2
339 586 4
663 199 1
363 331 1
29 471 3
67 10 2
44 713 4
499 536 2
497 36 5
304 515 3
3 39 5
680 184 1
457 71 3
402 658 2
564 732 5
415 449 1
417 752 2
158 226 4
282 516 2
715 285 4
68 289 1
224 499 5
560 306 2
358 568 3
249 160 3
488 417 4
451 743 4
658 73 2
577 683 5
10 474 2
360 269 3
410 159 2
204 468 3
577 47 1
353 508 2
38 516 4
542 291 2
466 434 2
394 552 3
360 580 1
42 684 3
728 450 1
495 471 4
368 329 3
164 394 5
354 591 3
294 259 2
465 582 2
605 264 3
76 605 1
267 33 5
594 225 2
349 750 4
305 461 5
256 221 1
213 392 3
17 447 4
576 265 5
0 472 3
324 87 1
542 483 3
635 558 5
615 260 5
739 586 3
197 312 3
535 59 2
377 105 5
549 67 2
615 710 1
595 287 2
89 682 4
151 642 1
54 461 5
508 277 5
225 307 5
740 515 2
216 629 5
668 509 3
185 113 4
356 633 4
506 44 3
697 625 4
433 218 1
751 375 4
694 372 2
492 507 4
271 192 5
669 208 1
358 115 5
587 673 2
550 7 2
408 658 4
558 229 1
217 214 1
416 195 4
43 764 5
67 118 5
247 702 1
245 109 1
140 96 4
609 86 4
86 682 1
272 552 3
563 703 5
448 86 2
403 235 3
136 259 5