274 1718 5 30 258 
1 0 3
2 0 4
3 2 5
4 0 1
5 0 1
6 3 3
7 1 4
8 5 4
9 0 2
10 4 3
11 1 5
12 1 2
13 6 4
14 1 4
15 13 3
16 10 4
17 15 2
18 7 2
19 7 1
20 1 3
21 20 5
22 3 4
23 5 1
24 17 1
25 13 4
26 6 5
27 17 2
28 24 1
29 8 1
30 16 2
31 28 3
32 31 4
33 1 4
34 17 5
35 20 2
36 18 3
37 25 5
38 13 1
39 8 3
40 37 2
41 32 2
42 29 4
43 2 3
44 40 5
45 20 5
46 37 2
47 0 3
48 7 5
49 39 1
50 0 4
51 4 1
52 51 5
53 25 3
54 51 3
55 31 4
56 2 5
57 55 3
58 39 2
59 19 5
60 2 1
61 36 1
62 14 1
63 29 4
64 21 4
65 1 3
66 62 4
67 41 5
68 30 4
69 46 3
70 45 5
71 6 5
72 21 3
73 54 5
74 25 2
75 47 3
76 22 1
77 18 2
78 42 5
79 5 3
80 70 4
81 79 5
82 7 1
83 48 1
84 36 2
85 11 1
86 34 2
87 32 3
88 45 3
89 50 4
90 53 5
91 87 1
92 64 4
93 58 2
94 20 2
95 17 1
96 95 2
97 86 4
98 50 4
99 66 4
100 38 3
101 2 1
102 2 4
103 12 1
104 49 3
105 13 3
106 97 4
107 99 3
108 104 5
109 26 3
110 23 5
111 106 3
112 98 5
113 54 5
114 88 4
115 17 2
116 106 3
117 34 2
118 78 5
119 63 2
120 61 5
121 40 2
122 51 4
123 25 5
124 23 5
125 122 1
126 24 1
127 10 1
128 117 5
129 42 3
130 40 3
131 112 2
132 53 2
133 122 5
134 30 2
135 63 4
136 31 3
137 84 3
138 3 3
139 91 2
140 15 4
141 127 1
142 18 4
143 12 1
144 81 1
145 96 4
146 35 3
147 4 2
148 140 2
149 31 1
150 31 1
151 43 1
152 84 3
153 83 4
154 63 4
155 51 2
156 111 4
157 116 4
158 129 2
159 1 1
160 66 1
161 91 5
162 65 3
163 23 5
164 17 1
165 44 3
166 19 5
167 6 2
168 80 2
169 83 1
170 138 5
171 95 4
172 57 3
173 61 2
174 132 5
175 63 3
176 37 4
177 57 3
178 60 1
179 106 4
180 130 3
181 58 3
182 19 4
183 133 4
184 135 1
185 61 5
186 24 1
187 65 2
188 164 5
189 125 2
190 37 3
191 147 2
192 160 4
193 87 3
194 11 1
195 111 4
196 156 5
197 189 3
198 132 3
199 36 4
200 179 1
201 55 5
202 183 5
203 125 1
204 115 1
205 163 4
206 41 5
207 61 5
208 0 5
209 40 1
210 23 5
211 181 2
212 124 2
213 127 2
214 46 5
215 157 3
216 88 4
217 154 3
218 88 4
219 93 3
220 7 2
221 44 2
222 153 4
223 24 4
224 142 5
225 223 5
226 164 4
227 142 5
228 102 4
229 219 1
230 134 5
231 215 1
232 215 1
233 143 3
234 133 4
235 187 2
236 72 1
237 100 4
238 198 2
239 22 3
240 192 5
241 101 3
242 227 1
243 51 2
244 221 3
245 111 2
246 14 3
247 93 4
248 247 5
249 125 4
250 9 3
251 196 2
252 75 1
253 25 4
254 97 2
255 113 5
256 106 4
257 214 1
258 189 3
259 239 5
260 125 4
261 203 3
262 124 5
263 170 3
264 112 4
265 63 1
266 28 3
267 249 2
268 87 2
269 115 3
270 114 2
271 251 1
272 164 3
273 2 5
168 130 2
127 100 1
115 101 4
180 64 1
11 129 1
194 6 3
92 147 4
152 46 4
185 86 5
63 142 1
89 204 1
110 213 5
27 43 2
62 36 3
146 121 4
44 125 5
255 273 3
260 39 4
133 52 5
224 223 2
46 190 4
266 198 5
168 162 3
154 102 3
195 261 2
193 18 2
28 13 3
201 270 4
168 94 1
249 95 4
201 23 3
120 160 3
16 86 5
256 69 4
18 138 2
69 36 3
33 262 1
238 224 2
246 19 3
131 168 3
23 93 2
76 91 1
186 20 4
124 51 1
55 154 2
109 111 5
130 224 4
0 107 1
29 114 1
25 121 1
115 144 2
151 86 3
251 58 1
247 134 1
211 54 1
221 78 1
172 226 2
184 269 3
66 96 2
197 125 2
201 124 1
198 179 3
134 193 4
136 67 2
131 3 5
251 188 5
48 86 3
197 188 3
139 154 3
183 266 3
250 240 3
47 46 3
134 69 4
221 22 1
16 178 5
222 162 5
109 100 2
124 210 2
259 3 4
186 95 1
258 205 3
177 125 2
231 103 2
11 234 3
111 55 4
143 256 2
154 92 4
262 109 3
209 215 5
118 249 2
96 125 3
120 215 2
252 73 3
201 266 3
206 139 2
83 113 1
174 241 1
226 197 5
77 2 1
131 122 2
74 80 1
44 1 1
49 179 1
18 220 1
15 233 3
40 248 3
164 166 2
262 152 1
209 233 4
85 82 1
201 263 5
10 245 5
138 254 4
5 41 2
72 194 5
22 137 4
52 224 4
60 262 4
179 142 4
261 211 4
163 223 1
1 248 1
86 56 4
41 12 4
31 171 4
172 126 4
192 7 1
20 240 4
249 127 5
62 10 2
35 198 2
224 119 3
31 16 5
11 54 4
120 55 3
23 68 1
209 159 4
70 127 2
231 166 2
128 201 4
153 8 3
149 204 5
182 245 5
226 260 4
204 146 2
23 117 1
54 156 1
227 99 1
202 245 1
144 8 3
176 43 4
75 72 3
29 169 2
63 39 1
103 97 1
82 131 4
170 99 1
51 273 2
54 48 2
104 208 2
239 19 4
94 228 3
208 231 1
17 26 1
224 112 4
28 150 2
0 250 2
6 136 2
99 98 3
167 229 1
8 251 4
128 272 1
63 97 2
248 107 4
118 60 2
71 66 4
263 19 4
72 150 5
262 72 1
164 168 4
106 254 1
85 83 5
162 44 4
71 207 5
101 65 4
159 61 3
235 224 4
24 199 1
82 65 5
248 83 4
107 63 5
34 259 5
143 54 4
100 131 2
235 171 4
143 100 1
234 56 2
62 252 5
168 175 3
1 129 3
136 264 5
160 33 5
248 73 5
202 268 5
171 159 1
23 45 3
244 153 1
4 96 4
135 88 5
23 75 2
13 205 2
43 241 5
144 49 2
29 136 5
94 245 2
219 264 4
175 1 5
7 96 1
78 77 5
245 28 1
170 89 4
114 21 3
155 180 1
267 214 1
75 14 1
232 246 1
128 191 3
255 5 3
12 63 5
66 110 1
96 269 5
159 11 5
139 140 2
144 61 3
132 155 2
180 129 3
141 16 1
241 73 5
220 82 4
29 273 5
64 52 4
220 8 5
55 144 4
62 111 5
73 209 4
48 41 5
136 163 1
257 272 3
30 263 2
188 2 1
153 1 2
67 50 1
17 155 2
26 129 3
254 239 4
36 167 4
266 227 5
97 83 4
72 110 1
158 207 2
71 265 3
273 30 2
256 53 3
132 18 1
97 15 1
49 269 1
205 264 4
40 57 5
191 41 5
147 73 2
109 21 5
111 1 4
204 52 4
8 105 1
243 268 4
214 65 5
31 161 1
32 35 4
39 136 5
264 69 4
38 239 5
191 123 4
38 262 3
69 168 3
189 147 5
228 5 2
146 251 1
235 225 3
197 89 2
167 8 4
270 52 5
48 91 2
83 53 2
203 216 3
53 111 3
152 240 4
14 67 4
40 271 2
191 132 1
7 257 4
273 49 5
79 248 1
30 97 2
117 79 5
0 69 4
21 38 5
57 117 3
207 60 5
82 158 2
196 124 1
93 271 3
253 190 1
160 215 2
16 129 5
42 169 1
215 2 1
242 263 5
214 164 3
104 63 3
113 50 2
201 72 5
42 119 5
226 179 3
211 182 4
207 26 4
70 43 5
264 209 4
237 62 3
191 46 2
184 50 2
52 244 1
163 185 1
140 116 4
6 74 3
106 55 2
153 236 3
234 1 1
41 235 4
16 61 1
133 125 3
61 60 1
118 256 5
147 221 1
101 34 4
179 30 4
240 96 3
256 212 4
104 4 4
15 231 3
23 218 3
34 40 2
233 212 4
57 22 2
187 265 2
77 232 3
238 256 3
239 253 5
210 173 1
98 20 1
167 159 4
64 133 3
208 160 1
79 21 1
130 27 5
190 124 4
137 86 3
2 14 2
55 85 3
56 209 1
171 19 4
48 6 4
263 164 5
236 116 4
234 207 5
101 177 1
252 265 4
34 179 1
77 72 2
22 136 3
196 162 1
208 202 4
76 214 5
11 199 2
56 194 4
109 78 5
102 219 5
250 182 1
2 120 1
261 152 5
201 12 1
127 128 1
87 154 3
264 48 3
27 249 5
97 81 5
127 149 4
38 21 1
30 247 5
61 136 4
88 253 5
123 171 3
76 111 1
73 181 1
90 159 3
54 64 5
72 169 4
11 158 3
163 157 1
125 160 1
44 219 1
3 162 2
69 91 3
7 107 5
154 108 4
41 223 2
212 237 4
269 187 1
263 6 3
114 266 2
272 61 3
243 211 4
196 114 1
46 247 2
262 140 2
132 171 1
244 42 3
165 123 4
260 124 1
20 18 3
79 203 4
2 37 5
196 208 1
43 87 2
235 117 1
256 43 1
148 184 2
143 113 2
102 19 3
79 225 4
212 104 2
83 259 4
236 234 4
214 271 2
130 140 5
14 253 2
86 97 2
88 55 3
148 32 5
259 166 3
250 98 3
200 51 1
128 171 1
22 159 2
258 45 4
104 265 4
19 2 1
119 30 4
221 41 4
249 75 4
65 49 4
204 207 5
152 262 1
144 80 4
10 36 2
24 270 1
107 91 5
38 153 2
0 31 3
82 247 4
223 201 2
189 195 5
146 34 3
134 52 2
70 163 2
112 132 3
26 221 4
118 152 4
47 32 5
264 72 2
156 172 3
251 1 1
147 91 5
255 82 2
92 197 4
117 119 3
220 177 2
92 23 2
149 248 4
74 222 1
241 4 1
216 265 2
153 4 1
8 7 3
178 262 2
8 65 1
63 239 3
251 74 5
151 35 5
214 250 3
34 8 2
265 268 2
59 173 3
126 221 4
179 15 5
245 208 5
238 147 5
184 248 5
67 1 2
199 47 5
118 145 3
73 26 1
189 130 1
212 179 4
24 116 5
93 60 1
150 262 5
257 70 1
71 149 1
19 123 2
184 81 4
232 179 1
188 93 2
192 86 4
155 125 4
67 74 4
50 24 5
136 162 4
209 98 3
215 166 1
197 198 4
37 87 5
43 58 2
29 66 5
211 65 5
240 49 3
136 5 3
257 183 5
92 242 2
265 64 4
68 61 4
154 214 2
190 73 4
44 74 3
66 115 1
145 198 3
102 234 2
271 36 3
107 172 5
167 217 3
180 142 5
264 217 5
57 132 1
270 21 5
93 107 3
35 221 3
271 38 5
181 197 2
21 109 5
142 219 1
78 269 4
101 105 3
88 73 1
141 240 1
17 75 1
126 254 5
115 185 1
64 233 3
25 0 1
226 132 4
75 221 2
236 60 1
172 211 2
215 55 1
139 254 1
219 238 2
215 104 4
241 104 3
159 252 2
264 85 4
113 165 5
253 55 1
3 217 4
151 7 1
158 94 2
244 125 3
217 190 3
111 242 4
58 194 3
107 97 2
76 264 1
221 101 1
125 231 3
215 70 3
4 222 5
191 150 4
249 76 4
154 262 1
24 122 4
97 269 2
260 6 5
234 253 2
134 181 3
76 257 1
100 199 5
232 74 1
219 247 1
188 185 3
203 157 1
19 155 4
82 222 5
216 227 5
181 97 5
193 215 2
124 251 3
62 184 5
178 233 5
26 130 1
172 249 5
255 61 4
63 157 4
81 101 2
37 60 1
20 250 5
56 182 2
145 10 5
253 122 1
113 96 4
74 10 2
165 141 5
131 144 1
180 90 3
203 133 3
263 219 5
212 182 3
106 155 3
77 219 1
15 47 1
272 232 5
165 214 2
263 235 2
13 155 1
192 157 1
39 60 3
261 61 2
100 113 4
119 243 3
76 180 2
215 10 3
80 251 5
204 97 4
30 27 4
29 64 2
219 252 5
28 2 4
246 151 3
58 166 4
127 272 2
200 84 2
65 186 2
49 59 2
227 216 1
140 104 2
112 212 5
125 94 1
56 245 5
4 267 2
232 167 3
191 126 3
59 88 1
16 229 4
169 91 4
269 76 2
213 82 1
205 155 5
185 151 5
75 100 2
30 219 1
165 139 5
213 17 2
243 121 5
152 241 1
60 23 4
231 195 1
74 6 5
212 256 3
221 27 1
60 98 4
204 126 1
164 190 5
23 270 1
79 205 5
241 273 3
259 252 4
21 240 1
127 56 5
89 117 4
77 231 2
267 165 4
106 148 1
217 237 2
205 204 2
98 37 2
211 266 5
237 240 2
18 208 1
76 1 3
58 134 2
232 72 3
272 12 5
255 200 5
229 272 1
136 231 2
49 86 3
66 167 3
158 2 4
51 114 4
115 132 4
127 194 1
78 100 2
122 201 3
267 71 2
184 147 4
161 121 4
231 181 1
31 104 5
111 11 3
94 201 5
141 187 3
71 227 2
260 40 2
152 32 3
205 125 1
266 50 2
161 212 2
73 210 1
35 250 5
173 205 4
58 205 4
12 271 4
189 221 4
111 99 5
131 128 1
117 2 2
173 239 2
174 245 4
61 82 4
140 143 1
98 246 3
163 260 5
21 3 4
157 207 5
70 10 1
128 268 4
201 229 2
138 128 5
210 94 5
224 179 4
82 215 2
101 11 4
216 246 2
79 226 1
154 1 4
165 261 2
265 231 3
17 38 5
18 181 4
30 134 5
201 173 3
42 191 3
82 107 4
70 30 2
170 118 5
58 94 1
55 270 5
115 31 2
42 172 2
273 201 3
130 216 3
57 121 3
181 85 2
238 254 5
7 196 1
215 140 2
10 202 3
148 10 3
260 64 2
96 106 1
144 62 3
199 79 2
41 251 2
73 117 4
265 153 3
204 56 4
72 182 4
212 259 3
181 27 1
165 96 2
203 221 4
148 69 2
25 90 5
71 78 5
255 253 2
185 204 3
0 152 5
195 18 1
36 161 3
129 216 5
119 190 4
78 110 5
125 157 3
201 250 1
245 93 3
210 19 5
185 169 2
75 232 5
19 182 3
217 81 5
152 85 5
42 232 2
100 130 1
51 232 4
101 209 1
25 95 1
36 212 2
134 158 2
180 228 2
90 176 5
141 203 4
244 171 5
34 163 4
154 164 5
205 156 2
157 35 3
0 247 5
31 113 1
75 252 1
86 158 3
186 93 2
254 230 2
268 33 1
159 124 5
175 55 2
160 218 2
178 258 5
25 82 2
251 39 2
1 155 4
236 119 5
170 264 4
64 134 3
74 121 1
142 230 1
186 242 4
97 59 2
178 61 3
48 26 2
244 112 3
210 113 4
8 150 3
60 30 5
2 67 1
126 116 2
7 199 1
183 127 1
236 74 5
197 208 5
17 236 3
173 108 1
167 155 2
82 84 3
208 35 2
184 267 4
174 193 5
257 129 2
13 15 5
150 101 5
131 114 1
190 18 2
64 247 5
204 1 2
22 198 3
270 31 4
42 173 2
68 176 2
98 271 2
72 167 4
105 60 3
171 224 4
5 109 5
29 266 5
270 47 1
178 158 1
245 263 1
268 206 1
272 231 1
227 89 5
87 160 4
267 153 5
271 258 1
100 259 4
222 14 2
4 3 5
31 180 3
139 15 2
125 192 3
222 55 4
179 250 3
206 14 3
168 227 4
132 115 5
186 194 4
61 211 2
153 245 1
107 156 3
33 105 2
80 116 2
201 220 1
199 120 3
220 94 1
220 188 2
196 249 1
199 149 2
29 219 2
215 11 1
127 231 2
63 230 4
143 199 5
261 111 4
24 176 5
14 121 5
226 56 5
150 138 4
229 118 2
171 166 3
92 45 1
107 255 2
108 111 2
29 2 5
200 4 1
146 110 1
131 223 1
263 100 4
192 248 4
178 268 3
238 92 3
7 134 3
24 231 1
267 132 2
27 47 2
66 203 4
115 122 4
130 188 5
19 227 3
180 137 2
181 116 4
83 156 2
248 91 3
53 161 5
129 245 1
43 244 5
175 35 4
273 13 4
44 103 3
102 77 1
209 146 2
46 251 4
26 154 4
134 241 2
75 212 1
219 58 1
201 125 4
167 61 2
83 45 1
173 170 2
185 0 4
216 193 3
165 130 2
164 12 1
192 193 5
130 82 1
134 76 1
161 19 1
160 13 4
262 147 1
90 121 2
164 226 4
55 69 1
219 78 3
221 195 3
195 44 5
76 139 5
207 130 3
180 40 1
4 126 1
0 74 5
3 63 2
34 23 4
78 44 5
166 268 3
212 61 2
243 174 5
110 147 4
192 74 2
213 85 1
117 21 2
19 108 4
264 267 2
221 163 3
1 188 3
157 40 2
201 268 1
47 147 5
185 79 1
70 123 1
29 157 2
42 230 2
76 153 4
90 146 5
89 124 2
214 111 4
232 173 4
56 234 2
184 162 5
161 127 3
36 178 5
125 59 2
245 144 5
201 216 3
120 77 3
144 47 2
121 147 5
80 27 2
221 133 1
169 208 4
28 57 4
166 246 3
130 206 2
56 168 2
103 38 4
108 38 5
171 124 3
262 133 5
144 228 1
233 5 4
44 181 4
163 112 4
33 56 2
223 241 3
163 186 2
129 266 2
251 128 2
123 20 3
177 162 5
5 225 2
262 196 3
160 222 5
96 73 1
201 114 3
253 38 1
95 52 3
127 17 3
250 121 1
70 159 1
96 23 5
118 167 4
29 187 5
78 63 5
190 47 2
36 159 5
229 7 4
200 32 4
196 225 1
167 40 3
50 58 1
97 92 1
236 163 3
261 177 1
183 66 1
218 243 5
40 170 1
76 141 5
263 237 5
256 94 2
189 106 4
87 181 5
24 80 3
105 160 5
160 202 1
230 106 5
164 129 2
108 212 5
117 167 5
105 85 4
244 264 3
185 25 1
169 197 4
112 255 4
143 115 5
106 138 1
154 59 4
193 102 5
73 113 3
201 150 1
73 261 5
127 169 4
76 24 3
237 7 2
57 194 5
217 65 3
169 184 5
35 156 2
18 31 5
72 13 1
15 241 4
140 235 3
119 183 4
19 89 4
84 176 3
260 88 2
201 131 3
221 51 4
37 44 1
152 223 2
178 170 5
218 209 4
91 75 5
141 214 1
97 162 3
193 52 2
186 144 5
234 263 2
63 18 5
68 11 5
19 38 3
235 31 5
151 133 2
123 137 2
48 225 5
109 76 2
51 265 5
247 126 2
182 71 3
239 52 2
75 225 2
97 78 1
182 229 4
57 39 3
193 37 4
68 114 3
36 203 1
210 201 3
185 240 5
78 28 2
199 156 3
180 160 3
195 241 5
49 19 5
243 69 4
136 224 3
6 22 4
42 209 4
46 174 3
265 192 2
200 268 2
228 272 1
191 192 3
172 199 2
200 207 3
116 186 4
109 142 3
63 151 4
231 135 3
167 15 2
144 33 3
239 121 3
148 34 3
1 69 2
58 150 5
123 65 1
182 219 4
124 237 5
106 3 1
103 42 2
198 141 4
16 55 2
169 244 1
161 61 4
194 270 4
150 273 3
40 30 3
262 103 2
221 170 2
194 147 5
32 177 1
6 92 5
21 134 5
268 187 3
60 32 5
246 184 3
80 78 4
237 14 3
271 22 3
228 123 1
132 166 5
246 170 1
97 220 3
200 154 4
239 8 2
66 222 1
45 71 1
241 77 5
6 176 1
250 176 4
185 74 5
221 241 5
272 195 5
151 136 4
273 36 3
59 63 3
42 201 5
194 156 5
268 105 3
92 62 5
266 157 3
5 153 3
134 88 2
171 181 3
100 42 4
153 98 1
57 90 1
29 153 3
255 206 3
148 2 3
249 79 2
136 106 1
164 55 3
13 123 4
228 156 4
227 69 2
181 209 5
226 158 2
135 97 2
89 140 1
256 70 5
180 76 2
183 12 4
51 207 5
242 106 5
71 195 4
132 173 5
206 150 4
74 185 3
144 30 2
253 210 4
139 92 4
121 62 1
61 170 1
48 177 3
85 196 3
66 151 5
96 211 3
171 228 3
43 124 4
30 214 2
60 267 3
118 238 4
179 216 2
44 255 3
130 94 3
250 192 1
97 133 2
90 54 2
243 143 4
103 45 4
180 106 4
86 46 5
42 161 4
217 80 1
28 233 4
98 51 5
165 133 1
39 103 5
79 241 5
128 97 4
243 182 3
205 234 1
171 233 2
121 163 4
167 199 1
21 273 4
268 164 3
200 124 2
71 217 5
216 123 1
54 131 4
72 101 4
142 164 2
259 98 4
259 36 2
223 15 2
31 137 3
57 103 2
208 167 4
82 75 4
133 256 4
3 191 2
21 219 4
75 222 4
53 57 5
37 129 1
128 240 5
210 232 5
258 242 3
192 272 3
10 227 3
218 65 1
144 45 3
195 217 5
170 117 5
92 39 5
144 12 3
105 36 1
83 87 2
234 54 5
91 86 4
185 148 3
42 200 1
175 231 5
59 57 2
57 145 5
145 234 1
207 212 2
159 20 4
177 172 5
25 150 2
221 153 4
210 241 1
141 137 2
131 123 3
114 176 3
214 109 3
22 151 1
79 96 2
48 22 5
100 11 3
208 245 4
21 195 3
212 93 5
247 226 3
85 45 1
158 24 2
203 128 3
226 189 4
6 251 1
167 85 4
254 6 2
197 151 2
89 245 1
117 128 1
136 35 1
41 159 5
113 129 2
86 59 3
93 238 4
45 176 2
144 93 1
6 225 4
234 82 1
31 149 3
195 71 3
64 186 2
195 63 5
202 65 1
134 133 5
235 210 5
191 203 5
50 170 3
71 239 3
39 94 4
104 147 5
273 19 3
83 92 2
90 270 3
152 82 3
220 70 5
161 192 1
21 227 4
262 111 2
109 83 3
127 107 3
237 3 5
247 154 3
22 110 1
56 228 4
72 36 5
136 54 1
117 41 2
156 114 1
249 168 2
161 45 3
57 222 3
113 69 2
27 77 1
80 121 1
270 75 4
47 76 5
217 134 2
45 210 2
69 266 2
131 132 3
90 147 5
225 17 3
109 133 5
121 112 5
28 76 4
65 67 1
52 205 1
145 15 5
159 171 3
256 220 4
146 115 3
267 90 2
110 206 2
229 100 5
146 40 3
72 92 3
150 154 2
22 23 5
229 178 2
172 153 1
25 61 1
6 47 4
12 153 5
27 221 3
131 171 5
210 158 3
22 260 4
96 100 1
130 32 4
245 108 1
243 154 3
219 7 5
220 189 3
2 9 5
38 248 5