939 5476 1 806 446 
1 0 1
2 1 1
3 1 1
4 1 1
5 0 1
6 0 1
7 0 1
8 6 1
9 1 1
10 1 1
11 0 1
12 7 1
13 9 1
14 7 1
15 6 1
16 0 1
17 5 1
18 17 1
19 4 1
20 4 1
21 0 1
22 4 1
23 6 1
24 1 1
25 4 1
26 14 1
27 19 1
28 4 1
29 27 1
30 18 1
31 13 1
32 10 1
33 32 1
34 25 1
35 19 1
36 28 1
37 17 1
38 34 1
39 16 1
40 39 1
41 11 1
42 0 1
43 39 1
44 13 1
45 2 1
46 30 1
47 45 1
48 34 1
49 47 1
50 11 1
51 15 1
52 45 1
53 15 1
54 6 1
55 15 1
56 44 1
57 51 1
58 57 1
59 4 1
60 0 1
61 37 1
62 24 1
63 6 1
64 56 1
65 15 1
66 10 1
67 60 1
68 16 1
69 39 1
70 2 1
71 10 1
72 34 1
73 30 1
74 35 1
75 14 1
76 70 1
77 70 1
78 38 1
79 58 1
80 70 1
81 64 1
82 6 1
83 5 1
84 56 1
85 4 1
86 68 1
87 64 1
88 42 1
89 5 1
90 44 1
91 87 1
92 48 1
93 16 1
94 58 1
95 63 1
96 39 1
97 66 1
98 9 1
99 92 1
100 39 1
101 71 1
102 3 1
103 73 1
104 57 1
105 60 1
106 42 1
107 71 1
108 9 1
109 67 1
110 16 1
111 33 1
112 0 1
113 51 1
114 20 1
115 92 1
116 23 1
117 84 1
118 27 1
119 18 1
120 25 1
121 104 1
122 1 1
123 9 1
124 89 1
125 28 1
126 40 1
127 15 1
128 12 1
129 103 1
130 88 1
131 17 1
132 98 1
133 12 1
134 46 1
135 27 1
136 127 1
137 19 1
138 7 1
139 64 1
140 116 1
141 140 1
142 18 1
143 56 1
144 104 1
145 97 1
146 47 1
147 55 1
148 88 1
149 2 1
150 115 1
151 144 1
152 106 1
153 118 1
154 117 1
155 33 1
156 107 1
157 141 1
158 101 1
159 112 1
160 83 1
161 24 1
162 146 1
163 24 1
164 17 1
165 38 1
166 117 1
167 15 1
168 15 1
169 65 1
170 129 1
171 30 1
172 32 1
173 172 1
174 136 1
175 144 1
176 16 1
177 136 1
178 110 1
179 48 1
180 19 1
181 97 1
182 34 1
183 116 1
184 180 1
185 13 1
186 43 1
187 55 1
188 9 1
189 186 1
190 118 1
191 119 1
192 8 1
193 3 1
194 157 1
195 37 1
196 149 1
197 184 1
198 148 1
199 80 1
200 179 1
201 97 1
202 89 1
203 93 1
204 152 1
205 26 1
206 12 1
207 69 1
208 197 1
209 84 1
210 80 1
211 57 1
212 156 1
213 163 1
214 49 1
215 78 1
216 43 1
217 76 1
218 186 1
219 172 1
220 190 1
221 14 1
222 5 1
223 2 1
224 152 1
225 14 1
226 42 1
227 100 1
228 143 1
229 139 1
230 91 1
231 118 1
232 0 1
233 137 1
234 225 1
235 81 1
236 29 1
237 112 1
238 185 1
239 35 1
240 184 1
241 203 1
242 223 1
243 217 1
244 147 1
245 161 1
246 176 1
247 185 1
248 0 1
249 42 1
250 207 1
251 57 1
252 32 1
253 82 1
254 152 1
255 47 1
256 161 1
257 93 1
258 215 1
259 106 1
260 38 1
261 39 1
262 59 1
263 51 1
264 47 1
265 145 1
266 159 1
267 117 1
268 255 1
269 255 1
270 200 1
271 141 1
272 101 1
273 254 1
274 59 1
275 230 1
276 117 1
277 258 1
278 17 1
279 26 1
280 164 1
281 61 1
282 264 1
283 244 1
284 32 1
285 212 1
286 18 1
287 123 1
288 263 1
289 154 1
290 41 1
291 36 1
292 277 1
293 255 1
294 16 1
295 114 1
296 153 1
297 47 1
298 38 1
299 262 1
300 21 1
301 160 1
302 127 1
303 301 1
304 135 1
305 77 1
306 53 1
307 302 1
308 234 1
309 191 1
310 211 1
311 13 1
312 40 1
313 161 1
314 166 1
315 312 1
316 258 1
317 140 1
318 51 1
319 295 1
320 224 1
321 303 1
322 120 1
323 141 1
324 209 1
325 259 1
326 205 1
327 17 1
328 268 1
329 252 1
330 202 1
331 176 1
332 166 1
333 318 1
334 323 1
335 261 1
336 27 1
337 310 1
338 134 1
339 235 1
340 176 1
341 339 1
342 295 1
343 249 1
344 207 1
345 187 1
346 79 1
347 184 1
348 232 1
349 7 1
350 268 1
351 309 1
352 130 1
353 343 1
354 271 1
355 39 1
356 178 1
357 319 1
358 48 1
359 207 1
360 137 1
361 89 1
362 327 1
363 145 1
364 63 1
365 55 1
366 213 1
367 211 1
368 137 1
369 98 1
370 288 1
371 199 1
372 131 1
373 96 1
374 151 1
375 224 1
376 102 1
377 358 1
378 363 1
379 87 1
380 287 1
381 57 1
382 347 1
383 333 1
384 16 1
385 52 1
386 183 1
387 61 1
388 267 1
389 42 1
390 240 1
391 308 1
392 227 1
393 201 1
394 143 1
395 277 1
396 51 1
397 238 1
398 332 1
399 23 1
400 386 1
401 264 1
402 121 1
403 173 1
404 49 1
405 62 1
406 280 1
407 395 1
408 273 1
409 35 1
410 163 1
411 183 1
412 41 1
413 221 1
414 48 1
415 128 1
416 312 1
417 197 1
418 351 1
419 179 1
420 216 1
421 283 1
422 58 1
423 79 1
424 241 1
425 256 1
426 291 1
427 232 1
428 125 1
429 400 1
430 349 1
431 412 1
432 424 1
433 390 1
434 63 1
435 278 1
436 8 1
437 135 1
438 288 1
439 227 1
440 26 1
441 51 1
442 321 1
443 256 1
444 395 1
445 110 1
446 305 1
447 123 1
448 362 1
449 201 1
450 376 1
451 188 1
452 251 1
453 420 1
454 190 1
455 162 1
456 347 1
457 21 1
458 141 1
459 28 1
460 87 1
461 429 1
462 395 1
463 261 1
464 343 1
465 205 1
466 331 1
467 225 1
468 407 1
469 149 1
470 294 1
471 302 1
472 26 1
473 341 1
474 321 1
475 250 1
476 459 1
477 175 1
478 321 1
479 302 1
480 367 1
481 195 1
482 76 1
483 38 1
484 409 1
485 292 1
486 474 1
487 290 1
488 338 1
489 148 1
490 133 1
491 266 1
492 337 1
493 34 1
494 347 1
495 423 1
496 312 1
497 154 1
498 71 1
499 437 1
500 219 1
501 470 1
502 106 1
503 138 1
504 272 1
505 325 1
506 405 1
507 132 1
508 253 1
509 309 1
510 236 1
511 449 1
512 0 1
513 262 1
514 108 1
515 504 1
516 144 1
517 43 1
518 311 1
519 84 1
520 398 1
521 18 1
522 406 1
523 367 1
524 366 1
525 12 1
526 77 1
527 370 1
528 475 1
529 267 1
530 223 1
531 180 1
532 161 1
533 146 1
534 95 1
535 355 1
536 48 1
537 371 1
538 17 1
539 351 1
540 379 1
541 287 1
542 26 1
543 414 1
544 1 1
545 233 1
546 69 1
547 376 1
548 508 1
549 355 1
550 1 1
551 505 1
552 7 1
553 97 1
554 541 1
555 29 1
556 169 1
557 206 1
558 258 1
559 543 1
560 90 1
561 8 1
562 315 1
563 500 1
564 282 1
565 514 1
566 240 1
567 215 1
568 542 1
569 116 1
570 225 1
571 241 1
572 263 1
573 447 1
574 422 1
575 302 1
576 197 1
577 208 1
578 376 1
579 368 1
580 545 1
581 252 1
582 36 1
583 8 1
584 136 1
585 453 1
586 258 1
587 279 1
588 232 1
589 371 1
590 348 1
591 289 1
592 568 1
593 168 1
594 60 1
595 59 1
596 506 1
597 146 1
598 414 1
599 510 1
600 468 1
601 31 1
602 273 1
603 457 1
604 11 1
605 349 1
606 273 1
607 206 1
608 593 1
609 538 1
610 134 1
611 280 1
612 40 1
613 507 1
614 166 1
615 393 1
616 188 1
617 244 1
618 361 1
619 186 1
620 610 1
621 506 1
622 337 1
623 303 1
624 155 1
625 0 1
626 256 1
627 301 1
628 598 1
629 610 1
630 570 1
631 231 1
632 526 1
633 331 1
634 140 1
635 502 1
636 56 1
637 210 1
638 611 1
639 394 1
640 146 1
641 158 1
642 351 1
643 419 1
644 484 1
645 283 1
646 490 1
647 306 1
648 408 1
649 336 1
650 279 1
651 431 1
652 104 1
653 327 1
654 397 1
655 351 1
656 386 1
657 110 1
658 145 1
659 599 1
660 46 1
661 423 1
662 120 1
663 400 1
664 559 1
665 83 1
666 544 1
667 616 1
668 296 1
669 521 1
670 177 1
671 81 1
672 432 1
673 522 1
674 447 1
675 189 1
676 78 1
677 593 1
678 459 1
679 580 1
680 159 1
681 543 1
682 669 1
683 564 1
684 408 1
685 6 1
686 28 1
687 75 1
688 264 1
689 89 1
690 239 1
691 335 1
692 74 1
693 566 1
694 450 1
695 594 1
696 77 1
697 257 1
698 265 1
699 11 1
700 300 1
701 117 1
702 698 1
703 489 1
704 484 1
705 38 1
706 105 1
707 108 1
708 362 1
709 457 1
710 571 1
711 17 1
712 561 1
713 101 1
714 369 1
715 434 1
716 11 1
717 542 1
718 386 1
719 624 1
720 242 1
721 289 1
722 81 1
723 385 1
724 38 1
725 615 1
726 587 1
727 173 1
728 584 1
729 604 1
730 442 1
731 321 1
732 353 1
733 710 1
734 136 1
735 186 1
736 595 1
737 64 1
738 312 1
739 353 1
740 683 1
741 373 1
742 360 1
743 333 1
744 333 1
745 230 1
746 283 1
747 307 1
748 24 1
749 653 1
750 190 1
751 450 1
752 97 1
753 66 1
754 641 1
755 523 1
756 280 1
757 200 1
758 582 1
759 755 1
760 626 1
761 143 1
762 251 1
763 311 1
764 423 1
765 595 1
766 632 1
767 522 1
768 635 1
769 139 1
770 30 1
771 397 1
772 433 1
773 313 1
774 281 1
775 357 1
776 261 1
777 733 1
778 569 1
779 651 1
780 270 1
781 166 1
782 172 1
783 369 1
784 158 1
785 319 1
786 417 1
787 650 1
788 319 1
789 278 1
790 559 1
791 405 1
792 484 1
793 23 1
794 140 1
795 64 1
796 786 1
797 554 1
798 202 1
799 206 1
800 338 1
801 568 1
802 79 1
803 617 1
804 16 1
805 411 1
806 196 1
807 353 1
808 388 1
809 697 1
810 725 1
811 119 1
812 343 1
813 688 1
814 711 1
815 320 1
816 659 1
817 718 1
818 45 1
819 98 1
820 179 1
821 453 1
822 150 1
823 610 1
824 761 1
825 647 1
826 614 1
827 799 1
828 586 1
829 319 1
830 696 1
831 569 1
832 219 1
833 375 1
834 396 1
835 254 1
836 740 1
837 747 1
838 424 1
839 661 1
840 654 1
841 187 1
842 310 1
843 685 1
844 732 1
845 363 1
846 439 1
847 447 1
848 24 1
849 225 1
850 104 1
851 106 1
852 662 1
853 526 1
854 629 1
855 584 1
856 99 1
857 78 1
858 568 1
859 656 1
860 609 1
861 492 1
862 838 1
863 798 1
864 383 1
865 227 1
866 565 1
867 146 1
868 827 1
869 22 1
870 530 1
871 823 1
872 256 1
873 206 1
874 818 1
875 664 1
876 382 1
877 123 1
878 851 1
879 280 1
880 111 1
881 1 1
882 734 1
883 116 1
884 460 1
885 496 1
886 865 1
887 590 1
888 591 1
889 174 1
890 77 1
891 651 1
892 889 1
893 123 1
894 698 1
895 167 1
896 536 1
897 844 1
898 96 1
899 678 1
900 358 1
901 669 1
902 451 1
903 7 1
904 851 1
905 609 1
906 99 1
907 297 1
908 216 1
909 349 1
910 370 1
911 314 1
912 573 1
913 290 1
914 857 1
915 490 1
916 895 1
917 759 1
918 698 1
919 512 1
920 0 1
921 163 1
922 74 1
923 103 1
924 345 1
925 60 1
926 545 1
927 695 1
928 171 1
929 166 1
930 480 1
931 799 1
932 701 1
933 691 1
934 532 1
935 754 1
936 128 1
937 582 1
938 798 1
169 353 1
411 474 1
272 41 1
922 869 1
918 803 1
379 38 1
190 168 1
934 657 1
229 539 1
925 1 1
565 4 1
762 597 1
872 50 1
546 286 1
786 768 1
491 829 1
501 285 1
466 362 1
99 896 1
412 618 1
505 96 1
544 813 1
234 233 1
173 241 1
363 747 1
895 371 1
99 341 1
779 523 1
601 72 1
330 698 1
99 507 1
406 356 1
311 127 1
752 906 1
362 157 1
818 93 1
322 520 1
375 631 1
426 751 1
662 424 1
577 602 1
196 886 1
636 348 1
538 13 1
599 161 1
672 849 1
154 629 1
489 465 1
182 194 1
803 74 1
622 122 1
367 778 1
909 443 1
773 97 1
117 186 1
826 472 1
187 462 1
771 746 1
464 346 1
176 98 1
408 208 1
826 656 1
80 333 1
937 156 1
911 361 1
380 598 1
895 247 1
476 613 1
436 500 1
20 497 1
132 480 1
63 816 1
151 434 1
838 225 1
619 118 1
209 159 1
446 742 1
739 663 1
918 524 1
664 445 1
894 324 1
284 924 1
228 606 1
85 704 1
930 491 1
493 467 1
54 266 1
400 562 1
404 317 1
575 764 1
497 329 1
503 44 1
325 536 1
381 119 1
850 413 1
656 501 1
566 34 1
689 312 1
702 52 1
853 714 1
78 585 1
222 73 1
262 393 1
289 842 1
193 366 1
406 477 1
30 309 1
351 584 1
497 512 1
865 911 1
483 387 1
23 111 1
264 6 1
895 827 1
576 638 1
148 144 1
297 530 1
898 128 1
857 931 1
744 829 1
14 461 1
623 134 1
586 678 1
889 546 1
859 671 1
429 339 1
915 935 1
256 370 1
330 794 1
367 789 1
14 807 1
516 110 1
218 349 1
505 861 1
226 729 1
564 346 1
169 681 1
208 760 1
344 128 1
217 500 1
236 283 1
358 577 1
642 896 1
84 857 1
848 257 1
741 535 1
393 408 1
868 725 1
245 235 1
522 682 1
686 795 1
33 209 1
633 732 1
161 752 1
934 703 1
279 718 1
359 659 1
610 463 1
420 888 1
848 516 1
706 76 1
66 462 1
350 818 1
123 804 1
775 914 1
45 451 1
370 347 1
835 324 1
767 378 1
745 112 1
334 830 1
820 392 1
775 178 1
95 498 1
24 650 1
501 648 1
72 731 1
694 372 1
457 240 1
865 150 1
208 776 1
785 923 1
843 792 1
368 108 1
586 606 1
583 177 1
655 343 1
383 329 1
200 587 1
226 576 1
23 756 1
36 792 1
352 862 1
816 428 1
746 604 1
219 901 1
622 756 1
640 298 1
490 879 1
276 405 1
530 23 1
284 69 1
86 297 1
15 314 1
879 678 1
95 53 1
130 605 1
92 527 1
28 868 1
280 893 1
639 430 1
486 748 1
84 341 1
73 95 1
432 930 1
76 240 1
405 123 1
284 856 1
59 739 1
569 590 1
316 686 1
38 687 1
432 68 1
827 34 1
56 506 1
736 594 1
786 534 1
216 144 1
519 446 1
567 41 1
413 226 1
580 564 1
148 885 1
298 474 1
844 615 1
743 183 1
429 28 1
89 123 1
519 0 1
503 379 1
528 936 1
509 431 1
155 640 1
819 84 1
745 874 1
532 916 1
302 73 1
619 182 1
7 573 1
813 239 1
463 842 1
682 637 1
152 885 1
26 495 1
57 311 1
269 763 1
426 258 1
358 203 1
660 429 1
183 659 1
197 594 1
580 563 1
356 315 1
640 424 1
76 525 1
640 40 1
455 742 1
405 826 1
919 73 1
199 209 1
499 657 1
490 383 1
550 364 1
842 599 1
650 936 1
230 856 1
159 580 1
740 704 1
847 721 1
753 813 1
805 148 1
266 394 1
893 345 1
514 350 1
235 327 1
81 883 1
95 750 1
320 17 1
559 802 1
111 605 1
273 408 1
68 353 1
925 703 1
22 627 1
154 670 1
350 417 1
452 120 1
36 753 1
464 184 1
237 98 1
618 745 1
853 783 1
20 876 1
921 783 1
628 219 1
507 530 1
459 92 1
200 227 1
465 113 1
282 519 1
846 243 1
206 173 1
258 855 1
43 411 1
379 771 1
147 492 1
907 646 1
828 789 1
521 239 1
356 386 1
280 364 1
709 81 1
3 149 1
536 331 1
828 184 1
713 702 1
199 700 1
14 683 1
295 494 1
156 231 1
936 179 1
487 163 1
400 767 1
566 649 1
334 51 1
636 878 1
608 778 1
933 450 1
255 456 1
488 481 1
140 767 1
125 22 1
6 812 1
518 603 1
20 272 1
601 435 1
733 729 1
110 321 1
805 841 1
776 604 1
928 333 1
399 547 1
140 631 1
486 796 1
544 650 1
79 199 1
913 75 1
518 512 1
394 776 1
502 461 1
51 155 1
245 136 1
534 248 1
122 436 1
201 895 1
737 265 1
248 347 1
452 320 1
59 196 1
167 687 1
187 261 1
112 745 1
439 118 1
833 506 1
701 694 1
235 788 1
699 865 1
676 35 1
47 458 1
922 511 1
567 609 1
649 905 1
464 405 1
188 599 1
670 844 1
106 771 1
516 141 1
220 59 1
915 306 1
640 889 1
382 107 1
536 113 1
296 681 1
688 64 1
247 376 1
160 150 1
180 557 1
902 326 1
870 129 1
369 251 1
536 213 1
413 408 1
366 370 1
15 636 1
89 317 1
354 523 1
189 732 1
70 779 1
925 329 1
781 648 1
661 273 1
290 168 1
115 40 1
594 312 1
612 760 1
292 540 1
129 304 1
876 669 1
543 57 1
930 335 1
487 245 1
424 680 1
688 581 1
401 467 1
201 33 1
98 229 1
145 131 1
418 17 1
848 530 1
741 671 1
910 322 1
702 340 1
21 840 1
2 648 1
152 96 1
809 266 1
339 679 1
208 930 1
154 753 1
609 544 1
156 654 1
184 213 1
651 441 1
259 890 1
457 547 1
753 147 1
493 4 1
178 726 1
856 532 1
754 304 1
690 406 1
112 413 1
925 21 1
874 196 1
335 726 1
918 130 1
29 511 1
174 591 1
605 569 1
684 452 1
805 114 1
751 380 1
340 16 1
227 580 1
187 757 1
71 159 1
109 735 1
883 425 1
483 53 1
783 425 1
363 570 1
369 926 1
831 309 1
615 60 1
127 174 1
432 488 1
687 659 1
142 857 1
185 877 1
483 653 1
918 345 1
885 293 1
328 250 1
728 218 1
452 240 1
852 788 1
787 13 1
230 487 1
931 726 1
487 848 1
490 887 1
13 477 1
925 62 1
886 233 1
37 933 1
293 742 1
250 479 1
256 360 1
749 93 1
186 329 1
408 706 1
79 443 1
245 829 1
262 558 1
330 530 1
603 478 1
461 462 1
728 69 1
689 364 1
574 153 1
898 696 1
645 187 1
576 476 1
752 156 1
291 273 1
417 336 1
425 331 1
666 364 1
413 616 1
351 261 1
52 679 1
298 712 1
773 2 1
259 389 1
442 502 1
14 177 1
710 720 1
327 927 1
338 208 1
133 413 1
149 771 1
399 448 1
117 351 1
460 61 1
169 813 1
892 586 1
631 171 1
305 102 1
507 769 1
151 24 1
762 330 1
85 148 1
570 0 1
754 249 1
721 368 1
352 564 1
783 861 1
616 567 1
309 206 1
912 759 1
885 176 1
785 189 1
547 880 1
377 450 1
410 815 1
925 421 1
356 793 1
592 714 1
217 770 1
531 462 1
402 311 1
238 358 1
413 622 1
73 499 1
29 624 1
63 932 1
207 707 1
334 915 1
588 414 1
443 530 1
823 449 1
127 635 1
216 809 1
106 672 1
13 545 1
48 357 1
341 548 1
85 397 1
286 363 1
366 789 1
156 646 1
295 803 1
509 651 1
42 689 1
658 795 1
481 760 1
574 14 1
443 152 1
296 755 1
729 82 1
803 182 1
803 665 1
548 895 1
144 573 1
873 372 1
524 50 1
595 718 1
682 604 1
295 54 1
105 107 1
485 187 1
818 140 1
471 813 1
722 670 1
455 800 1
41 37 1
754 154 1
937 144 1
660 741 1
175 173 1
662 561 1
635 563 1
478 383 1
916 554 1
831 187 1
663 928 1
29 590 1
522 747 1
284 868 1
42 512 1
3 656 1
313 454 1
776 393 1
800 351 1
277 8 1
463 545 1
735 843 1
226 613 1
853 358 1
896 861 1
906 626 1
621 803 1
197 473 1
92 888 1
561 453 1
740 885 1
761 23 1
763 731 1
419 596 1
735 437 1
551 754 1
213 27 1
436 111 1
70 930 1
641 744 1
506 92 1
88 125 1
790 736 1
77 427 1
217 592 1
175 885 1
616 666 1
405 823 1
465 621 1
199 339 1
663 876 1
734 869 1
893 449 1
45 311 1
664 471 1
119 866 1
256 838 1
261 749 1
91 765 1
616 315 1
750 100 1
612 786 1
377 523 1
189 164 1
414 335 1
203 874 1
621 40 1
477 61 1
357 63 1
429 525 1
771 523 1
393 399 1
431 140 1
691 181 1
295 893 1
328 912 1
120 509 1
817 205 1
590 793 1
173 373 1
301 448 1
851 653 1
1 691 1
132 64 1
84 550 1
731 465 1
104 452 1
162 824 1
292 64 1
653 599 1
742 274 1
501 502 1
393 935 1
221 624 1
256 504 1
591 538 1
683 261 1
142 461 1
293 486 1
785 435 1
437 320 1
433 232 1
513 903 1
390 751 1
69 40 1
438 87 1
835 569 1
453 879 1
825 601 1
362 778 1
387 49 1
798 522 1
290 322 1
463 931 1
156 105 1
444 630 1
166 857 1
625 104 1
85 285 1
327 9 1
255 238 1
104 748 1
96 818 1
524 34 1
365 576 1
41 6 1
471 464 1
428 603 1
927 530 1
733 388 1
39 749 1
231 570 1
707 669 1
658 266 1
480 80 1
576 379 1
612 359 1
151 599 1
483 198 1
260 110 1
709 519 1
574 787 1
609 7 1
469 784 1
150 161 1
292 613 1
250 93 1
681 277 1
777 802 1
815 643 1
854 831 1
450 578 1
681 133 1
402 876 1
705 784 1
171 813 1
563 824 1
316 288 1
738 229 1
239 8 1
329 493 1
116 635 1
222 144 1
208 829 1
513 462 1
470 794 1
801 231 1
808 8 1
709 103 1
618 693 1
235 138 1
847 709 1
380 194 1
55 886 1
378 500 1
335 342 1
790 412 1
716 302 1
285 436 1
569 703 1
523 501 1
687 515 1
320 394 1
907 44 1
326 134 1
573 533 1
603 307 1
802 816 1
693 394 1
251 841 1
286 540 1
291 84 1
187 164 1
731 526 1
813 929 1
846 2 1
89 388 1
505 583 1
365 918 1
39 507 1
144 694 1
471 715 1
536 420 1
452 812 1
113 865 1
221 509 1
81 687 1
182 545 1
307 10 1
188 839 1
579 97 1
710 232 1
97 292 1
908 789 1
265 817 1
276 747 1
635 455 1
606 632 1
834 840 1
897 498 1
910 245 1
558 921 1
651 466 1
825 937 1
383 209 1
611 692 1
263 920 1
24 683 1
13 643 1
796 831 1
463 666 1
724 101 1
604 307 1
14 277 1
641 342 1
145 284 1
894 281 1
849 863 1
487 621 1
167 512 1
838 684 1
442 524 1
439 731 1
503 825 1
935 842 1
188 795 1
467 629 1
349 100 1
229 204 1
841 202 1
6 327 1
690 431 1
770 824 1
365 890 1
933 330 1
175 382 1
570 888 1
829 33 1
557 39 1
310 396 1
131 647 1
521 872 1
4 772 1
786 305 1
179 89 1
125 897 1
463 124 1
847 411 1
347 934 1
244 629 1
387 786 1
481 649 1
379 111 1
806 792 1
5 394 1
271 795 1
518 255 1
502 352 1
873 767 1
259 429 1
886 108 1
434 176 1
793 936 1
117 268 1
29 580 1
430 12 1
23 603 1
818 522 1
932 631 1
333 292 1
592 184 1
55 626 1
179 23 1
681 935 1
131 201 1
117 770 1
803 524 1
227 615 1
226 557 1
619 892 1
379 736 1
420 845 1
300 699 1
547 727 1
150 619 1
4 147 1
530 177 1
430 626 1
60 105 1
691 237 1
519 897 1
224 21 1
662 726 1
836 933 1
666 937 1
6 713 1
797 563 1
661 612 1
469 142 1
258 457 1
490 744 1
270 421 1
84 153 1
870 459 1
697 933 1
705 95 1
54 578 1
581 760 1
531 754 1
416 541 1
327 293 1
444 778 1
458 757 1
790 554 1
441 688 1
638 321 1
285 564 1
671 511 1
817 680 1
774 257 1
921 67 1
761 561 1
98 875 1
529 162 1
48 406 1
13 682 1
115 49 1
67 191 1
546 676 1
27 545 1
715 225 1
598 512 1
876 132 1
183 85 1
749 111 1
466 293 1
451 39 1
287 464 1
264 611 1
207 636 1
689 79 1
674 307 1
821 265 1
306 845 1
546 158 1
909 753 1
898 247 1
459 833 1
345 634 1
203 220 1
459 73 1
391 694 1
450 461 1
276 112 1
625 668 1
289 54 1
895 611 1
174 133 1
193 242 1
655 187 1
258 711 1
401 919 1
724 446 1
384 126 1
889 425 1
445 797 1
197 328 1
36 781 1
825 661 1
221 219 1
244 846 1
636 167 1
660 902 1
515 235 1
747 720 1
683 140 1
402 512 1
737 730 1
307 183 1
745 602 1
768 378 1
414 457 1
496 345 1
402 77 1
76 827 1
324 904 1
910 12 1
701 252 1
585 4 1
364 574 1
673 936 1
554 572 1
636 238 1
240 889 1
379 786 1
885 72 1
719 90 1
475 751 1
543 513 1
711 384 1
571 97 1
245 154 1
746 37 1
594 225 1
584 571 1
692 492 1
289 852 1
848 666 1
523 160 1
284 696 1
641 526 1
371 532 1
58 592 1
727 905 1
389 426 1
797 276 1
515 453 1
783 457 1
495 738 1
62 852 1
934 670 1
492 497 1
95 684 1
826 353 1
481 300 1
532 135 1
249 838 1
351 2 1
442 184 1
130 208 1
156 58 1
501 657 1
124 105 1
103 267 1
795 871 1
8 706 1
785 295 1
554 200 1
48 420 1
833 863 1
55 63 1
630 541 1
113 185 1
243 185 1
92 402 1
281 286 1
811 256 1
457 677 1
686 811 1
99 675 1
756 724 1
361 693 1
51 616 1
763 888 1
27 185 1
315 105 1
466 541 1
395 227 1
217 333 1
819 659 1
42 77 1
718 129 1
559 312 1
455 146 1
804 499 1
15 438 1
494 262 1
243 461 1
23 455 1
134 605 1
105 50 1
924 885 1
910 373 1
782 380 1
377 506 1
817 290 1
873 106 1
324 380 1
756 608 1
374 837 1
599 531 1
399 796 1
18 794 1
666 317 1
229 549 1
436 690 1
840 806 1
251 387 1
447 97 1
374 381 1
734 324 1
395 44 1
244 475 1
649 735 1
254 259 1
198 501 1
323 326 1
915 321 1
781 22 1
766 787 1
408 188 1
503 615 1
17 294 1
478 303 1
267 479 1
365 41 1
186 914 1
560 492 1
937 308 1
116 789 1
880 304 1
453 694 1
856 324 1
0 590 1
78 816 1
340 119 1
862 486 1
357 822 1
84 304 1
385 410 1
288 42 1
344 777 1
400 283 1
390 500 1
772 713 1
504 839 1
253 603 1
517 677 1
665 677 1
919 785 1
938 514 1
352 569 1
694 476 1
198 757 1
631 93 1
935 497 1
188 63 1
693 429 1
516 335 1
498 416 1
415 315 1
549 739 1
848 143 1
358 101 1
454 598 1
270 119 1
276 114 1
76 213 1
125 270 1
589 513 1
630 202 1
334 712 1
375 233 1
259 310 1
676 833 1
42 171 1
874 563 1
633 701 1
126 837 1
108 716 1
478 180 1
862 73 1
132 305 1
140 249 1
225 883 1
658 514 1
876 814 1
106 479 1
680 434 1
683 737 1
112 820 1
226 802 1
477 851 1
887 251 1
831 905 1
239 575 1
713 138 1
791 93 1
728 930 1
512 153 1
59 398 1
448 386 1
270 474 1
512 338 1
390 59 1
274 551 1
207 51 1
289 660 1
126 696 1
816 456 1
402 326 1
659 0 1
411 618 1
317 7 1
299 474 1
272 446 1
69 742 1
505 579 1
856 147 1
795 748 1
564 570 1
212 290 1
393 594 1
354 66 1
399 642 1
181 98 1
445 125 1
672 168 1
868 594 1
523 614 1
24 230 1
66 316 1
293 883 1
567 363 1
200 555 1
599 27 1
525 595 1
853 771 1
86 637 1
680 60 1
818 565 1
130 323 1
173 181 1
677 137 1
617 75 1
714 713 1
782 776 1
61 901 1
260 795 1
902 693 1
767 53 1
829 544 1
457 317 1
844 556 1
217 6 1
232 127 1
537 881 1
908 138 1
422 922 1
285 539 1
873 151 1
798 54 1
611 187 1
123 531 1
426 525 1
100 153 1
655 29 1
636 86 1
376 551 1
772 164 1
748 807 1
781 43 1
59 419 1
844 761 1
823 707 1
818 542 1
916 496 1
664 773 1
209 648 1
546 280 1
589 764 1
860 363 1
54 354 1
644 817 1
590 771 1
182 791 1
496 655 1
554 865 1
21 873 1
216 458 1
470 732 1
928 779 1
338 44 1
18 456 1
180 554 1
66 249 1
827 283 1
816 328 1
147 314 1
251 243 1
442 720 1
274 740 1
210 493 1
134 222 1
853 183 1
446 344 1
170 812 1
623 92 1
40 126 1
645 366 1
859 504 1
230 804 1
888 140 1
299 635 1
690 684 1
678 462 1
723 323 1
850 246 1
545 709 1
896 915 1
533 130 1
505 34 1
860 785 1
626 823 1
882 540 1
277 830 1
398 608 1
577 595 1
485 833 1
130 611 1
259 222 1
546 181 1
889 362 1
306 199 1
660 769 1
164 805 1
915 33 1
530 864 1
768 524 1
160 822 1
248 157 1
344 453 1
28 417 1
264 514 1
308 632 1
482 57 1
187 655 1
193 137 1
736 135 1
45 610 1
878 856 1
357 238 1
720 693 1
394 912 1
920 493 1
642 508 1
628 102 1
137 164 1
473 791 1
643 550 1
664 29 1
524 102 1
755 768 1
640 565 1
454 43 1
358 468 1
728 420 1
826 263 1
242 827 1
123 17 1
678 337 1
930 812 1
934 885 1
557 631 1
574 392 1
933 82 1
399 390 1
431 540 1
135 605 1
177 920 1
69 339 1
427 258 1
63 688 1
224 623 1
753 439 1
924 63 1
685 666 1
258 777 1
602 250 1
729 403 1
188 206 1
101 8 1
850 400 1
115 704 1
579 151 1
934 584 1
147 140 1
106 188 1
252 846 1
439 820 1
417 933 1
591 784 1
434 2 1
555 770 1
884 102 1
115 365 1
372 257 1
735 879 1
926 127 1
266 814 1
573 525 1
606 929 1
845 49 1
157 845 1
412 690 1
333 342 1
500 620 1
451 787 1
663 118 1
474 203 1
453 633 1
73 367 1
690 529 1
743 33 1
277 618 1
638 204 1
409 615 1
874 846 1
262 381 1
71 754 1
247 487 1
308 485 1
816 313 1
152 246 1
711 666 1
140 228 1
483 539 1
65 198 1
101 596 1
201 607 1
84 891 1
785 709 1
922 232 1
444 30 1
820 642 1
502 557 1
322 384 1
636 407 1
345 449 1
915 640 1
103 296 1
164 168 1
791 130 1
71 683 1
44 699 1
580 437 1
480 895 1
872 792 1
48 371 1
808 218 1
150 905 1
798 66 1
448 853 1
453 515 1
452 412 1
483 154 1
782 372 1
848 178 1
361 159 1
902 160 1
751 661 1
444 304 1
578 528 1
307 156 1
475 366 1
876 616 1
569 731 1
880 561 1
817 280 1
648 836 1
103 672 1
775 179 1
887 758 1
58 713 1
775 70 1
916 539 1
443 431 1
798 39 1
513 833 1
113 846 1
375 733 1
175 678 1
840 841 1
933 801 1
137 756 1
300 149 1
294 871 1
201 280 1
543 830 1
432 163 1
822 296 1
264 195 1
56 822 1
726 334 1
402 13 1
231 419 1
412 4 1
414 369 1
315 7 1
337 606 1
141 632 1
587 407 1
616 798 1
381 710 1
781 702 1
290 697 1
24 286 1
519 67 1
347 544 1
603 587 1
761 661 1
97 855 1
80 368 1
272 388 1
811 689 1
440 774 1
862 280 1
294 86 1
370 834 1
585 101 1
639 545 1
806 261 1
447 231 1
156 7 1
523 157 1
690 221 1
925 120 1
808 451 1
766 30 1
212 592 1
467 655 1
215 585 1
139 107 1
643 873 1
160 109 1
304 884 1
584 122 1
695 405 1
854 855 1
540 893 1
267 909 1
376 800 1
468 594 1
88 114 1
286 59 1
172 31 1
625 538 1
474 78 1
191 33 1
342 577 1
9 192 1
754 611 1
686 717 1
514 542 1
539 290 1
204 717 1
759 683 1
557 815 1
306 753 1
275 479 1
771 269 1
758 201 1
177 565 1
26 51 1
668 935 1
507 432 1
901 553 1
631 29 1
841 877 1
603 616 1
450 15 1
665 326 1
817 622 1
350 713 1
248 15 1
363 91 1
901 602 1
378 205 1
426 869 1
584 617 1
775 558 1
18 563 1
856 53 1
751 645 1
823 78 1
413 393 1
674 564 1
666 196 1
249 664 1
504 322 1
691 736 1
743 786 1
76 88 1
382 897 1
817 630 1
694 475 1
356 592 1
269 359 1
612 419 1
199 635 1
754 194 1
797 521 1
178 908 1
315 899 1
294 622 1
602 457 1
211 504 1
34 187 1
722 190 1
69 722 1
415 539 1
628 533 1
876 408 1
224 658 1
18 32 1
620 439 1
208 530 1
121 577 1
360 37 1
227 609 1
24 319 1
433 682 1
361 29 1
546 870 1
616 870 1
828 581 1
453 223 1
679 110 1
260 937 1
855 290 1
412 37 1
922 18 1
581 379 1
207 871 1
669 125 1
726 687 1
209 434 1
797 27 1
463 493 1
794 729 1
844 102 1
46 223 1
277 711 1
555 452 1
328 797 1
168 816 1
663 463 1
591 470 1
504 512 1
756 304 1
387 235 1
836 608 1
250 597 1
578 48 1
280 545 1
886 385 1
658 529 1
1 709 1
162 5 1
141 253 1
439 158 1
927 316 1
208 134 1
184 302 1
169 915 1
111 926 1
863 701 1
588 426 1
260 222 1
846 708 1
538 670 1
307 157 1
679 778 1
554 372 1
344 33 1
373 180 1
702 95 1
319 552 1
322 257 1
326 608 1
29 596 1
13 77 1
882 195 1
937 47 1
806 60 1
792 253 1
393 298 1
756 286 1
932 366 1
67 879 1
617 7 1
666 227 1
209 399 1
523 587 1
439 817 1
785 603 1
573 489 1
285 603 1
506 114 1
613 81 1
627 57 1
755 70 1
425 314 1
478 818 1
79 101 1
461 527 1
195 825 1
273 593 1
30 870 1
782 575 1
25 701 1
23 172 1
67 434 1
318 323 1
895 346 1
718 218 1
613 356 1
395 610 1
173 289 1
682 412 1
687 71 1
151 428 1
156 284 1
884 37 1
555 454 1
383 414 1
551 377 1
228 109 1
23 287 1
715 567 1
520 199 1
544 465 1
174 126 1
801 105 1
196 355 1
498 275 1
742 728 1
617 66 1
211 458 1
622 614 1
893 852 1
68 227 1
580 145 1
114 883 1
785 614 1
908 493 1
249 498 1
854 144 1
836 6 1
166 167 1
552 656 1
70 247 1
409 344 1
470 598 1
329 328 1
452 58 1
716 823 1
555 851 1
541 240 1
215 0 1
415 408 1
859 823 1
685 96 1
652 572 1
663 133 1
324 856 1
633 661 1
661 804 1
584 416 1
74 612 1
278 511 1
30 379 1
202 412 1
44 691 1
879 809 1
201 341 1
185 309 1
838 348 1
626 380 1
890 550 1
7 27 1
675 91 1
558 626 1
77 832 1
625 163 1
728 216 1
129 461 1
599 348 1
14 559 1
42 159 1
799 461 1
11 315 1
553 902 1
90 594 1
88 185 1
23 623 1
904 671 1
418 53 1
129 907 1
346 154 1
907 352 1
749 0 1
279 400 1
832 381 1
213 167 1
32 874 1
439 694 1
606 104 1
291 297 1
567 926 1
212 547 1
665 719 1
508 691 1
523 534 1
95 872 1
641 841 1
883 326 1
243 517 1
359 312 1
38 656 1
593 112 1
911 122 1
682 400 1
545 839 1
826 514 1
790 49 1
766 264 1
223 675 1
760 752 1
342 456 1
913 879 1
850 471 1
606 660 1
509 201 1
601 706 1
60 928 1
341 576 1
573 109 1
192 100 1
16 472 1
631 742 1
221 442 1
437 243 1
70 244 1
712 676 1
665 264 1
896 666 1
628 929 1
203 553 1
933 854 1
396 638 1
312 488 1
904 705 1
824 865 1
842 15 1
80 497 1
908 313 1
744 220 1
415 138 1
303 769 1
729 9 1
262 82 1
861 118 1
660 845 1
157 298 1
10 148 1
45 845 1
608 445 1
662 166 1
744 425 1
48 684 1
403 76 1
745 350 1
533 276 1
267 349 1
254 453 1
466 39 1
279 882 1
702 330 1
613 592 1
666 592 1
238 576 1
635 602 1
357 821 1
530 131 1
10 831 1
159 188 1
297 432 1
744 32 1
513 562 1
738 134 1
115 591 1
464 763 1
531 813 1
857 458 1
647 277 1
594 631 1
137 5 1
126 501 1
438 160 1
6 852 1
834 792 1
521 607 1
882 936 1
923 613 1
185 557 1
209 741 1
862 755 1
51 881 1
832 811 1
316 803 1
793 291 1
610 300 1
931 639 1
918 450 1
698 431 1
561 459 1
14 530 1
84 433 1
769 894 1
574 300 1
329 295 1
683 585 1
90 232 1
557 344 1
541 71 1
43 413 1
75 17 1
806 105 1
41 400 1
765 79 1
392 612 1
281 256 1
567 414 1
42 290 1
763 288 1
489 749 1
652 179 1
882 260 1
855 276 1
524 295 1
188 174 1
608 850 1
12 759 1
825 351 1
385 833 1
508 912 1
557 689 1
99 618 1
735 16 1
358 910 1
813 777 1
499 19 1
195 470 1
745 333 1
673 400 1
147 906 1
443 148 1
856 878 1
409 86 1
630 933 1
672 656 1
357 832 1
7 202 1
761 605 1
402 136 1
766 386 1
542 893 1
890 530 1
357 806 1
618 873 1
53 69 1
440 457 1
799 54 1
815 180 1
682 303 1
548 378 1
506 218 1
199 92 1
74 389 1
505 243 1
157 529 1
30 603 1
717 696 1
106 474 1
228 257 1
194 579 1
517 28 1
342 804 1
61 178 1
563 623 1
235 541 1
174 817 1
37 461 1
623 697 1
469 221 1
427 128 1
400 103 1
731 908 1
724 817 1
715 460 1
603 522 1
546 355 1
85 805 1
212 233 1
860 825 1
423 752 1
840 835 1
248 905 1
147 519 1
884 466 1
634 231 1
887 717 1
695 609 1
619 870 1
916 681 1
363 871 1
51 458 1
881 476 1
484 650 1
378 798 1
8 873 1
471 657 1
42 773 1
71 67 1
473 748 1
119 57 1
637 727 1
310 508 1
778 156 1
124 335 1
400 554 1
690 349 1
316 307 1
131 787 1
702 98 1
716 578 1
433 654 1
47 654 1
655 550 1
160 489 1
160 781 1
581 106 1
894 868 1
512 238 1
816 517 1
500 386 1
874 851 1
829 458 1
877 487 1
129 268 1
598 623 1
402 661 1
888 2 1
770 563 1
787 622 1
506 439 1
687 280 1
488 366 1
578 419 1
343 68 1
663 251 1
393 647 1
790 297 1
753 624 1
201 472 1
906 278 1
395 47 1
339 551 1
229 158 1
555 712 1
668 925 1
457 806 1
22 109 1
24 586 1
426 257 1
884 346 1
24 608 1
2 698 1
120 849 1
850 74 1
140 359 1
384 858 1
252 832 1
572 349 1
377 781 1
438 491 1
725 26 1
901 218 1
561 539 1
265 108 1
49 230 1
343 697 1
761 750 1
547 153 1
519 877 1
217 153 1
595 880 1
77 57 1
473 281 1
871 856 1
285 251 1
853 64 1
385 81 1
772 617 1
189 578 1
84 645 1
162 447 1
555 247 1
296 136 1
546 3 1
539 30 1
650 883 1
784 932 1
494 772 1
543 273 1
255 370 1
917 387 1
645 484 1
418 774 1
902 90 1
453 739 1
485 521 1
7 592 1
839 672 1
732 851 1
72 694 1
373 156 1
470 802 1
692 667 1
70 707 1
897 180 1
424 156 1
68 739 1
336 333 1
581 120 1
232 462 1
702 749 1
870 60 1
78 936 1
386 219 1
665 504 1
541 207 1
314 98 1
677 392 1
36 347 1
532 267 1
787 536 1
341 334 1
848 578 1
90 563 1
357 539 1
751 841 1
489 765 1
537 266 1
662 143 1
251 244 1
651 92 1
398 497 1
2 207 1
492 286 1
488 685 1
269 160 1
583 221 1
196 804 1
455 389 1
32 492 1
770 590 1
159 62 1
24 879 1
698 341 1
904 322 1
585 46 1
119 505 1
650 201 1
219 297 1
679 696 1
412 916 1
527 388 1
936 423 1
907 301 1
346 11 1
63 629 1
721 672 1
667 781 1
767 22 1
735 732 1
937 169 1
663 432 1
467 74 1
752 800 1
492 359 1
806 200 1
353 500 1
88 456 1
158 704 1
663 389 1
873 605 1
602 56 1
867 826 1
312 519 1
674 937 1
100 352 1
834 569 1
365 683 1
376 78 1
56 928 1
261 826 1
921 64 1
778 581 1
504 861 1
500 282 1
818 724 1
251 500 1
675 321 1
662 858 1
203 231 1
117 93 1
246 397 1
261 254 1
43 319 1
778 879 1
734 827 1
475 935 1
180 677 1
421 855 1
84 63 1
17 444 1
653 584 1
51 251 1
152 687 1
245 216 1
557 860 1
206 392 1
537 899 1
549 582 1
675 702 1
269 737 1
658 917 1
451 923 1
936 457 1
231 48 1
540 912 1
787 632 1
96 149 1
349 17 1
576 594 1
393 100 1
742 938 1
419 924 1
609 415 1
938 773 1
327 690 1
593 518 1
106 367 1
634 394 1
332 586 1
558 121 1
904 86 1
195 223 1
218 44 1
102 204 1
313 896 1
604 12 1
669 572 1
159 805 1
400 643 1
743 549 1
626 734 1
530 897 1
239 916 1
347 777 1
384 109 1
862 821 1
269 344 1
440 401 1
693 537 1
302 536 1
59 473 1
343 3 1
719 82 1
802 856 1
565 371 1
53 228 1
908 734 1
601 809 1
308 561 1
553 552 1
244 126 1
625 552 1
366 360 1
290 355 1
429 495 1
778 854 1
45 350 1
8 171 1
702 218 1
497 94 1
472 672 1
237 72 1
161 68 1
482 444 1
923 815 1
251 836 1
85 362 1
629 265 1
580 637 1
815 52 1
778 884 1
46 821 1
490 686 1
885 509 1
645 235 1
142 815 1
32 597 1
854 609 1
295 723 1
658 569 1
361 168 1
86 335 1
524 58 1
431 95 1
473 810 1
228 708 1
564 815 1
520 740 1
820 371 1
936 567 1
744 536 1
82 827 1
931 797 1
913 504 1
129 474 1
528 681 1
881 249 1
733 771 1
654 14 1
5 501 1
844 519 1
879 267 1
877 536 1
159 445 1
237 459 1
33 752 1
695 109 1
896 15 1
228 788 1
803 294 1
404 97 1
75 555 1
801 673 1
546 671 1
929 861 1
725 110 1
545 810 1
352 455 1
191 597 1
497 671 1
324 755 1
574 296 1
812 364 1
878 498 1
321 869 1
243 303 1
834 740 1
903 577 1
263 217 1
847 727 1
134 301 1
9 353 1
929 428 1
703 566 1
582 590 1
802 350 1
19 271 1
7 246 1
749 593 1
625 813 1
777 412 1
102 933 1
556 632 1
586 579 1
937 602 1
531 427 1
197 571 1
623 191 1
531 254 1
539 621 1
830 680 1
427 454 1
645 248 1
24 515 1
456 224 1
318 503 1
552 668 1
599 824 1
413 494 1
250 252 1
10 531 1
381 146 1
401 468 1
819 591 1
897 424 1
466 752 1
237 69 1
595 872 1
29 183 1
897 760 1
218 847 1
250 1 1
309 168 1
755 37 1
37 894 1
290 562 1
837 348 1
634 431 1
175 651 1
882 390 1
494 121 1
861 350 1
816 234 1
282 599 1
171 304 1
646 552 1
586 254 1
535 664 1
733 143 1
115 463 1
834 688 1
523 721 1
227 5 1
279 898 1
687 505 1
810 651 1
764 917 1
686 381 1
164 132 1
696 708 1
586 398 1
472 526 1
819 757 1
451 425 1
443 307 1
667 353 1
745 81 1
163 788 1
205 749 1
258 286 1
593 636 1
271 281 1
732 867 1
14 377 1
72 831 1
544 269 1
145 712 1
149 628 1
105 576 1
860 384 1
213 897 1
16 312 1
783 794 1
722 4 1
507 428 1
321 755 1
283 682 1
416 211 1
909 206 1
545 708 1
155 510 1
407 879 1
699 787 1
411 597 1
364 559 1
240 899 1
59 232 1
700 339 1
493 13 1
367 302 1
264 101 1
148 301 1
164 647 1
228 527 1
99 508 1
796 797 1
303 64 1
615 108 1
19 871 1
740 383 1
789 75 1
61 360 1
596 157 1
859 423 1
312 497 1
45 146 1
354 42 1
844 153 1
281 699 1
434 851 1
530 6 1
757 621 1
483 673 1
330 820 1
909 130 1
585 860 1
569 342 1
504 341 1
135 358 1
276 628 1
344 365 1
877 527 1
901 600 1
695 350 1
637 791 1
847 154 1
614 102 1
762 338 1
379 891 1
715 209 1
139 28 1
437 78 1
788 179 1
16 730 1
416 756 1
806 183 1
651 203 1
139 705 1
277 895 1
383 154 1
226 735 1
553 897 1
286 459 1
801 675 1
526 746 1
354 88 1
401 653 1
203 575 1
609 662 1
385 210 1
193 887 1
631 316 1
54 813 1
71 427 1
538 499 1
860 712 1
170 769 1
824 503 1
205 629 1
844 186 1
367 761 1
293 780 1
138 885 1
412 228 1
624 581 1
695 81 1
334 251 1
467 924 1
716 505 1
868 547 1
285 288 1
603 368 1
257 20 1
877 320 1
752 143 1
265 443 1
130 284 1
521 309 1
308 391 1
444 332 1
896 9 1
880 457 1
183 179 1
484 416 1
812 215 1
871 882 1
45 430 1
460 384 1
143 354 1
657 923 1
358 62 1
134 618 1
885 200 1
452 573 1
869 919 1
292 647 1
609 136 1
412 711 1
520 749 1
570 736 1
312 739 1
296 903 1
728 657 1
874 350 1
779 202 1
840 196 1
637 293 1
113 381 1
808 805 1
446 615 1
176 59 1
9 526 1
230 22 1
811 534 1
613 806 1
281 222 1
156 433 1
337 79 1
462 403 1
762 624 1
247 0 1
265 89 1
429 756 1
287 195 1
476 527 1
119 545 1
742 265 1
795 881 1
502 520 1
604 753 1
534 918 1
440 603 1
823 548 1
528 211 1
326 192 1
391 360 1
157 302 1
601 718 1
707 271 1
868 885 1
647 86 1
529 454 1
522 225 1
775 7 1
479 609 1
209 204 1
292 674 1
567 419 1
737 779 1
105 200 1
115 931 1
776 714 1
916 888 1
708 76 1
686 250 1
301 294 1
348 131 1
60 873 1
552 476 1
918 621 1
436 470 1
4 503 1
595 564 1
820 60 1
596 510 1
867 388 1
801 355 1
240 610 1
632 82 1
485 858 1
37 75 1
938 138 1
503 331 1
899 179 1
536 621 1
182 508 1
890 938 1
129 553 1
275 365 1
518 818 1
408 401 1
801 438 1
702 712 1
348 422 1
706 234 1
804 731 1
779 70 1
381 291 1
665 790 1
938 585 1
771 334 1
839 305 1
933 69 1
226 666 1
472 153 1
739 389 1
426 12 1
219 457 1
121 117 1
348 313 1
620 671 1
415 514 1
687 53 1
309 619 1
755 255 1
202 734 1
487 754 1
815 396 1
689 107 1
139 613 1
288 938 1
708 155 1
335 228 1
533 469 1
236 158 1
552 850 1
732 443 1
61 401 1
882 146 1
628 424 1
358 337 1
664 144 1
93 771 1
488 836 1
385 590 1
416 305 1
180 914 1
427 251 1
330 628 1
258 840 1
869 2 1
604 497 1
73 385 1
556 41 1
352 566 1
317 331 1
253 557 1
653 367 1
411 176 1
688 242 1
180 201 1
30 194 1
523 677 1
380 455 1
663 605 1
392 115 1
189 557 1
757 888 1
696 745 1
633 432 1
916 467 1
712 317 1
195 42 1
788 661 1
820 54 1
737 219 1
290 435 1
760 614 1
537 167 1
327 659 1
146 389 1
329 375 1
874 709 1
668 240 1
537 60 1
312 305 1
375 846 1
84 13 1
51 121 1
489 631 1
420 877 1
786 266 1
238 719 1
47 860 1
296 582 1
801 745 1
788 648 1
511 254 1
711 866 1
531 58 1
294 552 1
359 483 1
516 381 1
803 54 1
764 259 1
390 594 1
645 279 1
79 11 1
410 839 1
0 248 1
845 67 1
119 232 1
607 731 1
747 845 1
386 822 1
874 112 1
462 612 1
903 494 1
902 617 1
38 884 1
938 161 1
33 10 1
779 74 1
226 773 1
843 464 1
396 315 1
341 3 1
574 414 1
40 708 1
525 866 1
510 170 1
501 241 1
496 825 1
746 578 1
719 647 1
450 874 1
137 498 1
784 367 1
104 935 1
464 609 1
805 555 1
190 597 1
37 559 1
828 61 1
336 243 1
456 778 1
216 351 1
561 137 1
159 240 1
902 12 1
601 522 1
26 513 1
148 876 1
765 544 1
229 264 1
528 87 1
691 779 1
249 491 1
506 216 1
358 217 1
0 30 1
471 191 1
216 878 1
398 342 1
399 529 1
483 862 1
388 709 1
74 587 1
578 723 1
407 15 1
585 449 1
826 492 1
455 48 1
931 692 1
798 503 1
747 380 1
762 768 1
780 35 1
652 169 1
459 361 1
572 184 1
664 461 1
97 534 1
706 732 1
581 799 1
470 506 1
116 508 1
413 131 1
98 892 1
455 343 1
742 693 1
917 887 1
133 385 1
235 904 1
78 660 1
735 97 1
792 841 1
776 120 1
617 447 1
785 929 1
572 810 1
694 445 1
294 866 1
108 118 1
55 691 1
153 827 1
714 134 1
85 882 1
323 30 1
919 525 1
524 27 1
906 539 1
211 243 1
13 923 1
903 658 1
446 361 1
544 811 1
609 764 1
46 570 1
884 416 1
370 282 1
281 844 1
747 5 1
726 562 1
800 718 1
152 381 1
690 247 1
133 742 1
918 413 1
103 422 1
902 458 1
664 532 1
1 758 1
670 46 1
842 831 1
918 32 1
685 851 1
516 778 1
560 199 1
529 244 1
16 655 1
772 243 1
681 759 1
282 246 1
470 202 1
176 811 1
439 886 1
683 458 1
417 183 1
600 474 1
113 792 1
789 275 1
934 147 1
773 613 1
496 566 1
148 692 1
121 166 1
17 60 1
884 707 1
909 68 1
277 730 1
14 662 1
487 544 1
608 68 1
337 783 1
829 718 1
672 606 1
263 237 1
44 188 1
275 256 1
190 739 1
350 399 1
699 274 1
508 171 1
806 709 1
172 479 1
310 554 1
881 682 1
402 929 1
874 743 1
25 861 1
926 135 1
837 471 1
928 127 1
86 141 1
15 251 1
91 353 1
769 87 1
752 583 1
723 267 1
15 737 1
378 682 1
527 434 1
537 718 1
637 612 1
750 914 1
633 153 1
17 393 1
719 176 1
693 40 1
813 768 1
425 412 1
820 845 1
274 504 1
86 165 1
782 678 1
928 219 1
701 775 1
446 95 1
321 650 1
851 164 1
346 264 1
63 936 1
899 825 1
242 97 1
333 727 1
365 598 1
248 173 1
675 230 1
876 623 1
349 607 1
428 257 1
836 818 1
98 377 1
758 653 1
685 890 1
146 407 1
122 881 1
606 622 1
70 376 1
2 569 1
651 642 1
208 183 1
214 805 1
797 890 1
837 309 1
357 681 1
286 77 1
2 254 1
233 172 1
113 92 1
615 354 1
229 427 1
460 907 1
798 938 1
184 731 1
297 719 1
658 417 1
909 39 1
789 529 1
382 781 1
792 697 1
151 139 1
162 882 1
535 663 1
323 786 1
571 152 1
457 403 1
718 228 1
560 576 1
101 575 1
230 411 1
774 382 1
701 831 1
193 345 1
855 209 1
49 766 1
270 414 1
495 123 1
881 295 1
934 836 1
296 85 1
195 935 1
883 635 1
827 20 1
922 559 1
228 653 1
603 688 1
856 500 1
365 342 1
743 746 1
359 31 1
692 601 1
735 764 1
578 123 1
938 768 1
840 197 1
901 508 1
886 157 1
833 501 1
500 837 1
679 793 1
644 688 1
171 836 1
59 98 1
647 710 1
379 407 1
632 498 1
226 403 1
124 551 1
200 464 1
582 467 1
876 765 1
841 16 1
349 710 1
346 390 1
614 613 1
881 58 1
142 685 1
733 861 1
824 725 1
579 511 1
465 731 1
359 874 1
114 823 1
696 894 1
302 802 1
191 781 1
281 580 1
9 814 1
108 597 1
493 2 1
918 557 1
382 418 1
255 414 1
178 521 1
465 717 1
701 351 1
685 479 1
537 278 1
621 90 1
47 519 1
503 693 1
935 361 1
769 613 1
784 396 1
18 895 1
790 113 1
605 546 1
554 73 1
423 422 1
797 122 1
666 561 1
10 774 1
641 738 1
224 789 1
615 470 1
550 192 1
900 407 1
161 808 1
797 722 1
685 536 1
864 173 1
878 471 1
286 333 1
479 519 1
689 341 1
402 720 1
410 287 1
102 745 1
45 690 1
91 482 1
411 231 1
776 793 1
461 185 1
19 921 1
42 152 1
927 728 1
451 670 1
690 652 1
431 421 1
9 216 1
274 694 1
413 231 1
609 106 1
696 117 1
185 715 1
691 480 1
73 464 1
389 503 1
791 260 1
9 157 1
302 834 1
121 520 1
551 153 1
873 773 1
754 214 1
439 431 1
158 241 1
488 675 1
487 107 1
292 468 1
72 720 1
559 272 1
227 507 1
218 120 1
82 572 1
87 326 1
297 823 1
197 116 1
78 328 1
849 224 1
722 932 1
677 881 1
280 670 1
569 506 1
311 446 1
186 18 1
272 356 1
437 914 1
748 607 1
238 99 1
186 558 1
785 894 1
483 697 1
786 54 1
742 916 1
73 890 1
50 309 1
593 321 1
425 712 1
765 370 1
268 456 1
464 526 1
897 702 1
873 755 1
310 868 1
879 924 1
652 660 1
19 756 1
554 470 1
381 77 1
753 472 1
627 896 1
66 362 1
716 621 1
548 626 1
237 766 1
107 349 1
793 928 1
442 693 1
417 846 1
886 676 1
592 727 1
683 191 1
769 905 1
552 191 1
584 395 1
461 884 1
254 740 1
435 484 1
581 391 1
815 159 1
931 253 1
129 76 1
719 406 1
422 497 1
191 212 1
605 519 1
896 755 1
262 210 1
727 455 1
473 762 1
337 672 1
244 899 1
499 569 1
42 894 1
924 467 1
629 767 1
292 461 1
629 443 1
857 629 1
72 360 1
862 184 1
701 633 1
198 277 1
603 346 1
904 403 1
858 102 1
646 166 1
441 44 1
735 414 1
800 784 1
676 731 1
76 418 1
235 319 1
393 43 1
739 24 1
124 550 1
913 829 1
553 177 1
143 456 1
171 336 1
66 290 1
56 43 1
458 610 1
219 224 1
716 788 1
391 909 1
223 671 1
800 731 1
140 113 1
812 741 1
855 274 1
460 341 1
708 887 1
15 793 1
59 819 1
866 780 1
919 311 1
57 374 1
767 183 1
541 928 1
888 126 1
506 106 1
198 215 1
356 363 1
217 319 1
182 767 1
38 199 1
674 702 1
834 257 1
289 786 1
338 115 1
266 229 1
92 369 1
519 106 1
163 180 1
182 484 1
149 631 1
184 932 1
139 772 1
358 758 1
407 367 1
146 196 1
513 46 1
114 261 1
328 463 1
150 492 1
10 712 1
566 335 1
197 417 1
784 509 1
142 46 1
271 879 1
18 707 1
233 170 1
236 42 1
164 171 1
293 711 1
735 231 1
636 583 1
207 254 1
176 48 1
108 357 1
807 251 1
358 804 1
33 46 1
486 484 1
292 143 1
861 628 1
901 207 1
830 729 1
14 74 1
109 185 1
520 855 1
340 607 1
520 449 1
295 778 1
281 475 1
681 584 1
357 510 1
137 930 1
549 81 1
5 428 1
525 263 1
401 317 1
661 821 1
845 934 1
330 329 1
311 407 1
313 713 1
482 932 1
389 188 1
135 307 1
87 34 1
440 526 1
259 694 1
139 187 1
665 72 1
554 934 1
74 517 1
389 528 1
315 392 1
904 473 1
181 162 1
564 595 1
748 494 1
705 876 1
882 676 1
456 567 1
264 281 1
159 795 1
309 850 1
456 84 1
64 562 1
114 916 1
367 415 1
806 262 1
335 741 1
495 53 1
152 540 1
887 214 1
551 881 1
437 166 1
41 722 1
231 874 1
381 555 1
610 519 1
345 705 1
168 337 1
59 202 1
603 726 1
328 293 1
841 286 1
678 162 1
562 910 1
175 171 1
420 492 1
205 147 1
739 121 1
113 243 1
702 317 1
564 853 1
547 804 1
725 173 1
96 263 1
285 490 1
782 158 1
927 809 1
735 565 1
56 681 1
232 151 1
485 226 1
10 157 1
220 149 1
282 911 1
531 480 1
108 51 1
879 343 1
379 526 1
314 237 1
904 649 1
582 688 1
681 653 1
753 540 1
327 237 1
627 834 1
373 557 1
865 107 1
437 784 1
445 152 1
563 414 1
586 646 1
581 215 1
598 376 1
518 930 1
212 782 1
794 481 1
672 761 1
595 304 1
932 911 1
930 920 1
921 761 1
836 820 1
11 351 1
852 727 1
392 791 1
492 389 1
936 348 1
691 254 1
549 90 1
754 716 1
762 82 1
710 314 1
197 778 1
12 780 1
458 644 1
357 121 1
402 444 1
616 291 1
716 374 1
300 213 1
442 332 1
791 650 1
16 553 1
287 140 1
141 608 1
201 319 1
914 735 1
340 535 1
635 483 1
281 312 1
385 468 1
656 343 1
328 604 1
631 443 1
40 726 1
40 842 1
467 353 1
358 310 1
38 758 1
739 325 1
225 11 1
432 140 1
96 701 1
633 364 1
259 298 1
354 417 1
564 482 1
632 125 1
100 436 1
779 66 1
620 881 1
669 828 1
678 799 1
177 272 1
180 101 1
717 901 1
816 260 1
87 358 1
835 258 1
539 475 1
243 669 1
32 1 1
127 694 1
313 372 1
563 174 1
529 408 1
733 361 1
311 436 1
339 234 1
129 312 1
370 391 1
286 729 1
804 293 1
476 428 1
757 743 1
254 183 1
12 80 1
791 765 1
425 319 1
238 640 1
905 787 1
524 686 1
658 431 1
141 435 1
517 381 1
38 431 1
514 400 1
280 513 1
52 626 1
522 868 1
600 681 1
642 721 1
798 788 1
592 269 1
737 337 1
772 212 1
652 553 1
885 818 1
318 387 1
201 440 1
424 889 1
564 883 1
787 235 1
728 375 1
159 691 1
870 775 1
412 935 1
582 371 1
916 231 1
70 275 1
173 443 1
687 89 1
911 677 1
440 613 1
17 8 1
42 32 1
480 475 1
338 196 1
397 581 1
432 484 1
137 665 1
227 589 1
539 657 1
476 273 1
228 871 1
511 168 1
391 735 1
866 679 1
821 26 1
610 919 1
580 252 1
726 353 1
429 381 1
623 244 1
525 305 1
72 296 1
726 44 1
617 216 1
570 532 1
611 0 1
629 80 1
289 169 1
883 245 1
85 255 1
597 604 1
753 202 1
841 741 1
580 260 1
520 839 1
302 295 1
400 65 1
444 75 1
863 698 1
311 326 1
468 549 1
352 439 1
802 923 1
544 324 1
193 160 1
483 402 1
32 204 1
96 641 1
364 186 1
373 42 1
549 503 1
171 816 1
668 129 1
439 18 1
334 209 1
242 353 1
42 860 1
798 363 1
847 634 1
766 185 1
922 46 1
880 876 1
386 736 1
685 387 1
804 319 1
723 144 1
477 663 1
599 331 1
194 678 1
884 15 1
383 164 1
829 660 1
501 518 1
12 267 1
512 536 1
733 847 1
209 821 1
179 410 1
630 583 1
887 735 1
246 641 1
19 292 1
352 115 1
405 819 1
275 463 1
688 14 1
187 609 1
482 67 1
173 315 1
396 444 1
520 583 1
543 605 1
293 141 1
691 897 1
12 216 1
395 366 1
182 304 1
171 530 1
710 40 1
562 488 1
90 3 1
73 831 1
48 153 1
40 593 1
107 425 1
401 233 1
585 569 1
899 111 1
344 597 1
222 936 1
114 428 1
844 654 1
226 498 1
812 341 1
710 707 1
858 882 1
222 423 1
19 815 1
633 686 1
576 126 1
392 387 1
644 627 1
298 810 1
115 348 1
732 156 1
475 932 1
88 753 1
719 720 1
328 485 1
306 122 1
489 218 1
565 665 1
91 873 1
111 18 1
254 435 1
128 309 1
790 292 1
481 179 1
344 661 1
238 48 1
408 212 1
71 93 1
647 814 1
104 818 1
331 491 1
269 84 1
179 83 1
754 734 1
166 770 1
676 372 1
27 121 1
45 440 1
467 840 1
237 61 1
437 272 1
836 177 1
821 163 1
511 852 1
598 45 1
585 516 1
711 253 1
500 470 1
476 248 1
735 770 1
644 839 1
593 307 1
238 588 1
396 400 1
145 501 1
174 492 1
865 166 1
347 365 1
615 698 1
231 733 1
589 483 1
672 165 1
103 28 1
237 466 1
803 802 1
185 683 1
285 724 1
422 404 1
922 460 1
698 77 1
198 73 1
70 326 1
389 635 1
372 440 1
289 207 1
606 79 1
229 546 1
422 586 1
594 112 1
298 455 1
528 719 1
931 533 1
31 300 1
236 522 1
585 381 1
828 843 1
706 733 1
182 799 1
211 716 1
368 640 1
581 362 1
702 209 1
687 303 1
306 57 1
328 48 1
401 704 1
898 509 1
797 618 1
34 216 1
328 86 1
521 314 1
105 177 1
316 93 1
276 342 1
578 403 1
686 209 1
806 600 1
888 98 1
558 495 1
247 14 1
86 477 1
161 257 1
870 360 1
16 776 1
839 616 1
293 680 1
352 98 1
83 643 1
73 380 1
712 884 1
869 4 1
31 847 1
800 674 1
888 880 1
451 614 1
703 521 1
78 700 1
453 770 1
212 8 1
538 533 1
832 226 1
512 898 1
438 86 1
134 310 1
178 585 1
495 262 1
564 494 1
601 64 1
555 519 1
27 318 1
746 497 1
319 878 1
342 383 1
797 411 1
758 834 1
180 565 1
727 917 1
890 238 1
280 24 1
753 340 1
339 86 1
346 778 1
499 638 1
21 709 1
340 828 1
767 861 1
572 668 1
134 233 1
417 844 1
565 231 1
872 85 1
255 374 1
406 858 1
267 848 1
478 108 1
630 597 1
308 392 1
675 208 1
105 1 1
639 446 1
112 863 1
831 834 1
378 716 1
639 691 1
406 296 1
829 920 1
458 55 1
858 126 1
687 704 1
351 548 1
894 357 1
255 466 1
730 748 1
701 287 1
755 749 1
883 802 1
30 651 1
349 94 1
311 761 1
18 473 1
567 371 1
535 383 1
301 61 1
520 476 1
237 506 1
339 594 1
882 622 1
852 176 1
623 870 1
167 409 1
211 596 1
793 748 1
562 818 1
356 839 1
588 80 1
146 643 1
86 672 1
370 298 1
557 238 1
421 432 1
827 820 1
472 583 1
915 389 1
71 584 1
801 70 1
27 861 1
725 487 1
717 647 1
698 232 1
217 759 1
47 881 1
85 936 1
680 233 1
430 856 1
792 445 1
446 695 1
14 38 1
883 507 1
722 732 1
39 306 1
359 161 1
926 371 1
396 460 1
811 767 1
653 676 1
791 99 1
690 514 1
763 605 1
369 873 1
728 835 1
382 555 1
176 403 1
735 325 1
540 624 1
328 693 1
187 103 1
809 401 1
586 601 1
600 88 1
317 890 1
779 430 1
90 10 1
310 925 1
905 651 1
777 711 1
415 425 1
4 200 1
114 605 1
822 827 1
486 545 1
333 923 1
48 161 1
129 275 1
715 727 1
194 13 1
390 78 1
484 216 1
765 593 1
593 417 1
258 691 1
221 702 1
124 656 1
160 887 1
747 546 1
11 913 1
196 480 1
863 667 1
480 378 1
120 260 1
768 426 1
493 390 1
200 719 1
812 931 1
323 210 1
244 392 1
136 43 1
660 347 1
298 42 1
256 518 1
674 856 1
697 60 1
509 428 1
676 355 1
414 787 1
204 788 1
894 159 1
795 218 1
595 812 1
54 268 1
427 638 1
636 920 1
269 211 1
915 246 1
126 192 1
695 541 1
724 333 1
32 74 1
256 637 1
424 430 1
888 265 1
418 921 1
452 746 1
297 156 1
786 711 1
929 361 1
17 874 1
57 644 1
356 866 1
394 697 1
648 358 1
406 678 1
603 500 1
332 548 1
833 190 1
151 10 1
421 156 1
328 632 1
725 84 1
258 212 1
835 792 1
256 511 1
230 658 1
124 39 1
490 299 1
804 612 1
2 25 1
813 96 1
271 230 1
28 156 1
304 547 1
111 846 1
668 603 1
454 561 1
520 591 1
23 816 1
913 815 1
716 358 1
175 153 1
410 588 1
171 818 1
677 514 1
180 427 1
805 889 1
597 644 1
682 38 1
793 759 1
699 898 1
512 283 1
362 783 1
121 925 1
312 307 1
935 651 1
244 145 1
287 261 1
112 887 1
679 302 1
42 464 1
795 686 1
911 297 1
27 599 1
19 915 1
280 934 1
613 325 1
832 834 1
862 535 1
862 291 1
443 887 1
495 574 1
823 505 1
386 368 1
82 525 1
687 389 1
852 310 1
239 40 1
824 473 1
840 505 1
762 250 1
226 933 1
466 882 1
711 900 1
601 69 1
621 65 1
454 859 1
410 247 1
493 159 1
682 157 1
501 287 1
278 666 1
45 914 1
863 852 1
434 204 1
461 571 1
114 847 1
371 721 1
882 718 1
475 892 1
689 203 1
584 852 1
899 903 1
96 45 1
699 242 1
170 679 1
649 837 1
795 744 1
722 355 1
576 775 1
271 537 1
148 374 1
659 536 1
322 631 1
679 408 1
476 791 1
788 244 1
885 900 1
110 53 1
336 924 1
576 786 1
124 151 1
911 238 1
924 47 1
124 279 1
187 827 1
691 387 1
754 646 1
333 316 1
121 125 1
760 779 1
722 723 1
605 162 1
646 908 1
711 11 1
371 150 1
670 254 1
776 690 1
516 219 1
423 476 1
654 692 1
924 79 1
851 388 1
167 520 1
870 562 1
886 224 1
563 729 1
363 288 1
753 515 1
618 55 1
809 400 1
856 673 1
691 634 1
88 522 1
662 302 1
196 36 1
213 529 1
170 862 1
801 489 1
261 302 1
866 249 1
153 149 1
702 144 1
501 656 1
412 649 1
167 725 1
420 619 1
136 768 1
897 711 1
25 376 1
727 203 1
122 868 1
271 806 1
758 180 1
777 374 1
465 424 1
388 297 1
479 606 1
197 639 1
155 791 1
641 362 1
555 315 1
148 778 1
104 721 1
919 292 1
525 4 1
803 586 1
812 193 1
104 927 1
227 216 1
927 824 1
202 445 1
319 449 1
236 898 1
89 407 1
620 125 1
71 29 1
451 405 1
426 73 1
326 385 1
706 539 1
922 698 1
908 561 1
918 706 1
699 713 1
479 223 1
140 121 1
613 62 1
385 382 1
884 235 1
65 463 1
166 510 1
485 465 1
799 415 1
721 234 1
494 118 1
885 881 1
398 477 1
565 377 1
511 82 1
468 115 1
799 120 1
934 312 1
219 45 1
812 122 1
630 598 1
806 513 1
764 143 1
934 918 1
690 787 1
438 180 1
63 543 1
29 280 1
90 118 1
444 67 1
475 600 1
345 699 1
511 753 1
444 749 1
95 915 1
710 113 1
774 91 1
622 579 1
293 607 1
841 108 1
574 41 1
905 920 1
665 587 1
629 779 1
192 455 1
282 375 1
675 412 1
511 612 1
274 349 1
536 551 1
785 129 1
4 627 1
919 783 1
256 614 1
800 796 1
199 14 1
322 523 1
847 564 1
778 617 1
288 242 1
515 499 1
215 554 1
852 185 1
79 171 1
695 151 1
575 321 1
216 264 1
743 621 1
282 363 1
854 864 1
809 22 1
7 206 1
818 705 1
493 377 1
58 868 1
429 456 1
400 622 1
355 109 1
702 165 1
283 93 1
626 338 1
120 220 1
797 546 1
856 370 1
384 561 1
515 363 1
887 713 1
362 321 1
305 470 1
360 463 1
177 614 1
229 92 1
843 500 1
350 623 1
379 284 1
477 581 1
353 336 1
157 58 1
334 36 1
45 404 1
259 495 1
610 704 1
451 362 1
59 139 1
66 702 1
557 157 1
559 810 1
857 346 1
483 881 1
603 661 1
932 417 1
303 354 1
393 577 1
430 773 1
761 343 1
381 110 1
589 21 1
786 866 1
53 341 1
375 774 1
282 452 1
109 711 1
140 511 1
141 721 1
742 14 1
338 918 1
895 513 1
105 783 1
857 230 1
600 355 1
866 148 1
757 34 1
328 528 1
20 643 1
759 278 1
289 516 1
302 685 1
307 379 1
505 521 1
374 339 1
241 467 1
722 789 1
627 257 1
194 74 1
549 810 1
768 519 1
443 619 1
100 675 1
512 771 1
532 24 1
598 681 1
126 542 1
69 862 1
410 676 1
306 237 1
139 411 1
99 575 1
17 881 1
275 862 1
761 566 1
314 755 1
53 624 1
602 43 1
339 37 1
904 444 1
45 75 1
693 633 1
98 297 1
500 514 1
914 307 1
914 731 1
495 304 1
36 927 1
759 219 1
625 355 1
493 804 1
907 299 1
336 413 1
135 707 1
70 85 1
537 655 1
558 485 1
550 745 1
32 601 1
429 599 1
900 551 1
610 776 1
131 356 1
474 192 1
549 282 1
369 803 1
668 309 1
815 45 1
104 924 1
830 576 1
603 695 1
201 614 1
557 513 1
475 171 1
353 723 1
871 465 1
325 436 1
229 903 1
355 320 1
189 217 1
879 363 1
629 905 1
732 471 1
521 28 1
214 119 1
22 508 1
3 121 1
191 610 1
698 412 1
80 355 1
920 558 1
324 693 1
836 568 1
783 410 1
521 216 1
659 901 1
912 409 1
670 808 1
572 667 1
477 84 1
14 113 1
51 92 1
867 470 1
494 865 1
803 597 1
503 244 1
62 328 1
250 248 1
868 542 1
645 169 1
923 659 1
62 148 1
568 797 1
272 513 1
207 614 1
591 473 1
304 486 1
513 661 1
381 217 1
276 851 1
341 127 1
929 491 1
509 766 1
758 81 1
767 588 1
886 703 1
607 560 1
680 726 1
358 446 1
631 272 1
46 922 1
343 268 1
858 863 1
515 528 1
803 304 1
888 240 1
395 46 1
443 60 1
808 192 1
176 451 1
616 179 1
287 280 1
367 534 1
573 425 1
660 56 1
707 350 1
597 358 1
218 900 1
459 172 1
456 118 1
705 739 1
640 537 1
828 483 1
900 127 1
8 832 1
873 871 1
878 645 1
844 177 1
58 358 1
264 153 1
846 326 1
36 415 1
730 272 1
612 416 1
810 328 1
786 521 1
327 22 1
826 173 1
389 9 1
418 604 1
426 315 1
653 250 1
22 499 1
596 59 1
648 269 1
882 268 1
636 572 1
548 470 1
538 417 1
82 796 1
230 530 1
156 655 1
109 89 1
843 279 1
281 638 1
188 380 1
137 262 1
451 508 1
700 683 1
725 42 1
62 470 1
52 744 1
822 143 1
48 409 1
869 452 1
499 270 1
97 846 1
314 916 1
411 291 1
133 45 1
619 819 1
105 462 1
582 138 1
641 382 1
79 409 1
70 866 1
66 668 1
301 387 1
492 152 1
476 74 1
774 197 1
434 313 1
815 39 1
70 345 1
589 937 1
40 535 1
2 563 1
13 895 1