484 2744 6 11 110 
1 0 5
2 0 1
3 1 1
4 0 3
5 0 5
6 4 5
7 0 3
8 3 1
9 4 3
10 9 3
11 3 6
12 2 1
13 12 3
14 1 4
15 0 4
16 6 5
17 16 4
18 7 1
19 4 1
20 7 4
21 20 2
22 15 6
23 11 2
24 20 2
25 24 6
26 20 1
27 11 4
28 6 2
29 13 5
30 5 1
31 18 5
32 16 1
33 9 1
34 5 1
35 31 6
36 2 6
37 20 5
38 28 5
39 4 2
40 2 4
41 32 4
42 11 6
43 13 2
44 19 1
45 21 6
46 28 3
47 14 3
48 10 4
49 21 3
50 5 3
51 37 2
52 48 3
53 20 4
54 53 2
55 53 3
56 25 1
57 43 3
58 15 2
59 40 3
60 42 6
61 25 2
62 46 1
63 32 6
64 33 5
65 43 5
66 61 5
67 8 5
68 57 1
69 2 6
70 43 4
71 35 1
72 11 2
73 46 2
74 41 2
75 34 6
76 25 1
77 18 4
78 0 4
79 55 6
80 48 1
81 19 6
82 74 2
83 73 5
84 57 3
85 1 6
86 80 4
87 74 2
88 39 2
89 76 4
90 49 3
91 84 5
92 17 4
93 70 4
94 7 1
95 49 2
96 79 5
97 64 1
98 10 1
99 6 5
100 34 3
101 15 6
102 88 6
103 94 3
104 45 5
105 72 2
106 26 1
107 101 5
108 83 5
109 64 6
110 62 2
111 29 1
112 0 1
113 21 1
114 15 3
115 24 5
116 50 6
117 55 6
118 63 5
119 5 3
120 80 6
121 66 4
122 41 5
123 77 5
124 18 4
125 47 2
126 55 3
127 69 1
128 32 3
129 123 1
130 3 6
131 87 1
132 49 5
133 79 5
134 112 1
135 72 2
136 94 2
137 47 1
138 66 5
139 27 1
140 71 6
141 13 2
142 48 2
143 8 3
144 88 5
145 21 4
146 127 1
147 61 4
148 134 6
149 29 6
150 27 2
151 116 1
152 15 2
153 87 5
154 42 2
155 44 5
156 13 1
157 70 4
158 94 5
159 156 6
160 99 4
161 41 4
162 36 2
163 38 6
164 5 6
165 43 2
166 87 1
167 39 1
168 51 5
169 89 3
170 24 4
171 38 5
172 8 4
173 69 2
174 77 1
175 134 3
176 114 5
177 48 1
178 34 3
179 165 1
180 98 4
181 115 6
182 46 2
183 7 2
184 115 5
185 68 1
186 41 2
187 128 4
188 75 4
189 37 2
190 48 3
191 88 2
192 93 5
193 69 6
194 47 2
195 34 3
196 180 4
197 170 4
198 104 2
199 48 6
200 102 5
201 135 4
202 196 1
203 16 4
204 113 1
205 84 6
206 114 6
207 60 6
208 196 2
209 9 2
210 202 2
211 88 4
212 197 1
213 193 5
214 171 2
215 34 1
216 94 6
217 192 6
218 99 5
219 108 3
220 214 2
221 105 4
222 135 1
223 6 6
224 217 3
225 191 5
226 204 6
227 193 3
228 16 3
229 101 3
230 32 3
231 45 4
232 30 6
233 189 3
234 160 2
235 166 1
236 167 3
237 29 3
238 151 2
239 99 6
240 42 2
241 203 3
242 58 2
243 112 5
244 229 3
245 236 5
246 143 6
247 148 5
248 51 4
249 110 4
250 13 2
251 189 1
252 198 4
253 80 5
254 53 2
255 113 6
256 25 3
257 32 2
258 44 3
259 257 3
260 130 4
261 254 5
262 187 5
263 109 2
264 227 5
265 232 3
266 117 6
267 56 2
268 20 3
269 194 5
270 12 1
271 265 3
272 240 6
273 205 4
274 108 3
275 154 5
276 244 2
277 167 4
278 150 1
279 124 2
280 53 3
281 130 6
282 200 1
283 14 2
284 0 5
285 133 5
286 52 4
287 152 3
288 22 3
289 172 4
290 122 5
291 216 5
292 108 6
293 54 1
294 37 4
295 153 3
296 116 2
297 2 5
298 142 6
299 31 2
300 241 4
301 86 6
302 170 4
303 58 2
304 17 1
305 11 3
306 142 2
307 267 6
308 160 6
309 245 6
310 284 6
311 257 2
312 92 5
313 138 1
314 221 1
315 31 4
316 262 1
317 238 2
318 288 1
319 38 3
320 198 3
321 223 4
322 321 4
323 161 2
324 297 1
325 214 1
326 203 3
327 244 4
328 17 3
329 205 6
330 177 5
331 142 5
332 191 3
333 194 6
334 113 4
335 127 1
336 148 1
337 137 5
338 130 3
339 42 3
340 184 3
341 148 6
342 234 1
343 24 4
344 111 4
345 63 6
346 25 4
347 185 2
348 76 3
349 197 3
350 50 3
351 325 5
352 328 4
353 158 3
354 294 1
355 16 1
356 60 1
357 6 1
358 25 1
359 212 5
360 90 6
361 157 6
362 154 4
363 247 2
364 295 1
365 31 3
366 76 2
367 27 4
368 258 1
369 352 3
370 328 2
371 266 3
372 134 3
373 317 1
374 167 2
375 181 6
376 264 3
377 254 4
378 322 2
379 289 3
380 254 6
381 127 1
382 45 6
383 169 6
384 365 5
385 18 5
386 97 6
387 328 2
388 62 6
389 360 2
390 320 5
391 90 4
392 200 2
393 330 5
394 318 1
395 55 3
396 148 4
397 384 2
398 88 6
399 63 2
400 286 1
401 304 6
402 118 3
403 21 1
404 287 5
405 166 2
406 351 4
407 388 2
408 18 5
409 362 2
410 317 2
411 317 2
412 65 4
413 295 4
414 291 6
415 394 1
416 405 2
417 39 2
418 258 5
419 252 1
420 72 1
421 331 4
422 232 2
423 148 5
424 238 2
425 175 4
426 17 5
427 91 5
428 255 3
429 299 4
430 198 5
431 379 4
432 110 2
433 331 2
434 21 4
435 398 5
436 57 1
437 139 1
438 378 4
439 40 3
440 280 2
441 421 6
442 381 5
443 426 1
444 133 6
445 144 3
446 406 4
447 220 5
448 123 1
449 175 1
450 293 4
451 367 1
452 165 2
453 332 6
454 370 4
455 30 4
456 365 1
457 26 1
458 263 6
459 202 3
460 88 5
461 52 4
462 287 6
463 25 3
464 14 6
465 433 1
466 132 6
467 205 4
468 437 2
469 56 2
470 178 5
471 154 3
472 243 5
473 33 4
474 440 3
475 70 4
476 472 3
477 287 6
478 389 1
479 39 2
480 428 2
481 365 5
482 400 6
483 305 4
88 303 5
100 410 5
396 312 3
372 198 4
160 407 1
44 474 3
206 20 1
340 239 4
7 123 5
480 286 6
14 17 6
216 440 2
75 144 5
324 276 4
427 4 1
3 400 4
420 287 1
385 8 5
312 326 5
316 200 5
408 214 6
154 331 5
12 254 3
153 77 4
253 234 3
347 395 1
252 333 3
70 332 5
389 96 6
245 223 5
211 266 5
299 83 1
166 371 2
275 161 1
120 241 6
336 41 2
279 122 6
200 367 2
324 274 6
261 425 1
394 22 1
22 406 6
476 167 5
12 320 5
224 198 5
29 329 2
305 210 6
406 309 1
56 188 4
139 118 3
181 162 1
193 443 5
88 170 2
342 125 1
262 362 4
271 263 2
117 193 1
132 251 3
88 257 6
165 145 5
21 470 5
476 111 5
267 1 1
303 382 6
80 412 4
319 191 3
364 51 5
424 414 1
172 30 4
209 99 2
174 478 2
345 34 5
271 281 4
213 237 2
462 369 3
305 303 2
69 263 3
248 289 2
241 435 6
236 261 1
236 410 3
313 7 4
110 328 1
85 106 1
177 186 2
167 211 6
51 283 1
74 156 6
335 406 5
329 202 2
142 406 5
113 183 5
114 176 4
50 93 5
66 477 3
146 314 1
245 422 4
338 44 3
58 259 5
107 393 5
476 253 5
193 61 4
331 58 5
232 265 5
311 83 3
217 430 5
265 272 1
292 262 4
159 154 1
48 431 6
131 114 5
34 354 2
364 402 6
42 428 1
449 216 5
102 243 3
245 3 1
101 109 3
170 91 6
24 111 6
396 216 6
199 451 2
355 261 4
83 121 5
64 420 6
189 301 2
108 438 1
103 13 2
350 65 6
348 457 6
7 350 4
26 0 4
209 240 3
113 47 6
343 400 5
88 86 1
266 146 2
469 55 1
373 367 3
234 233 5
58 395 2
130 97 6
175 357 2
172 482 5
76 390 5
57 133 6
309 171 4
324 129 4
388 356 4
169 162 1
13 280 2
287 31 4
474 313 5
260 350 2
137 72 2
359 313 1
404 13 3
334 49 4
65 35 1
70 247 1
295 204 6
70 166 4
460 407 2
93 314 3
361 11 5
283 180 2
342 275 5
25 453 1
463 44 3
164 439 4
107 407 5
314 170 1
115 131 5
442 298 4
175 391 6
260 207 5
120 263 1
297 161 3
158 287 3
111 321 4
174 25 6
107 291 3
480 197 3
289 246 4
340 169 4
152 225 3
98 450 1
20 119 6
244 135 4
328 347 5
340 151 4
75 384 4
202 475 4
163 100 4
477 205 3
211 105 6
230 454 5
389 33 4
166 255 2
294 404 4
147 221 1
413 212 4
444 93 4
286 229 6
59 105 2
224 393 1
475 65 5
208 0 3
368 10 1
153 279 3
283 421 1
422 406 3
108 19 4
336 258 2
330 267 5
392 362 3
343 354 4
275 467 6
134 340 6
38 201 1
192 380 2
419 217 1
326 98 1
20 102 5
387 219 2
327 76 2
362 17 3
35 457 4
374 289 1
200 205 1
391 124 5
152 293 2
8 334 5
330 361 3
200 368 4
93 480 5
391 234 1
62 224 1
354 462 5
423 73 6
10 236 3
70 376 2
43 396 2
135 31 2
207 480 2
347 220 6
393 21 4
270 384 4
158 451 5
125 68 4
368 38 4
358 166 2
476 45 4
79 69 4
134 421 2
89 113 3
272 83 6
454 374 5
437 333 5
285 366 3
165 302 2
327 167 5
311 381 5
310 153 2
280 384 5
57 52 3
387 186 5
440 153 1
332 416 4
3 113 4
148 76 5
108 255 2
457 139 4
197 454 3
181 104 1
346 365 5
210 107 1
295 20 6
29 230 6
156 416 5
445 184 6
80 368 3
440 157 3
96 129 4
36 475 3
309 120 2
16 141 3
46 431 4
233 46 6
233 250 5
39 239 5
401 78 4
128 446 3
398 74 6
126 300 5
114 359 1
13 415 4
136 476 2
204 431 5
405 275 6
320 362 3
29 454 6
140 320 3
321 325 6
175 112 5
198 482 5
22 238 1
196 316 4
169 161 1
69 32 1
77 48 1
297 94 2
294 470 2
229 252 2
26 412 3
1 419 4
295 82 5
56 370 1
350 330 5
140 372 3
157 302 3
202 346 2
172 94 5
406 165 6
315 354 4
445 310 3
248 310 5
415 449 6
97 477 2
298 333 2
361 34 5
280 264 4
235 441 3
29 83 4
337 472 2
234 314 5
358 339 5
194 92 3
382 340 1
15 262 3
193 86 1
172 13 5
216 98 1
252 452 1
481 39 6
217 435 1
455 380 5
16 367 6
378 56 2
469 212 1
90 460 5
136 364 2
297 463 2
133 480 4
391 352 4
64 136 1
436 115 6
376 479 3
79 290 2
130 363 4
465 308 3
466 172 1
39 120 3
423 257 4
243 462 5
418 87 6
443 453 4
8 393 3
143 403 3
397 275 5
137 307 2
6 270 5
349 301 4
359 111 5
437 373 6
373 392 6
428 75 2
214 37 3
207 255 4
441 139 4
432 120 4
232 69 4
13 130 6
156 362 4
210 249 2
2 114 6
384 347 4
239 458 4
289 163 3
55 442 2
216 342 5
384 317 2
408 35 3
103 143 5
137 105 2
17 129 4
81 80 6
22 4 5
443 218 5
178 454 1
455 0 1
16 37 4
223 88 3
434 275 2
387 149 5
247 198 3
138 315 2
420 368 2
176 117 1
32 225 5
474 255 6
413 106 2
113 139 1
251 95 4
366 451 1
75 365 6
432 192 3
191 138 3
29 108 2
348 378 2
14 265 5
25 149 6
183 410 4
265 227 2
303 200 2
459 163 3
101 301 2
215 199 6
219 194 5
179 28 3
288 109 6
36 422 3
377 84 1
345 363 6
49 449 5
478 310 4
185 347 6
354 397 5
76 289 1
268 1 1
102 9 1
274 0 4
277 221 3
152 350 6
436 14 1
250 258 1
483 132 1
337 11 1
307 151 1
215 136 5
231 115 2
16 230 1
278 207 1
463 122 3
100 354 1
418 408 3
184 30 6
24 375 5
395 216 2
468 193 6
197 86 2
451 127 2
348 80 1
448 407 4
468 54 2
75 148 3
331 365 2
278 119 3
141 310 4
435 330 3
227 341 3
436 159 1
288 319 2
255 422 6
144 11 2
436 228 1
457 448 5
10 169 4
315 472 5
405 371 5
360 180 4
148 322 6
399 255 2
4 120 2
169 36 6
268 277 4
453 9 3
342 124 3
57 373 3
352 338 2
294 159 6
122 415 5
329 79 6
255 54 2
120 293 1
152 268 3
442 106 1
26 362 2
417 170 2
25 351 6
125 54 3
479 417 2
52 131 3
48 101 1
245 361 4
281 219 3
235 384 2
207 439 5
273 35 1
101 327 4
93 3 6
237 9 4
356 53 1
119 415 6
422 259 1
261 205 2
257 184 2
319 99 2
2 476 3
210 378 2
285 5 4
190 372 2
422 81 2
256 300 5
3 397 1
126 441 4
457 33 5
47 61 1
297 303 6
154 354 6
244 5 2
117 135 6
351 426 4
111 415 3
321 45 3
123 90 3
318 253 5
268 408 4
141 8 6
187 136 4
137 39 6
424 158 1
203 238 3
118 75 6
148 274 6
2 450 1
310 349 4
140 149 6
239 306 6
24 481 3
144 304 3
436 470 4
159 148 4
458 299 5
256 288 2
222 225 2
109 166 4
332 98 2
465 463 3
73 383 6
318 482 5
100 80 5
385 389 4
49 108 6
177 70 5
241 202 2
129 437 6
242 253 3
107 137 6
128 225 4
428 131 4
113 219 6
325 268 2
278 38 4
149 38 5
450 143 2
147 398 3
288 450 2
16 275 5
394 209 2
266 298 4
124 63 2
384 462 5
460 435 5
122 373 1
138 159 2
206 428 1
375 381 3
239 209 5
65 61 3
144 426 2
371 439 5
401 128 3
445 108 6
79 116 4
315 341 5
259 204 2
102 56 5
363 316 6
427 29 2
265 83 2
219 180 2
341 142 4
137 49 6
129 343 6
289 233 3
168 99 3
372 137 6
306 215 4
88 376 6
154 66 2
271 341 3
94 48 2
253 85 4
419 146 6
137 443 1
194 448 1
390 277 3
459 349 2
177 205 3
83 289 4
58 231 2
2 162 2
480 359 3
313 75 6
189 94 4
124 242 3
57 398 5
216 223 2
471 196 3
434 346 5
349 438 4
163 376 3
310 400 3
48 320 2
231 310 4
136 224 5
295 481 6
62 325 4
106 418 4
52 479 1
217 116 3
326 447 3
95 348 5
421 56 6
100 290 5
336 257 6
167 456 2
462 372 3
267 205 5
276 175 2
53 194 2
47 307 6
419 214 1
185 314 2
408 255 6
31 113 4
316 215 6
353 124 4
253 327 5
346 112 6
343 471 6
428 245 6
421 114 1
247 32 3
289 318 4
108 428 4
436 474 3
391 441 6
187 53 4
439 149 6
383 75 4
208 85 4
333 158 4
333 382 6
274 468 6
279 380 4
314 189 2
92 217 6
196 347 5
473 320 3
198 373 1
348 23 3
156 205 4
449 320 1
178 188 4
246 383 3
166 459 1
386 462 6
311 112 6
30 404 1
31 211 3
241 78 1
203 142 3
360 375 4
246 422 1
400 196 2
465 6 5
304 163 4
131 187 4
57 237 1
78 167 5
407 196 3
316 454 3
281 169 2
172 82 5
41 381 6
170 432 6
320 438 2
122 255 3
25 362 5
227 260 3
213 41 1
223 182 6
355 278 5
415 201 3
434 360 5
481 303 3
115 242 6
149 132 4
305 282 3
482 357 2
52 20 3
476 401 4
22 481 5
468 42 5
82 153 1
286 323 6
199 416 4
317 208 4
293 141 3
198 240 1
95 330 2
426 441 2
431 333 5
227 42 6
283 213 4
295 245 3
199 286 1
340 455 5
5 198 5
310 97 4
120 473 1
123 323 6
403 384 1
480 391 2
414 396 1
297 243 4
7 269 3
220 329 6
137 421 6
47 83 3
269 126 4
87 322 6
325 376 5
307 410 5
255 400 6
231 466 6
210 83 3
203 416 6
215 354 6
268 171 4
428 23 1
167 51 1
350 157 4
318 7 1
15 59 2
224 113 1
260 151 6
271 398 6
232 83 2
60 99 2
219 156 6
169 322 6
220 421 1
298 453 1
462 257 1
17 149 5
177 228 2
379 279 6
226 118 6
83 229 2
266 178 5
309 416 6
46 421 4
247 118 4
351 289 2
293 269 1
43 318 6
59 158 1
470 231 6
346 235 3
104 187 6
222 446 1
429 438 1
374 218 6
480 96 5
339 290 4
273 287 1
290 445 2
398 373 5
152 441 1
81 318 4
120 189 5
351 378 4
158 314 3
288 130 2
261 472 6
173 351 1
134 202 3
153 338 3
0 445 1
41 249 1
139 35 6
335 273 3
174 418 6
189 370 2
58 340 3
363 149 1
11 309 2
285 281 4
37 16 2
317 203 4
454 483 5
425 334 1
301 252 5
348 350 5
459 59 5
124 38 3
400 109 2
21 104 4
476 65 5
56 158 5
134 115 5
458 231 3
361 192 3
12 341 5
139 46 3
17 73 1
157 100 1
259 153 1
52 238 4
334 74 1
21 200 4
190 250 6
206 203 5
15 193 5
410 219 4
11 401 2
101 233 5
74 339 2
143 162 2
216 182 5
472 34 6
115 468 5
450 406 2
375 267 5
42 158 2
178 100 4
247 213 3
379 208 6
276 202 5
111 256 5
119 84 6
397 429 3
253 153 4
71 387 3
412 15 4
84 168 2
321 385 2
168 266 2
391 368 2
302 340 4
1 243 3
132 99 1
278 287 1
7 410 6
195 442 5
211 422 5
261 307 2
202 130 4
107 140 6
224 338 3
213 7 6
80 476 3
12 173 5
427 469 3
444 469 5
194 58 2
451 49 4
329 14 4
135 474 6
195 245 1
426 358 1
246 277 3
149 237 3
220 233 5
25 239 6
235 106 4
410 482 3
201 33 6
249 380 2
157 32 3
179 233 5
111 150 6
124 435 4
246 249 2
150 455 6
364 387 2
26 372 4
474 269 6
207 415 5
32 278 2
362 234 6
137 369 4
3 156 6
473 430 4
277 443 3
384 373 4
7 33 2
451 412 5
96 326 4
50 437 5
463 327 6
83 86 4
426 342 6
382 162 6
417 472 4
320 21 1
189 87 4
267 177 3
295 434 6
161 462 3
344 258 6
467 214 4
449 303 1
415 44 3
131 168 3
434 383 3
41 161 3
477 240 5
218 344 3
314 145 6
259 277 3
389 416 5
65 201 4
174 316 1
389 369 3
46 10 3
483 53 1
153 167 1
213 194 2
290 80 5
464 100 1
93 149 1
311 367 6
60 46 1
421 103 4
334 477 6
164 191 4
13 101 6
80 224 1
434 358 6
473 175 3
413 1 3
234 255 4
398 472 5
329 4 1
87 468 6
219 223 3
445 343 3
280 36 4
247 374 3
323 294 6
384 37 4
349 51 6
213 326 5
335 200 2
259 268 1
244 391 5
80 55 3
403 62 5
96 327 4
162 426 5
112 420 5
202 421 6
54 473 5
292 473 6
196 252 5
284 473 4
56 172 2
189 91 3
400 405 3
133 114 4
429 56 5
37 432 2
359 232 2
271 6 4
318 158 1
477 342 3
468 201 2
465 461 1
181 108 6
476 246 3
42 193 1
16 158 5
38 45 4
413 462 1
9 399 6
111 108 3
421 224 1
462 172 3
68 140 2
92 342 3
179 375 6
195 335 4
114 349 6
128 125 5
110 405 1
345 379 2
149 471 4
370 118 6
482 78 6
399 292 3
88 280 6
283 85 3
117 149 3
295 199 6
46 279 5
148 309 6
245 10 1
292 244 1
215 285 6
45 402 4
138 237 5
467 80 5
385 132 5
44 379 1
42 290 6
369 346 5
335 258 3
433 143 5
28 158 3
324 185 6
137 276 1
94 71 4
421 306 4
287 436 4
346 17 2
36 229 1
206 142 4
82 235 3
158 309 5
72 177 4
232 413 6
254 144 2
381 322 1
60 482 1
214 218 4
296 285 6
405 31 6
36 428 5
6 233 3
67 72 2
469 203 5
39 414 4
390 480 5
479 466 4
452 360 3
314 254 3
382 263 3
127 375 6
93 200 4
389 457 5
282 58 2
318 132 5
239 235 5
104 19 6
27 93 3
108 278 3
62 166 2
26 31 6
294 77 1
259 176 6
384 409 4
195 303 1
161 259 1
54 346 4
439 168 3
368 249 6
107 422 2
236 84 6
337 131 3
79 312 1
455 467 3
296 338 3
197 99 6
117 152 1
424 373 2
17 248 2
8 33 1
231 14 4
377 369 1
58 278 1
298 388 1
480 453 1
147 76 1
124 330 2
249 85 1
331 266 5
441 150 1
198 362 4
315 288 5
249 243 6
35 287 6
427 139 3
31 416 3
315 176 4
422 57 6
466 271 6
287 387 6
47 69 2
216 435 3
462 337 3
56 354 2
212 302 1
329 80 2
389 359 1
198 326 2
186 200 3
127 10 4
191 441 2
453 456 6
67 220 5
467 340 1
147 213 6
458 318 2
322 297 3
349 250 3
291 76 6
379 391 2
368 145 6
423 342 6
125 112 5
145 361 4
254 211 6
59 45 4
385 271 3
49 324 6
122 252 1
343 2 3
182 324 6
179 387 2
0 416 4
364 421 5
346 452 6
349 157 6
120 361 3
360 211 2
463 49 1
427 116 5
41 453 5
305 313 1
96 294 6
108 95 5
45 72 1
267 231 3
41 387 4
381 176 1
458 322 4
366 445 1
122 435 6
293 261 2
319 367 1
267 17 4
176 412 6
64 98 2
303 416 3
109 409 5
171 133 5
173 76 2
138 290 4
38 337 2
270 269 2
249 193 4
296 31 1
365 473 5
414 386 1
158 217 2
323 258 6
201 62 6
258 192 3
7 472 3
306 469 1
250 449 6
454 236 1
286 133 6
289 12 2
23 480 3
8 424 5
73 426 5
483 10 4
191 139 4
309 294 3
417 238 6
20 66 2
385 100 4
143 254 4
363 403 5
255 379 3
243 156 4
73 7 3
381 237 2
468 390 2
12 142 5
6 346 5
390 102 5
156 406 5
353 368 4
89 421 1
115 200 3
15 122 1
284 146 1
73 482 3
155 344 6
65 13 3
434 238 1
51 155 1
271 4 3
118 94 2
207 6 6
442 204 1
369 243 4
19 179 2
220 464 3
64 228 4
245 203 1
108 269 5
113 53 6
148 448 6
212 84 4
48 339 4
389 102 2
16 426 6
209 471 3
21 434 4
65 438 1
251 437 5
164 124 3
306 320 2
461 315 6
148 441 2
155 398 1
415 206 4
350 366 1
47 9 6
222 267 5
255 383 4
399 419 6
249 155 1
348 17 2
203 339 3
51 416 4
365 278 1
82 355 3
447 54 6
369 467 3
349 416 6
411 428 6
83 130 1
166 245 2
88 255 3
368 269 1
83 145 3
149 53 4
468 297 5
371 168 2
306 26 4
151 378 3
228 405 5
184 420 1
301 47 3
118 421 2
408 34 5
86 1 2
141 185 6
52 47 4
347 454 4
24 195 4
301 387 2
378 451 5
388 247 5
307 175 5
414 196 4
73 298 2
264 150 3
244 185 6
299 419 3
132 18 5
357 406 6
330 32 2
175 291 3
371 49 1
322 268 6
104 403 2
308 256 6
18 308 5
27 60 5
338 23 2
214 394 4
114 417 4
94 448 4
28 166 5
398 224 4
452 390 2
385 321 3
147 287 3
401 7 1
335 415 2
312 459 2
465 188 6
393 323 6
389 451 5
364 116 5
178 236 6
70 32 3
196 14 5
384 116 3
372 409 2
201 4 1
391 171 6
221 150 3
386 68 6
291 408 5
265 40 5
14 282 1
171 14 3
445 421 4
132 448 2
428 472 3
244 107 2
97 244 5
35 85 4
421 237 2
42 322 2
464 189 4
366 438 4
467 85 3
269 438 5
424 440 5
61 173 2
463 379 2
396 98 3
109 88 5
440 333 4
174 78 4
84 388 4
77 351 4
56 95 6
319 293 4
114 100 5
404 279 6
241 417 3
70 316 4
7 60 1
79 477 3
391 63 2
156 241 6
284 125 1
364 382 4
283 384 6
253 73 5
453 215 1
150 93 3
205 179 1
239 95 1
448 214 3
184 45 2
134 123 4
41 6 3
31 385 4
408 277 3
435 230 2
404 284 4
287 105 3
325 356 1
467 182 2
18 377 2
97 308 1
31 330 6
430 397 6
93 257 6
298 430 4
304 312 4
317 270 1
123 482 5
165 113 4
268 90 6
321 462 2
75 43 1
431 347 2
102 379 2
393 211 6
269 415 3
301 321 1
97 178 1
95 304 5
471 6 1
60 299 3
196 239 6
23 182 4
76 444 2
46 121 5
357 212 5
61 143 6
28 237 2
169 81 4
363 401 6
275 451 3
197 448 1
312 134 5
205 316 1
398 348 6
250 188 5
271 51 5
341 455 6
163 407 1
149 455 1
366 102 2
105 191 2
176 16 1
303 467 5
385 293 2
162 181 4
358 203 1
33 272 5
234 63 3
368 344 5
254 76 6
392 189 6
324 207 4
21 27 1
344 207 6
85 220 6
7 232 4
382 76 5
291 477 1
320 434 2
42 25 3
446 384 5
463 336 6
127 94 3
43 250 6
77 293 6
162 8 4
151 215 5
146 416 1
91 75 4
35 6 1
38 358 4
16 157 2
360 457 5
265 60 3
322 426 1
14 470 3
84 286 5
357 185 5
396 410 3
343 49 3
98 277 4
332 248 3
418 261 6
268 464 1
96 181 6
138 206 2
204 93 6
16 101 1
152 438 1
477 197 2
185 19 4
55 298 1
331 53 5
217 459 2
229 136 1
189 389 5
437 321 2
475 129 2
31 96 5
430 289 3
40 100 5
5 109 4
247 143 6
190 300 1
353 285 6
189 430 2
411 230 5
213 34 3
424 61 6
167 156 2
161 44 3
336 470 3
438 366 6
119 98 4
35 100 3
319 436 6
80 258 1
247 109 2
263 378 1
70 176 1
418 223 1
280 355 2
252 378 4
388 385 6
81 437 5
58 323 6
460 80 3
263 412 6
467 349 2
481 394 5
99 178 3
262 227 1
106 236 3
283 16 2
445 132 6
432 116 2
50 99 2
216 347 4
439 419 2
110 341 3
197 201 6
45 303 2
49 344 2
0 196 5
186 75 6
273 406 4
156 391 5
453 56 5
258 87 6
15 192 3
175 449 1
217 468 1
165 392 3
366 7 3
136 217 6
327 428 5
73 465 6
277 164 1
92 432 2
193 8 6
173 97 5
299 162 3
115 292 5
276 310 1
325 305 6
403 42 3
407 41 5
102 138 3
49 424 5
201 66 2
321 358 5
265 335 1
321 344 4
370 474 6
150 166 2
360 393 5
36 148 1
473 96 3
119 435 4
102 210 5
254 206 4
381 274 5
228 42 4
438 64 3
396 431 3
169 80 2
247 145 2
171 202 5
189 204 3
448 130 2
366 188 6
415 382 3
427 251 2
158 64 4
71 8 6
398 252 4
456 283 6
239 274 1
348 235 4
53 178 5
281 269 3
396 173 3
135 288 5
197 458 3
258 371 1
287 330 2
0 398 5
373 424 1
175 421 1
473 476 5
28 201 5
469 82 5
159 133 2
37 297 5
322 386 6
479 266 5
166 291 3
128 455 6
60 274 5
45 357 2
389 246 1
473 171 5
419 87 1
367 392 1
149 21 2
335 366 4
392 248 2
307 257 2
367 278 1
85 29 4
356 205 1
371 65 6
425 472 2
239 117 1
369 32 6
212 171 6
368 358 4
311 198 4
353 314 4
231 455 4
259 332 1
287 182 6
482 211 5
229 393 5
384 467 5
193 47 4
183 57 1
184 94 2
219 193 6
483 419 1
207 234 1
92 259 2
249 265 2
25 136 5
427 9 1
280 79 2
414 438 2
181 327 3
388 248 4
476 42 5
186 329 4
236 434 1
200 313 4
305 277 1
60 284 1
385 224 4
459 328 4
158 362 3
409 148 5
155 112 5
416 317 4
483 458 6
333 74 1
378 138 6
329 177 3
286 469 5
300 121 2
480 2 3
157 185 4
370 411 4
41 305 4
135 436 3
310 43 1
292 372 3
115 359 4
305 432 2
122 446 4
191 232 1
237 260 4
416 295 2
299 37 3
236 64 4
424 415 2
481 48 5
109 411 1
273 435 3
448 195 4
79 270 2
82 108 3
326 412 6
99 331 5
413 309 3
468 199 5
120 384 5
183 1 4
441 181 6
296 352 6
139 446 4
156 174 4
321 314 6
376 149 5
408 160 5
124 40 6
356 284 6
102 198 4
278 258 1
143 223 3
33 342 6
80 58 6
288 247 4
230 351 2
431 113 4
211 2 1
469 223 3
389 176 1
380 418 1
412 365 5
297 257 2
422 170 2
423 175 1
190 9 3
205 394 4
190 432 6
268 379 3
106 58 1
28 33 5
192 385 2
151 9 2
112 356 2
142 442 2
142 262 1
10 481 6
444 232 3
184 132 5
134 243 1
156 242 1
137 374 6
195 298 6
453 7 5
216 479 3
365 60 2
466 443 6
159 270 6
461 187 3
176 174 3
36 370 6
466 133 3
306 292 6
268 448 6
133 405 3
3 262 1
302 22 5
354 289 5
115 332 6
209 368 4
470 367 5
186 82 4
117 197 5
152 58 6
407 52 5
285 464 1
315 197 4
230 19 2
78 441 1
166 355 4
21 351 4
164 46 2
40 246 5
259 1 3
61 212 1
179 268 3
282 298 1
118 172 5
463 362 3
92 343 6
425 39 3
76 145 2
408 233 4
442 222 1
364 338 6
428 238 2
335 326 5
457 400 3
281 378 6
470 13 5
96 418 1
7 254 2
335 171 2
32 57 2
427 345 2
482 428 4
80 128 5
234 412 4
25 377 2
324 351 2
446 225 1
314 26 2
71 11 3
158 237 2
255 457 2
107 229 4
112 247 2
13 428 1
344 354 6
63 189 3
285 197 1
140 467 3
380 106 5
1 248 6
156 322 4
151 174 1
227 325 1
95 483 2
407 160 3
443 232 4
220 286 2
346 284 6
429 207 6
300 213 3
416 375 3
480 175 5
427 475 5
197 61 5
76 15 5
48 324 2
171 193 4
141 244 1
119 279 4
231 259 4
109 250 2
259 29 5
14 263 3
338 48 6
197 327 6
90 244 3
75 229 5
256 349 2
165 144 6
333 168 1
40 174 4
379 210 2
271 230 1
312 333 6
409 306 6
139 457 5
129 37 4
373 212 2
363 390 2
179 432 1
181 251 6
223 181 1
384 17 4
305 461 5
86 182 1
247 58 1
29 44 2
441 230 2
35 353 6
436 406 1
395 419 4
11 138 2
382 320 1
439 450 4
378 464 1
80 446 4
410 254 2
427 79 1
315 375 1
309 230 2
426 93 1
269 474 1
344 217 3
394 53 5
188 19 1
458 99 3
388 349 3
360 303 4
53 252 3
167 115 4
325 18 2
120 55 4
121 149 1
30 296 5
80 164 6
42 188 4
301 53 6
467 171 5
49 351 1
129 355 4
2 346 3
426 412 5
7 454 5
233 223 3
411 13 5
186 71 6
371 319 4
66 278 1
318 284 3
301 2 5
74 384 1
180 60 3
99 282 6
2 341 3
296 128 1
151 415 3
14 302 3
458 154 4
459 149 6
158 109 5
44 213 4
125 257 6
289 137 2
352 263 3
259 190 2
236 162 2
185 466 3
38 482 1
323 388 2
40 86 1
136 210 2
51 264 1
51 138 3
93 235 1
468 412 4
83 155 6
367 407 2
308 18 2
409 292 1
113 258 2
9 358 5
390 188 6
483 378 2
32 268 4
236 18 1
402 356 3
184 204 5
155 191 6
187 353 1
262 338 6
390 14 4
219 320 2
209 181 2
470 359 3
246 458 6
391 27 3
283 1 5
272 222 4
423 107 6
199 372 4
414 68 1
23 189 1
475 360 3
243 229 3
378 254 5
406 420 4
239 415 6
283 435 3
334 465 4
260 78 5
421 258 6
120 160 3
4 293 5
474 456 4
472 369 6
470 191 3
40 405 1
360 473 5
463 471 3
181 275 1
375 307 5
224 479 5
172 452 6
267 292 2
272 208 5
22 249 1
253 347 3
192 231 4
439 468 4
275 306 3
19 66 6
36 130 4
227 379 1
339 413 6
345 39 1
192 202 6
335 277 1
430 177 2
215 352 1
302 228 5
451 170 2
253 39 5
68 346 2
276 255 1
377 54 5
358 429 4
85 455 5
171 447 6
9 384 5
188 89 4
316 119 5
132 321 4
258 209 5
57 39 2
257 414 4
336 221 6
202 307 1
296 279 6
409 357 2
17 135 1
260 477 2
423 461 6
89 191 4
422 227 6
192 281 4
49 168 4
299 177 4
348 275 1
194 305 5
369 216 2
16 399 3
130 28 2
205 146 1
42 196 2
83 413 5
409 352 3
59 114 2
333 271 5
277 473 6
141 287 5
303 230 6
147 17 4
56 314 1
277 77 2
276 316 3
407 311 5
308 267 5
213 226 3
211 270 4
459 407 2
263 333 4
387 120 4
372 1 2
169 317 2
276 70 2
25 242 3
13 9 4
15 350 2
125 409 4
96 391 1
62 39 5
27 46 5
138 151 3
128 103 2
244 174 4
316 352 4
423 361 1
101 150 2
89 457 6
167 405 1
358 191 6
419 219 4
237 3 6
322 267 4
181 1 6
129 410 6
201 159 6
397 130 1
74 176 3
386 371 4
236 166 5
429 431 2
476 151 4
428 311 3
427 223 2
218 28 2
197 60 3
297 422 5
288 335 2
282 381 1
297 174 6
310 6 6
360 140 5
114 234 6
36 414 1
303 441 3
206 223 3
338 459 4
459 81 1
21 400 5
199 296 5
362 383 3
264 28 4
453 227 6
365 12 4
279 180 4
28 364 2
17 180 3
199 223 3
365 110 2
456 192 4
90 245 6
18 372 5
143 324 6
436 369 2
342 128 6
315 447 6
337 350 5
207 343 3
154 117 4
270 6 3
341 99 6
49 180 3
315 254 2
264 93 3
321 83 1
66 176 3
115 192 3
36 332 5
242 381 1
183 204 5
306 140 3
63 342 6
319 110 6
186 378 3
203 390 6
448 78 4
89 455 1
175 463 2
72 369 4
94 382 2
469 270 6
209 80 5
194 168 6
129 44 5
166 241 4
103 102 3
259 114 1
269 143 5
258 171 5
167 359 2
280 469 2
323 134 6
8 324 5
351 196 4
358 5 3
467 49 5
150 457 3
479 444 1
205 189 4
60 429 6
21 478 4
369 66 3
198 194 1
444 224 4
143 227 3
437 251 1
263 26 4
451 199 2
348 375 4
294 44 1
470 74 6
144 410 1
332 448 1
23 54 5
377 401 2
97 276 1
455 142 6
28 267 2
307 115 3
303 139 3
150 403 5
426 165 4
275 374 4
248 331 3
33 254 2
471 335 2
296 2 1
66 19 4
453 206 1
175 255 2
6 162 1
152 228 3
248 260 4
332 371 3
72 84 1
394 400 3
153 16 5
469 234 1
295 328 1
265 349 1
377 82 4
32 208 5
89 185 1
174 156 6
465 289 1
41 412 3
109 446 2
292 42 6
481 117 3
433 27 5
237 307 5
96 18 1
295 309 4
466 6 5
429 307 2
233 306 5
227 407 3
370 50 6
324 289 5
82 303 2
195 249 3
410 105 2
273 393 3
167 170 4
480 93 1
400 372 6
373 153 4
141 83 4
170 348 2
422 405 2
277 21 6
209 401 6
202 201 4
239 219 3
31 453 4
416 206 3
282 462 6
434 338 3
17 448 2
414 132 3
0 190 2
43 345 4
254 477 1
130 348 5
184 51 1
79 400 1
321 401 3
205 223 2
320 332 2
278 298 1
163 66 4
188 138 3
146 29 5
342 3 1
208 25 1
371 243 2
192 169 5
243 168 5
359 292 3
301 463 5
178 425 1
84 186 2
283 235 1
124 370 2
237 75 3
204 157 5
240 204 6
228 2 2
193 83 6
75 10 3
227 432 6
467 225 6