851 7531 2 204 62 
1 0 2
2 0 2
3 1 1
4 0 1
5 4 1
6 1 2
7 5 1
8 5 2
9 3 2
10 2 2
11 10 2
12 7 1
13 10 2
14 4 2
15 3 2
16 12 2
17 6 2
18 11 2
19 17 1
20 16 2
21 8 1
22 8 2
23 0 2
24 16 1
25 10 2
26 2 1
27 25 1
28 6 1
29 7 2
30 10 2
31 28 2
32 5 2
33 11 1
34 31 1
35 15 2
36 31 2
37 7 2
38 20 2
39 15 2
40 28 2
41 27 2
42 38 2
43 30 2
44 36 1
45 30 2
46 41 2
47 44 1
48 19 2
49 30 1
50 21 1
51 6 1
52 12 1
53 41 2
54 52 2
55 23 1
56 52 1
57 11 1
58 46 2
59 9 2
60 10 2
61 36 1
62 19 1
63 2 1
64 39 1
65 61 2
66 19 1
67 57 2
68 14 1
69 56 1
70 32 2
71 52 2
72 17 1
73 48 2
74 42 2
75 47 1
76 64 1
77 37 1
78 24 2
79 51 2
80 76 2
81 13 2
82 75 2
83 37 2
84 73 2
85 28 1
86 49 1
87 38 1
88 35 1
89 44 1
90 24 1
91 8 1
92 23 2
93 4 2
94 54 1
95 39 2
96 3 2
97 41 1
98 97 1
99 76 1
100 78 1
101 77 2
102 29 1
103 26 1
104 26 2
105 102 1
106 55 2
107 29 2
108 42 1
109 71 2
110 30 1
111 105 1
112 90 1
113 47 1
114 100 1
115 113 2
116 33 1
117 59 1
118 0 2
119 74 2
120 82 2
121 29 1
122 25 1
123 22 2
124 29 2
125 52 1
126 13 2
127 8 2
128 93 1
129 127 1
130 52 2
131 54 1
132 11 1
133 121 2
134 0 2
135 55 2
136 17 1
137 127 1
138 55 2
139 59 1
140 105 2
141 29 2
142 129 1
143 27 2
144 42 2
145 87 1
146 118 1
147 116 1
148 142 1
149 39 2
150 70 1
151 60 2
152 114 2
153 95 1
154 134 1
155 119 1
156 13 1
157 94 1
158 100 2
159 29 2
160 38 1
161 131 2
162 80 2
163 87 2
164 148 2
165 56 1
166 7 1
167 83 1
168 148 1
169 165 2
170 48 2
171 168 1
172 53 2
173 168 2
174 136 2
175 164 2
176 32 2
177 22 2
178 66 1
179 89 1
180 32 1
181 63 1
182 30 2
183 177 1
184 96 2
185 78 1
186 58 2
187 87 1
188 151 2
189 17 2
190 151 1
191 31 1
192 119 1
193 4 2
194 150 1
195 10 2
196 17 2
197 88 2
198 71 1
199 106 2
200 87 1
201 91 2
202 66 1
203 128 1
204 159 1
205 162 1
206 125 1
207 103 2
208 125 2
209 78 1
210 17 2
211 110 2
212 29 2
213 180 2
214 93 2
215 126 1
216 86 1
217 37 1
218 139 1
219 8 1
220 142 1
221 44 1
222 142 1
223 75 1
224 53 1
225 177 2
226 185 2
227 64 2
228 20 2
229 26 2
230 171 2
231 33 2
232 210 1
233 84 1
234 45 2
235 153 1
236 6 2
237 190 1
238 181 2
239 28 1
240 198 2
241 86 1
242 150 1
243 152 1
244 183 1
245 164 1
246 4 1
247 144 2
248 44 2
249 229 1
250 91 2
251 101 1
252 176 1
253 199 2
254 157 1
255 44 2
256 202 1
257 176 2
258 215 1
259 106 2
260 187 1
261 9 1
262 246 2
263 176 1
264 106 2
265 166 2
266 56 1
267 183 2
268 197 1
269 20 2
270 108 2
271 204 1
272 8 1
273 212 1
274 243 1
275 193 2
276 217 2
277 109 1
278 147 1
279 6 1
280 277 1
281 138 2
282 78 1
283 94 1
284 5 2
285 41 2
286 139 1
287 76 2
288 95 2
289 268 1
290 0 1
291 46 1
292 107 1
293 200 2
294 86 2
295 49 1
296 81 2
297 241 2
298 228 1
299 255 1
300 254 1
301 31 2
302 136 2
303 79 2
304 144 2
305 205 2
306 218 2
307 91 2
308 34 2
309 71 1
310 190 2
311 62 1
312 179 2
313 298 1
314 29 2
315 230 1
316 274 2
317 303 2
318 90 1
319 227 1
320 183 2
321 127 1
322 247 2
323 56 1
324 302 2
325 150 1
326 192 2
327 280 2
328 227 1
329 48 1
330 129 2
331 101 2
332 287 1
333 240 1
334 93 1
335 195 1
336 130 1
337 30 1
338 308 2
339 111 2
340 313 1
341 279 1
342 306 1
343 24 1
344 223 1
345 212 2
346 68 2
347 81 1
348 290 2
349 208 1
350 165 1
351 232 1
352 248 2
353 323 1
354 219 2
355 105 1
356 227 1
357 189 1
358 93 2
359 117 1
360 114 2
361 137 2
362 24 2
363 288 2
364 184 1
365 344 1
366 104 1
367 156 1
368 183 2
369 202 2
370 275 2
371 29 1
372 66 2
373 125 2
374 173 1
375 239 2
376 331 1
377 91 2
378 290 1
379 100 2
380 197 1
381 319 1
382 321 2
383 90 2
384 128 2
385 98 1
386 110 2
387 368 1
388 102 1
389 88 1
390 229 1
391 198 2
392 156 1
393 300 2
394 61 2
395 327 2
396 91 1
397 67 2
398 122 1
399 22 1
400 221 1
401 331 2
402 381 2
403 355 2
404 19 1
405 274 2
406 230 1
407 127 1
408 319 2
409 159 1
410 406 2
411 180 2
412 305 1
413 299 1
414 337 1
415 158 2
416 338 1
417 398 1
418 239 2
419 233 1
420 8 1
421 418 2
422 380 1
423 370 1
424 351 1
425 170 1
426 141 2
427 390 2
428 363 1
429 248 1
430 120 2
431 129 1
432 103 1
433 54 1
434 301 2
435 40 2
436 403 2
437 121 2
438 30 2
439 164 2
440 352 1
441 58 2
442 139 2
443 439 2
444 335 2
445 62 2
446 175 1
447 407 1
448 370 1
449 419 1
450 171 2
451 27 1
452 300 2
453 336 2
454 432 1
455 108 2
456 303 2
457 272 2
458 426 2
459 69 2
460 54 2
461 44 2
462 134 1
463 232 1
464 383 2
465 75 1
466 426 2
467 342 2
468 447 1
469 226 2
470 276 1
471 60 1
472 27 1
473 274 2
474 447 2
475 427 2
476 307 2
477 410 2
478 88 2
479 130 2
480 86 1
481 314 2
482 319 1
483 222 2
484 64 2
485 178 1
486 216 1
487 19 2
488 43 2
489 81 1
490 489 2
491 44 1
492 422 2
493 418 2
494 127 2
495 157 2
496 260 1
497 493 2
498 22 2
499 315 2
500 285 2
501 95 2
502 172 2
503 481 1
504 322 2
505 40 1
506 108 2
507 401 1
508 391 2
509 124 1
510 295 1
511 107 1
512 47 1
513 117 1
514 194 2
515 364 2
516 189 2
517 289 1
518 200 1
519 387 1
520 332 2
521 231 2
522 153 1
523 263 2
524 449 1
525 20 2
526 339 1
527 64 1
528 287 2
529 407 1
530 266 1
531 350 2
532 54 2
533 180 1
534 317 2
535 297 1
536 532 2
537 403 2
538 99 1
539 252 1
540 415 1
541 67 2
542 55 2
543 350 2
544 76 2
545 440 1
546 257 2
547 13 2
548 90 1
549 203 2
550 422 1
551 349 1
552 356 2
553 531 2
554 242 1
555 420 2
556 10 2
557 550 1
558 225 1
559 231 1
560 278 2
561 57 1
562 202 2
563 238 2
564 49 2
565 56 2
566 229 2
567 405 2
568 154 1
569 10 1
570 325 1
571 99 2
572 483 1
573 287 1
574 265 2
575 178 2
576 262 1
577 176 1
578 362 1
579 418 1
580 85 1
581 518 1
582 579 1
583 55 1
584 50 2
585 200 2
586 191 1
587 122 1
588 407 2
589 187 2
590 32 2
591 220 1
592 550 2
593 478 1
594 149 2
595 335 1
596 548 1
597 413 2
598 332 1
599 273 2
600 429 2
601 404 1
602 232 1
603 145 1
604 328 2
605 356 1
606 429 2
607 121 2
608 97 2
609 168 1
610 440 1
611 401 1
612 24 1
613 379 2
614 571 2
615 506 2
616 4 2
617 397 2
618 183 2
619 356 1
620 151 2
621 245 2
622 527 1
623 44 2
624 260 1
625 439 2
626 145 2
627 569 1
628 615 1
629 482 2
630 228 2
631 430 2
632 233 2
633 75 1
634 130 1
635 93 2
636 70 1
637 45 1
638 146 1
639 615 2
640 349 2
641 523 1
642 135 1
643 185 1
644 369 2
645 282 1
646 31 2
647 408 2
648 372 2
649 53 2
650 608 2
651 574 1
652 515 1
653 160 1
654 369 2
655 485 2
656 184 2
657 572 1
658 200 2
659 364 2
660 425 2
661 498 1
662 506 2
663 12 1
664 53 2
665 325 1
666 595 1
667 348 1
668 484 2
669 96 2
670 172 2
671 442 2
672 131 1
673 135 1
674 462 1
675 206 1
676 668 1
677 621 1
678 26 1
679 17 1
680 639 2
681 149 2
682 15 2
683 365 1
684 368 2
685 295 2
686 111 2
687 594 2
688 620 1
689 191 1
690 310 2
691 566 2
692 39 2
693 182 2
694 333 1
695 341 1
696 278 2
697 617 2
698 48 2
699 443 1
700 686 1
701 167 2
702 304 2
703 139 2
704 248 2
705 140 2
706 367 2
707 27 2
708 625 2
709 280 1
710 192 2
711 519 1
712 236 2
713 636 1
714 35 1
715 538 2
716 341 1
717 139 2
718 149 1
719 197 2
720 147 1
721 305 1
722 492 1
723 276 2
724 585 2
725 193 2
726 593 1
727 200 1
728 634 2
729 714 2
730 78 1
731 648 1
732 46 1
733 195 2
734 134 2
735 577 1
736 239 1
737 128 2
738 44 1
739 56 2
740 638 1
741 92 1
742 380 1
743 212 1
744 282 1
745 742 2
746 602 2
747 651 1
748 420 1
749 512 1
750 413 1
751 431 2
752 77 2
753 539 1
754 725 2
755 511 1
756 568 1
757 397 2
758 395 1
759 339 2
760 610 2
761 646 1
762 703 1
763 500 1
764 625 2
765 68 2
766 352 1
767 218 2
768 533 1
769 544 1
770 130 1
771 36 2
772 606 1
773 267 1
774 482 2
775 340 2
776 317 2
777 392 2
778 35 2
779 629 2
780 131 1
781 76 1
782 522 1
783 19 2
784 613 2
785 361 2
786 578 1
787 453 1
788 754 1
789 731 1
790 706 2
791 91 1
792 55 1
793 168 2
794 280 2
795 467 2
796 23 2
797 338 2
798 341 1
799 230 1
800 442 2
801 666 1
802 17 1
803 438 1
804 424 1
805 499 2
806 697 1
807 401 2
808 805 2
809 17 1
810 470 2
811 76 2
812 745 1
813 545 2
814 205 2
815 408 1
816 297 2
817 249 2
818 604 2
819 721 2
820 248 2
821 122 2
822 439 1
823 325 2
824 77 2
825 213 1
826 191 2
827 512 1
828 318 2
829 770 1
830 268 2
831 564 1
832 318 1
833 292 1
834 473 1
835 203 2
836 128 1
837 163 2
838 665 1
839 353 2
840 228 1
841 684 1
842 371 1
843 749 2
844 67 2
845 91 1
846 26 1
847 491 1
848 515 2
849 666 1
850 526 2
770 524 1
599 654 2
621 471 2
510 838 2
813 458 2
706 304 1
345 158 2
183 668 1
588 207 2
665 738 1
460 757 2
245 618 2
304 381 2
644 844 1
812 475 2
778 149 1
75 221 2
531 790 2
335 689 2
564 710 2
317 4 1
613 728 1
245 388 1
282 739 1
619 413 1
274 397 2
676 228 1
394 628 1
374 138 1
447 547 2
791 41 2
152 31 1
827 246 2
578 146 1
131 605 2
2 666 2
8 616 2
765 34 2
108 549 1
481 618 2
47 495 2
796 823 1
702 11 1
244 417 1
489 64 1
181 548 1
353 340 1
579 493 2
454 161 2
525 223 2
728 365 1
344 263 1
717 119 2
674 358 1
676 521 2
467 569 2
678 405 2
421 767 1
62 757 2
261 790 1
343 77 1
766 139 2
236 646 1
26 120 2
821 292 2
16 69 2
8 758 1
610 506 2
240 377 2
146 761 2
219 239 1
253 102 1
8 684 1
352 307 2
112 524 2
658 121 1
836 198 2
714 735 2
318 272 2
819 651 2
670 509 2
538 451 1
721 811 2
452 63 2
740 655 1
97 168 1
78 798 1
112 390 2
156 331 2
326 740 1
537 240 2
706 355 2
407 542 1
49 784 2
678 327 2
9 11 1
265 671 1
477 548 1
423 39 2
531 671 1
8 404 1
790 426 2
377 749 1
523 274 2
770 692 2
410 96 1
288 91 2
271 556 2
24 726 1
63 57 2
419 721 1
727 501 2
573 699 1
771 438 1
454 788 2
126 574 1
519 418 1
651 638 2
513 232 2
758 368 2
195 547 2
718 37 1
316 462 1
387 252 2
468 647 1
124 108 1
842 308 2
330 219 1
248 525 2
11 514 1
363 230 1
31 157 2
244 0 1
181 13 2
0 131 2
662 39 2
601 316 2
778 696 1
220 478 2
178 563 1
235 491 2
527 339 1
81 672 2
95 683 1
642 164 2
102 265 1
71 662 2
148 850 2
171 480 2
728 8 1
519 7 2
610 787 2
31 588 2
57 839 2
612 521 1
364 638 1
465 592 2
616 432 1
291 27 1
676 304 1
350 365 1
39 604 2
275 575 2
118 394 1
739 95 2
589 782 2
682 547 1
428 475 2
165 782 2
609 500 2
599 318 2
543 761 2
608 236 1
136 850 2
612 0 2
74 806 2
400 45 2
86 841 2
6 220 1
52 647 2
110 674 2
67 714 1
817 407 1
566 620 1
44 491 2
792 219 1
686 316 1
671 220 2
346 100 2
318 744 2
192 417 1
255 127 1
676 378 1
672 297 2
825 604 1
751 796 1
604 102 2
225 176 1
17 377 2
625 236 2
50 158 2
407 47 1
27 608 2
428 334 1
644 182 2
360 124 2
212 503 2
161 621 1
383 382 1
29 195 2
157 477 1
97 667 2
394 289 1
264 1 1
256 427 1
482 410 2
123 334 1
773 421 2
154 332 2
64 375 1
827 114 2
227 695 2
668 630 1
209 435 1
205 320 1
300 571 2
211 156 1
157 475 1
711 2 2
844 492 1
281 140 2
241 638 1
82 145 1
566 249 1
160 268 2
638 783 1
484 81 1
516 610 1
797 416 1
31 423 2
474 46 1
517 100 1
103 801 1
79 704 1
332 112 2
236 669 2
164 781 1
217 660 2
837 412 1
665 31 2
208 779 1
287 624 2
639 36 2
626 409 1
667 758 2
804 13 1
825 301 2
68 835 1
152 36 1
127 389 2
24 262 1
299 210 2
49 554 1
787 822 2
641 189 2
670 318 1
790 158 1
460 418 2
50 840 1
740 731 2
740 38 2
410 361 2
433 634 1
188 74 1
199 544 2
90 484 1
144 658 1
478 403 1
625 169 1
610 521 1
289 523 2
606 501 1
767 443 1
637 83 1
726 156 2
344 777 2
693 38 1
135 38 2
314 720 1
568 601 1
325 793 1
574 756 1
163 346 2
417 190 1
132 149 1
697 564 2
282 212 1
161 641 1
655 351 2
565 551 2
529 131 2
742 118 2
60 25 1
832 800 1
611 654 1
742 1 2
1 751 1
596 35 1
673 497 2
305 612 2
537 479 1
85 765 1
93 59 2
461 137 2
89 750 2
55 458 1
22 131 1
262 502 2
149 178 1
405 574 2
126 379 2
119 13 2
59 374 1
588 9 1
194 87 2
130 643 2
73 215 2
541 434 2
288 583 1
654 11 1
30 414 2
574 473 2
458 263 2
0 655 2
129 226 2
405 257 2
236 33 2
283 790 2
297 272 1
149 464 2
356 582 2
189 777 1
256 388 2
696 811 2
331 176 1
88 734 2
216 671 2
333 597 1
311 416 2
616 92 2
644 280 2
438 425 1
749 427 1
344 755 2
86 47 2
710 157 1
811 182 2
543 248 1
268 779 1
205 662 2
760 807 1
101 411 1
425 758 2
225 809 1
284 193 1
237 535 1
517 583 2
29 564 2
308 277 2
522 420 1
745 262 1
666 541 1
613 734 1
440 194 1
252 640 2
748 69 2
112 0 1
122 323 1
782 76 1
533 306 2
616 217 2
112 73 1
655 141 2
764 670 2
626 400 1
564 582 1
786 10 1
805 224 2
675 305 1
526 415 1
795 283 1
349 162 2
601 258 1
650 453 2
225 90 2
356 489 2
731 801 1
785 84 2
223 761 2
613 774 2
811 384 2
152 171 1
503 543 1
638 440 2
620 756 2
728 774 1
516 426 1
522 152 2
225 792 2
656 347 1
517 116 2
339 488 1
668 773 2
96 686 2
139 281 1
108 486 2
52 822 1
769 78 2
448 201 1
682 625 2
374 346 2
168 353 2
253 260 2
282 268 2
848 826 1
633 411 2
440 309 2
822 771 1
771 161 2
577 195 2
43 75 1
80 847 1
417 8 2
462 410 2
108 353 1
222 730 2
426 483 1
378 125 1
808 771 2
689 236 1
421 816 2
450 255 2
460 350 1
342 116 1
373 355 2
296 489 1
650 65 1
744 471 2
102 622 1
825 608 2
700 576 1
795 108 2
520 107 2
631 406 2
430 554 1
744 808 2
232 45 1
737 423 2
284 356 1
278 726 1
571 259 1
206 10 1
710 755 2
287 823 2
101 304 1
39 632 2
527 593 1
444 654 1
721 398 2
606 78 2
569 470 1
842 20 1
643 155 1
645 491 2
394 368 1
69 500 2
403 297 2
297 365 1
210 721 2
763 480 1
717 573 2
674 64 1
68 745 1
538 333 1
831 830 1
558 643 2
636 318 1
601 272 1
176 781 1
594 182 2
602 381 1
504 4 2
164 309 2
579 675 2
669 448 2
557 484 1
212 401 2
151 357 2
468 804 1
151 665 2
822 473 2
324 624 2
146 388 2
293 572 1
279 138 2
390 410 1
546 462 1
233 107 1
599 778 1
504 404 2
129 106 2
811 470 2
27 387 2
444 75 2
695 343 2
552 497 2
634 789 2
742 314 1
543 262 1
314 541 1
507 473 2
45 819 1
156 555 2
241 95 2
192 356 1
109 337 2
354 845 2
235 47 2
595 764 2
548 738 2
800 30 1
412 250 2
527 574 2
774 721 1
488 259 1
183 448 2
232 667 1
741 539 1
489 573 1
813 49 2
572 432 1
787 14 1
758 696 2
578 669 2
619 215 2
315 832 2
735 823 2
156 356 1
271 405 2
358 19 1
274 674 2
29 802 2
703 190 2
377 503 2
569 592 1
433 751 2
839 309 1
747 769 1
309 797 2
664 107 2
30 827 1
100 342 2
602 776 1
733 379 1
506 412 1
520 721 1
412 102 1
590 15 1
60 795 1
630 537 2
634 508 1
179 560 1
593 311 1
46 652 1
204 323 2
744 350 2
261 704 1
83 308 2
4 847 1
518 402 2
75 840 2
310 255 2
486 288 2
264 615 1
447 380 1
420 767 1
643 788 2
830 330 1
151 526 2
43 182 2
494 661 1
628 255 2
813 815 2
508 819 2
297 295 1
141 100 1
815 535 2
50 271 1
310 664 1
365 105 1
290 160 2
197 63 2
340 588 2
33 322 1
285 296 2
663 300 2
836 94 1
657 463 2
191 796 2
751 655 2
266 185 2
754 431 1
758 260 1
316 343 2
785 549 1
472 812 1
376 816 1
421 205 1
585 598 1
270 840 2
391 639 2
663 410 1
259 598 1
197 849 2
560 519 2
719 245 1
167 610 1
273 170 2
689 390 2
783 471 1
747 351 1
466 587 2
451 816 2
493 593 2
13 46 2
70 444 1
547 306 1
680 453 1
437 793 1
713 273 2
500 835 1
613 37 1
777 434 2
377 8 1
13 381 1
416 727 1
460 501 1
681 608 1
178 6 1
615 308 1
315 630 2
69 340 1
154 89 2
516 703 2
662 319 1
828 392 1
766 661 1
548 30 1
684 74 2
97 637 1
419 414 1
160 599 2
696 326 2
543 142 1
287 7 1
407 540 2
484 791 1
175 349 2
384 56 2
614 839 1
653 22 1
48 56 2
756 360 1
554 836 2
153 80 2
749 611 2
809 634 2
59 651 1
521 573 1
512 475 1
85 253 1
192 160 1
789 639 2
582 22 2
50 647 1
546 576 2
792 812 2
696 211 1
253 750 2
466 743 2
266 242 2
128 5 2
811 130 2
19 484 2
377 120 2
214 503 1
545 685 1
351 322 2
127 551 2
238 622 1
402 97 1
564 580 2
766 605 1
48 506 1
575 353 1
174 15 2
213 729 2
779 694 2
4 245 2
552 564 2
589 148 1
282 794 1
804 160 1
664 680 2
551 451 1
3 743 2
36 64 2
411 814 2
323 829 2
459 491 2
299 671 1
789 510 2
4 120 1
805 269 1
224 709 2
839 477 2
23 387 1
782 745 1
187 618 1
108 552 2
390 32 2
687 28 2
387 110 1
123 634 2
718 735 2
760 166 1
213 718 2
76 718 2
500 651 2
243 261 2
326 136 2
346 832 1
639 218 1
810 37 2
518 564 2
816 250 2
258 554 2
414 714 1
714 54 1
829 837 2
573 408 1
604 742 2
45 218 1
288 342 2
588 717 1
575 245 2
764 415 1
598 700 1
460 358 1
766 140 1
207 685 1
330 203 1
184 115 2
436 584 2
633 31 1
794 844 1
560 224 1
288 555 2
537 711 1
445 755 1
462 285 2
168 146 1
457 670 2
101 253 1
54 97 2
396 510 1
228 32 1
66 397 2
755 731 2
10 660 2
628 828 1
433 0 1
25 101 2
22 310 2
554 197 1
683 238 1
393 219 1
680 252 2
682 138 2
706 356 2
386 828 1
839 83 2
457 709 1
507 804 2
267 454 1
414 183 2
216 48 2
27 470 1
70 111 2
133 331 1
455 681 2
122 120 1
452 609 2
22 237 2
678 454 1
847 597 1
794 598 2
400 87 1
335 727 2
6 352 1
59 445 1
828 513 2
344 736 1
496 12 1
524 527 1
61 619 2
628 797 2
499 570 2
733 214 1
515 581 2
823 235 1
823 786 1
310 744 2
102 688 2
685 750 2
832 434 2
263 213 2
828 845 1
635 166 2
597 177 2
451 60 2
662 796 2
563 349 1
590 206 2
139 285 1
439 37 1
83 430 1
456 370 2
340 300 2
255 313 2
802 648 2
14 480 2
123 286 1
845 446 2
608 660 2
774 692 1
635 803 1
764 624 2
159 746 1
480 790 2
707 131 2
22 227 1
63 96 2
205 61 1
545 438 1
844 702 1
55 205 1
465 292 1
509 779 1
836 219 2
188 575 2
271 45 1
308 802 1
420 53 2
208 767 2
713 103 1
707 607 2
105 180 2
555 659 2
200 744 1
627 436 2
84 774 1
562 66 2
47 749 1
584 573 1
221 741 1
565 332 2
174 70 1
817 142 2
151 756 1
50 373 1
331 759 2
353 210 2
244 531 2
269 423 2
803 821 1
300 161 2
574 412 2
820 357 1
147 476 2
408 681 2
824 560 2
247 327 2
525 778 1
292 726 1
92 11 2
759 277 2
49 620 2
301 666 2
177 685 2
125 76 2
700 352 1
457 399 2
846 592 2
218 337 1
623 650 1
790 392 1
579 846 1
55 574 2
357 498 2
200 81 1
795 534 1
539 599 1
647 544 1
383 42 2
234 601 2
545 536 2
386 671 1
482 674 1
574 431 2
399 825 1
83 192 1
664 131 1
103 59 2
638 693 2
830 479 2
450 612 2
731 23 1
393 836 1
475 629 1
486 294 1
317 507 1
562 146 1
415 286 2
130 188 2
83 789 2
467 845 1
471 478 2
501 69 2
73 535 1
465 560 2
762 398 2
215 563 1
118 796 2
246 88 1
118 135 1
704 557 2
282 162 1
427 253 1
332 132 2
243 331 1
215 343 2
215 164 2
611 154 2
391 138 2
392 604 1
82 568 2
719 447 1
448 355 2
809 274 2
351 754 2
424 197 1
665 372 1
674 825 1
653 226 2
569 286 1
525 383 1
510 582 1
39 146 1
554 285 1
777 565 1
189 725 2
149 541 2
496 421 1
354 819 2
116 319 1
509 194 2
621 119 1
99 67 1
408 268 1
282 542 2
526 590 1
711 293 1
718 724 1
209 398 2
187 326 2
309 630 2
525 767 2
662 744 1
152 729 2
625 268 1
221 622 2
197 430 1
528 625 1
308 33 1
367 52 1
468 299 1
410 570 2
585 385 2
495 185 2
456 406 1
365 108 1
514 99 1
303 288 2
401 561 2
210 276 2
126 425 1
24 731 1
692 512 2
203 465 1
456 63 2
80 500 1
106 575 1
665 288 2
827 52 2
147 276 2
311 753 2
603 822 1
294 70 1
349 703 1
2 226 1
414 78 1
515 147 2
59 263 2
820 142 2
106 418 1
796 236 1
677 686 1
680 758 2
75 543 1
109 261 2
111 731 2
772 72 1
168 426 1
58 762 1
782 350 2
670 569 1
487 389 1
408 475 1
485 605 1
848 380 2
709 787 2
161 779 2
408 81 1
338 114 1
609 438 2
405 422 2
256 12 2
260 37 1
330 172 2
379 743 2
9 278 1
730 624 1
141 172 1
687 501 1
696 440 2
663 306 2
560 418 1
703 275 1
139 131 2
195 395 1
448 680 2
582 57 1
305 597 1
468 78 2
173 694 2
661 369 1
10 126 1
674 560 2
654 611 1
787 183 2
377 343 2
680 147 2
446 619 1
489 60 2
576 706 2
757 612 2
766 112 2
773 417 1
226 163 1
25 718 1
125 389 2
734 173 1
757 655 1
556 52 2
104 640 2
503 336 1
283 710 1
477 489 1
776 453 1
200 774 1
581 330 1
551 802 1
810 126 1
841 448 2
16 817 1
748 446 2
351 199 2
68 147 1
804 829 1
276 324 1
42 479 1
135 469 1
501 241 2
422 238 2
377 122 1
722 142 1
362 209 2
88 463 1
551 450 1
714 130 1
402 747 1
795 263 1
587 101 1
654 754 2
248 490 2
443 804 2
85 793 2
691 697 2
240 31 2
676 75 2
825 724 1
619 707 2
239 717 2
24 259 1
719 655 1
694 75 2
384 86 1
725 60 2
778 543 1
598 758 2
17 285 1
150 254 1
511 739 2
425 225 1
80 84 1
475 214 1
99 250 1
345 242 1
663 223 2
92 63 2
534 405 1
441 505 2
762 777 1
459 729 2
86 762 2
152 706 1
787 500 1
456 384 2
611 807 1
424 132 1
552 300 2
758 656 2
440 460 2
593 428 1
159 392 2
280 676 1
439 36 2
425 465 1
216 139 1
261 602 1
268 57 1
624 201 2
818 168 2
28 24 2
846 315 1
551 753 2
650 25 2
761 778 1
501 800 1
214 335 1
204 524 2
409 122 1
235 393 2
280 546 2
56 727 2
611 62 1
587 77 1
287 516 1
454 226 1
19 123 1
485 606 1
403 270 2
135 617 2
547 104 2
109 620 2
325 106 1
252 343 1
704 14 1
380 561 2
422 334 1
536 361 1
255 647 1
43 528 1
108 579 2
60 793 1
368 63 1
76 448 2
747 372 1
252 760 2
589 681 1
789 541 1
528 637 1
201 274 1
321 720 1
235 86 2
835 194 2
531 156 2
375 57 1
73 521 1
70 705 2
325 446 2
89 659 1
573 344 1
453 305 2
16 597 2
195 64 1
680 62 1
594 498 1
694 132 1
307 487 2
82 255 1
96 446 2
551 573 2
562 488 1
341 434 1
322 466 1
472 293 2
382 120 2
373 201 1
628 135 1
589 103 1
818 74 1
301 843 1
331 757 1
349 687 2
490 251 1
179 204 1
303 498 1
546 748 1
296 705 1
808 643 1
115 232 1
265 454 1
572 713 2
315 759 2
836 551 1
642 133 2
34 212 2
411 284 1
499 576 2
736 582 2
822 589 1
419 275 1
282 559 1
619 663 2
180 93 1
421 554 1
741 630 1
515 157 1
122 763 2
623 247 2
481 570 2
759 511 1
85 712 1
173 332 1
206 808 2
843 846 1
722 280 1
761 513 1
210 413 1
0 465 1
43 670 1
599 587 1
317 534 2
816 791 1
215 467 2
533 234 1
145 443 1
805 187 2
799 385 2
653 358 1
164 200 2
839 657 1
780 171 2
246 539 2
178 832 2
329 758 2
377 0 1
6 845 2
604 233 2
483 663 1
423 78 1
117 760 1
73 689 1
272 224 2
802 352 2
589 91 2
648 224 2
528 709 2
308 397 2
762 497 2
802 370 2
799 670 2
134 591 1
602 30 1
32 292 1
612 470 1
701 434 2
681 790 2
348 212 1
745 604 1
225 128 1
535 411 1
95 152 1
166 781 1
741 163 1
748 282 2
549 363 1
541 454 1
816 267 2
530 567 2
751 632 1
460 724 1
83 150 1
746 359 2
474 106 2
303 299 1
555 825 1
692 597 1
287 27 1
609 129 2
260 475 2
92 164 1
501 60 1
289 239 1
328 281 1
255 446 2
276 451 1
114 274 2
87 14 2
21 790 2
274 261 2
768 686 2
228 468 2
611 118 2
170 826 1
526 446 1
602 643 1
655 342 1
118 748 1
271 400 2
149 43 2
615 334 1
581 716 2
834 281 2
824 735 1
672 498 2
257 358 1
246 808 1
316 776 2
474 413 1
378 630 1
761 271 2
91 670 1
481 31 2
676 133 2
703 148 1
687 404 1
823 150 1
281 743 1
177 690 2
377 825 1
804 246 2
317 563 1
507 30 2
299 514 2
304 643 2
497 485 1
658 445 1
387 63 2
716 355 2
762 438 2
679 501 2
471 781 1
184 424 2
223 850 1
558 282 1
136 545 1
157 750 2
698 14 1
763 175 1
519 456 2
96 801 2
705 839 2
309 627 1
310 48 2
215 463 1
457 323 1
401 465 2
54 564 2
90 825 2
794 752 1
80 684 1
753 469 2
343 496 1
426 492 1
603 488 2
497 189 1
138 405 1
642 374 2
805 443 1
641 462 1
312 591 1
65 408 2
100 34 1
164 402 2
607 200 1
767 473 1
459 192 1
126 772 2
667 736 2
272 412 2
526 668 2
132 362 1
832 241 2
57 121 2
399 138 2
808 362 2
373 741 2
460 442 1
216 466 1
643 427 1
14 49 2
464 65 1
340 299 1
346 436 2
562 230 1
732 185 2
87 355 2
568 570 2
230 518 1
39 117 1
813 56 1
57 103 2
364 251 2
168 360 1
775 605 2
755 129 1
251 280 1
412 251 2
187 722 1
747 435 1
735 495 1
143 292 1
164 464 2
661 384 1
312 509 2
711 385 2
829 495 2
571 358 1
47 667 2
394 547 2
108 577 2
648 677 1
34 343 1
680 121 2
81 106 1
447 270 2
176 847 2
257 699 1
285 785 1
490 665 2
272 34 2
177 712 1
431 495 1
267 390 2
462 380 1
94 136 1
520 545 1
566 544 1
334 654 1
707 523 2
253 515 2
166 177 1
427 781 2
747 109 1
581 151 2
361 729 2
70 593 2
519 192 1
209 658 1
841 226 2
656 214 1
158 84 1
604 547 1
660 534 1
153 368 2
577 44 1
188 390 1
611 842 1
77 604 2
132 667 1
141 472 1
539 609 1
176 243 1
167 800 1
751 590 1
725 767 2
275 127 2
473 112 1
518 760 2
126 775 1
2 356 2
212 267 2
89 695 2
24 501 1
722 735 2
355 380 1
722 749 2
538 663 1
768 148 2
674 758 2
199 31 2
242 600 2
139 602 2
762 250 1
819 775 2
32 647 1
260 144 1
337 658 1
514 64 2
649 145 1
640 480 2
440 503 2
816 50 1
246 589 2
28 2 2
288 158 1
586 80 1
675 596 1
218 296 1
493 58 2
91 39 1
781 584 2
280 420 1
376 30 1
729 120 2
669 843 1
432 471 1
255 131 2
777 713 2
60 675 2
161 309 2
527 435 1
125 168 1
598 232 2
817 783 2
570 742 1
238 152 2
588 626 2
803 827 1
486 397 2
346 681 1
30 382 2
829 718 1
16 408 1
639 825 1
689 456 2
549 424 1
819 163 1
793 653 1
241 276 1
198 456 1
404 655 1
661 683 2
573 668 2
650 805 1
75 303 2
341 194 1
17 827 2
770 848 2
449 474 2
349 252 1
7 454 2
579 195 1
347 738 2
584 252 1
28 695 2
241 707 1
526 238 1
557 848 2
123 736 2
681 618 2
649 85 1
26 25 1
840 370 2
90 247 2
250 754 2
627 539 1
537 249 2
145 446 2
763 154 1
790 781 2
629 310 2
242 433 2
713 569 1
623 156 1
176 294 1
465 371 2
202 265 1
342 603 2
401 587 1
758 309 1
815 811 2
244 759 1
670 838 1
371 641 1
421 77 2
511 625 2
213 593 2
822 456 2
613 679 1
665 834 1
8 791 2
566 414 2
18 587 1
29 464 1
370 790 1
308 829 2
528 175 2
163 784 2
751 529 1
847 214 1
649 799 2
842 440 1
810 220 2
528 605 1
101 302 1
201 229 1
627 288 2
402 827 2
462 126 2
423 195 2
706 506 1
81 551 1
300 209 2
488 533 2
318 468 1
223 381 1
441 141 2
838 23 1
152 777 2
526 88 2
11 205 2
278 531 1
619 766 2
438 641 1
89 479 2
327 599 2
696 671 2
124 168 2
314 169 2
559 182 2
226 605 1
124 583 1
99 471 1
543 580 2
844 400 1
584 723 1
611 719 1
679 213 2
703 710 1
2 714 1
257 460 2
420 594 2
706 847 1
4 384 2
268 475 1
671 495 2
540 472 1
370 130 2
847 674 1
601 185 2
782 697 2
126 207 1
664 436 1
655 613 1
689 473 2
813 432 2
558 113 2
503 546 1
576 704 2
572 224 1
573 777 2
642 708 1
156 515 2
683 677 1
64 563 2
91 657 1
242 584 1
518 86 1
678 749 1
400 107 2
795 674 2
677 405 1
116 799 2
820 499 2
256 725 1
85 158 1
742 589 1
548 125 1
156 637 1
43 151 2
481 832 1
94 758 1
264 42 2
429 25 1
422 561 2
389 72 2
649 618 1
626 255 2
11 124 1
828 139 1
43 161 1
405 100 1
784 142 1
702 432 2
379 348 1
382 278 1
798 571 1
507 294 2
526 522 2
207 419 2
504 849 1
422 804 1
88 60 1
22 408 2
379 311 1
452 665 2
812 478 2
845 310 1
605 631 1
241 316 1
447 695 2
275 13 1
470 8 1
735 36 2
244 371 1
441 191 2
459 562 1
839 407 2
264 401 2
276 814 1
187 572 2
123 152 1
559 270 2
583 105 1
189 736 2
529 235 2
349 713 2
373 366 1
675 679 1
498 444 1
687 336 1
163 52 2
768 515 1
477 592 2
411 806 1
626 597 2
443 202 1
171 635 2
16 836 2
26 638 2
818 101 2
579 281 2
583 117 1
147 264 1
275 340 1
7 776 1
708 846 2
768 29 2
588 815 1
394 695 2
219 421 2
538 639 2
538 797 2
495 738 1
297 751 1
307 97 1
659 437 1
584 426 2
81 50 2
167 27 2
260 192 1
323 22 2
392 655 1
507 699 2
26 141 2
672 61 1
576 790 2
810 115 1
264 286 2
333 119 1
358 331 1
60 587 2
789 446 1
349 709 1
803 361 2
446 668 2
580 724 1
218 15 2
669 288 2
407 537 2
332 785 2
94 642 1
763 55 1
284 87 2
662 370 1
374 104 2
453 290 2
711 757 2
738 93 1
616 15 2
357 91 2
659 91 1
65 470 1
567 788 1
233 258 1
354 533 2
22 118 2
397 373 2
804 194 1
296 482 1
88 78 1
574 360 1
32 826 1
737 383 2
687 33 2
143 589 2
740 302 2
609 41 2
625 307 1
796 338 1
747 411 1
238 222 1
104 633 2
597 628 2
5 478 2
232 189 1
783 53 2
754 505 2
728 263 2
753 281 2
752 746 2
671 137 2
354 558 2
568 251 1
769 778 1
292 675 1
808 8 1
680 554 1
208 559 1
528 233 2
442 315 1
190 83 1
531 446 1
194 422 2
359 62 2
640 484 2
434 830 1
713 5 2
152 214 1
555 608 1
537 416 2
233 685 2
350 145 1
713 556 2
408 276 1
649 403 1
584 705 2
250 94 2
702 488 2
137 186 1
747 162 2
493 672 2
207 19 1
387 843 1
95 267 1
586 321 1
404 354 2
450 411 1
643 646 1
433 95 2
779 830 2
790 395 1
729 372 1
670 563 2
788 358 2
246 170 2
12 850 1
527 679 1
600 803 2
420 191 1
75 798 1
619 824 1
783 647 2
417 581 2
281 155 1
746 394 1
273 124 2
850 567 2
452 138 1
36 674 2
326 440 1
765 353 1
122 829 2
518 115 2
32 245 1
649 114 2
127 639 2
714 340 1
782 826 2
519 586 2
51 834 1
232 543 1
224 248 1
88 594 1
146 451 2
672 704 2
183 510 1
826 395 2
222 5 2
833 425 1
782 370 1
710 366 1
525 744 2
791 730 1
222 653 1
245 732 1
715 246 1
282 671 2
167 639 2
693 333 1
766 372 1
222 827 1
124 448 2
647 552 1
60 657 1
780 119 1
577 458 2
227 451 2
271 802 1
466 451 2
47 138 2
665 615 1
392 363 1
524 401 1
143 652 1
620 534 1
107 706 2
323 246 1
204 268 2
44 202 1
684 340 2
198 599 2
46 478 1
257 430 2
545 731 2
730 112 2
161 296 1
224 231 1
563 74 1
844 837 1
239 270 1
431 806 1
168 841 1
529 230 1
234 544 2
396 630 1
72 820 2
799 398 2
531 6 1
244 693 1
617 619 1
594 649 2
405 482 2
710 817 1
736 555 2
24 454 2
514 749 2
717 374 2
436 487 1
268 175 2
718 18 1
590 780 2
646 352 1
358 198 2
741 731 2
799 96 2
519 453 2
578 346 2
243 655 2
319 340 2
334 460 1
284 666 2
287 182 2
638 572 1
783 824 1
465 76 2
571 701 1
558 150 2
90 674 1
812 317 2
428 418 2
74 223 2
586 329 1
811 478 1
519 779 1
760 496 1
182 1 1
292 135 1
419 398 1
471 79 2
239 387 2
323 654 1
163 227 2
755 258 2
724 596 1
735 47 2
61 4 1
602 426 2
563 847 2
486 20 1
843 264 2
342 536 2
129 274 1
818 603 1
188 708 2
74 495 1
836 62 2
637 293 1
126 769 2
606 314 2
209 602 1
496 632 2
742 12 2
97 305 1
773 633 1
50 631 1
514 335 2
544 748 2
640 490 1
746 827 1
34 613 2
230 807 2
100 539 1
740 387 2
438 449 2
576 835 2
510 284 1
40 829 1
528 517 1
804 406 2
414 623 2
169 533 2
638 40 1
447 61 1
232 513 2
534 640 2
715 771 1
108 106 2
48 0 2
257 367 2
244 205 2
463 700 1
670 582 1
413 272 1
536 517 2
144 604 1
217 564 1
483 524 1
160 91 2
838 231 1
137 551 2
208 324 2
768 705 2
138 701 1
400 345 1
283 334 2
419 330 1
763 723 2
35 844 2
166 475 1
50 593 2
649 533 1
98 220 1
756 202 1
171 765 2
297 580 2
520 722 1
51 569 2
259 580 1
577 181 1
239 553 1
805 284 1
204 384 1
333 456 2
841 244 2
176 789 2
625 329 1
198 42 1
447 82 2
20 204 1
447 804 2
172 36 1
88 92 2
392 165 1
498 648 1
779 105 2
495 630 2
540 338 2
690 367 1
70 94 2
340 688 1
454 352 2
780 467 2
822 556 1
466 730 2
731 843 2
12 356 2
746 26 2
130 291 1
361 57 2
154 79 1
645 799 2
341 234 1
618 148 1
812 597 1
730 448 1
233 824 1
774 594 1
652 24 2
545 584 2
564 202 1
322 202 2
18 186 2
58 118 2
375 659 1
695 605 1
198 12 1
273 337 2
758 511 1
487 125 2
532 250 1
47 432 2
623 826 1
652 309 1
101 553 2
726 500 1
101 648 1
594 818 1
351 391 1
537 490 1
334 520 2
435 748 1
522 317 2
157 329 2
379 378 2
714 576 2
598 755 1
456 523 1
629 343 1
394 500 2
783 451 2
260 570 1
565 404 1
194 68 1
839 625 2
10 309 1
695 228 2
360 576 1
317 190 1
471 312 2
693 94 2
256 599 1
43 751 1
475 156 1
222 158 2
438 831 1
233 93 1
204 97 1
566 154 1
596 577 1
746 524 2
367 586 2
287 367 1
677 255 1
138 188 2
770 193 2
627 712 1
299 625 1
802 728 1
448 137 2
58 174 1
399 670 1
707 800 1
433 59 2
185 351 2
77 202 1
210 407 1
585 237 2
377 360 1
668 285 2
170 12 1
61 845 1
570 688 1
234 206 2
819 306 2
547 849 1
438 198 2
575 658 1
830 184 2
30 740 2
770 281 1
748 449 1
597 813 2
248 208 1
540 258 1
641 559 2
575 559 2
19 539 1
56 323 2
620 600 1
247 635 1
495 345 1
427 159 1
469 362 1
212 175 1
181 231 1
96 167 2
413 253 2
251 412 1
438 316 1
828 461 2
685 414 2
235 180 2
299 408 1
687 199 2
680 13 2
242 612 1
145 241 1
614 44 1
203 190 2
79 666 2
243 263 1
221 646 2
144 404 2
361 336 2
706 603 2
230 520 2
158 379 1
845 593 1
30 137 2
703 698 2
340 472 2
547 759 2
46 406 1
597 287 1
372 454 2
803 848 2
27 764 2
181 748 2
765 427 1
742 113 1
99 771 2
788 755 2
331 717 2
122 512 2
821 694 1
356 707 2
330 516 1
5 46 1
652 694 1
451 701 1
313 839 2
597 648 2
74 588 1
0 512 2
338 144 1
418 789 2
359 637 1
287 101 2
71 801 1
566 488 1
260 137 1
559 117 2
566 387 2
818 760 2
526 279 2
711 155 2
526 538 2
732 138 2
256 438 2
712 227 2
389 244 1
182 364 2
151 273 1
63 38 2
225 681 1
214 84 1
515 104 1
447 601 1
310 175 2
384 565 2
706 487 1
717 156 2
744 426 1
803 501 2
223 769 1
714 541 1
48 665 1
801 240 2
747 689 1
395 588 2
274 767 2
245 682 1
47 584 2
577 816 2
524 749 1
175 503 2
807 519 1
343 283 1
167 166 2
332 796 2
471 510 1
128 106 1
240 462 1
631 476 2
385 377 1
355 48 2
20 511 1
538 395 2
235 453 1
530 771 2
418 312 1
698 190 1
645 263 2
678 586 2
536 232 2
534 823 1
248 710 1
170 454 2
743 746 2
248 249 1
390 431 1
225 496 1
209 605 1
573 340 1
596 333 2
679 386 2
440 788 2
260 377 1
800 775 2
780 135 1
105 372 1
665 629 1
633 8 1
312 615 1
527 831 1
365 737 1
387 716 2
657 790 1
632 235 1
584 668 2
178 785 1
414 356 2
799 773 2
408 381 1
421 722 1
322 429 2
640 703 1
816 344 1
63 237 2
666 151 1
654 483 2
575 406 2
100 469 1
507 5 2
166 832 2
365 284 2
41 695 2
388 522 1
646 515 2
503 218 2
136 267 2
379 414 2
283 570 2
450 766 1
622 280 1
303 107 1
53 778 1
470 384 2
189 546 1
725 519 1
345 535 1
6 801 2
605 536 1
356 845 2
215 400 1
21 193 1
254 140 2
220 174 2
105 120 1
540 557 1
584 295 1
276 492 2
389 707 2
32 52 1
746 56 2
431 303 1
310 277 1
746 525 1
804 731 2
11 660 1
298 523 1
481 166 1
676 333 1
716 221 1
395 813 2
569 44 2
139 244 2
811 453 2
406 443 1
537 292 2
199 769 2
595 273 2
323 219 2
237 315 1
819 403 1
30 194 2
705 753 1
114 367 2
353 834 1
433 733 2
132 167 2
149 190 1
730 634 2
278 32 2
41 838 1
786 634 1
410 684 1
561 507 1
523 516 2
552 481 2
539 566 2
261 616 1
638 70 1
350 278 2
775 140 2
402 536 2
85 207 2
31 372 2
116 148 2
432 305 2
83 248 2
395 103 2
552 467 2
520 552 2
427 832 2
283 517 1
611 775 2
340 420 2
597 351 1
513 836 1
719 255 2
783 223 2
711 216 2
795 804 1
16 708 1
726 140 1
752 195 2
724 203 1
202 785 1
227 109 1
536 15 1
171 239 2
605 394 2
414 753 1
765 751 1
284 342 1
122 413 1
530 149 2
478 789 1
418 348 1
731 219 1
495 782 2
26 595 2
766 642 2
398 193 2
850 169 1
263 534 2
196 836 2
382 692 2
307 287 2
629 241 2
767 658 1
490 404 1
197 14 2
554 151 1
786 162 2
478 283 1
100 367 2
275 603 1
395 226 2
100 762 1
830 645 1
443 217 2
211 848 1
673 650 1
475 800 2
82 789 2
16 63 2
367 220 2
204 817 2
598 308 1
694 724 1
16 301 1
463 177 1
605 137 1
560 717 2
840 170 2
561 334 2
830 774 2
660 127 1
308 619 1
105 526 1
120 701 1
40 808 1
600 113 2
542 221 2
288 104 1
470 303 2
542 665 1
423 609 1
630 570 1
151 725 1
118 72 2
571 184 2
551 412 1
608 84 2
580 794 1
217 2 2
689 504 2
45 617 1
87 692 2
622 139 1
260 73 2
490 342 1
794 347 1
778 173 2
469 842 1
275 66 2
435 96 2
789 263 2
252 143 2
826 180 1
349 301 2
388 286 2
578 638 2
146 666 1
163 441 1
838 661 1
54 791 1
101 734 2
525 174 1
308 3 1
567 150 2
30 231 2
442 41 2
493 136 2
181 87 1
716 377 1
537 681 2
254 845 1
296 504 1
18 648 2
312 586 1
129 775 2
559 114 2
209 503 1
591 472 1
348 128 1
106 350 2
385 611 1
41 323 2
299 190 2
186 78 2
210 639 1
795 327 1
24 297 2
840 792 2
763 673 2
63 427 1
406 289 2
144 595 2
281 482 2
377 198 2
705 72 1
769 532 2
267 533 1
517 746 2
308 91 2
714 123 1
484 326 1
138 101 1
175 619 1
283 69 1
203 577 1
247 316 2
275 394 1
292 326 1
325 215 2
71 693 2
360 496 2
585 528 2
88 228 2
657 465 2
489 636 2
452 476 2
568 501 1
279 747 2
227 239 1
478 687 1
16 30 2
465 417 2
435 554 1
388 802 2
536 626 1
249 491 1
254 286 1
193 103 2
449 154 2
759 286 2
611 733 2
811 641 1
630 196 2
782 194 1
233 538 1
598 43 2
681 539 1
253 60 1
373 571 2
546 263 2
47 101 2
67 758 2
708 267 1
206 147 2
155 358 2
272 757 2
497 91 1
519 95 1
307 79 2
803 525 1
647 535 2
584 383 1
64 436 1
749 344 1
21 633 2
283 422 1
294 303 2
479 422 2
150 840 2
604 627 1
157 117 1
130 635 1
830 121 2
324 753 2
499 146 2
149 714 1
600 830 2
318 213 2
532 425 1
581 835 1
440 580 1
162 829 2
726 739 2
141 811 2
191 406 1
595 576 1
131 609 1
834 453 2
235 313 1
187 343 2
467 706 2
475 564 1
10 454 2
356 735 2
216 447 1
54 444 2
414 580 1
314 52 1
172 561 2
148 171 1
35 680 2
796 632 1
600 685 1
416 685 2
52 11 1
658 757 1
533 13 2
821 277 1
7 266 2
833 847 1
523 56 2
420 771 1
432 827 2
705 193 2
39 672 1
380 522 1
10 457 2
290 607 2
445 179 1
328 287 1
491 78 1
814 238 1
301 7 2
89 488 2
755 275 1
317 387 1
458 689 2
163 345 1
205 137 2
410 689 2
765 223 2
559 260 1
708 762 2
482 502 1
387 592 2
408 315 2
663 264 1
203 771 1
652 480 2
435 334 1
66 177 1
845 654 2
799 468 2
326 406 1
287 393 2
531 268 2
568 89 2
413 187 1
596 784 2
730 11 2
42 834 1
778 749 1
796 790 2
261 848 2
563 8 1
850 426 2
519 207 1
721 577 1
253 283 2
711 311 1
348 744 1
325 380 1
482 87 1
528 335 1
520 525 1
198 781 1
131 309 2
708 146 1
163 783 1
156 389 1
550 776 2
611 649 2
521 803 1
398 394 1
156 600 2
696 357 2
590 721 1
283 214 1
713 674 1
132 557 1
113 158 2
719 178 1
176 103 1
195 458 2
846 754 2
649 810 2
752 249 2
433 576 2
49 101 2
14 377 1
104 562 2
214 753 1
733 266 2
476 345 2
684 365 2
759 610 2
622 499 1
568 344 1
172 567 2
197 814 2
51 218 1
330 496 1
121 842 1
595 119 2
795 666 1
116 670 2
776 561 2
399 169 2
402 160 1
321 662 1
602 808 1
157 238 1
729 737 1
603 776 2
790 574 1
779 163 2
263 456 1
9 547 1
382 44 1
489 528 2
675 711 2
583 796 1
469 416 2
116 227 1
204 491 2
286 176 1
333 443 2
562 229 1
787 43 1
258 734 1
107 590 1
782 743 2
719 219 1
366 87 2
591 576 2
99 112 2
373 345 2
745 674 2
168 119 2
520 147 2
198 133 1
478 651 1
572 301 1
208 698 2
568 537 2
547 151 2
57 473 1
375 304 2
84 77 2
103 545 2
53 44 1
167 147 1
485 465 2
787 19 2
368 386 1
376 375 1
493 838 1
496 452 2
343 116 1
804 254 1
403 146 1
494 22 1
401 274 1
192 769 1
655 172 1
107 576 1
737 271 2
607 70 1
303 32 1
366 557 2
495 429 1
78 107 2
331 137 1
552 121 1
201 88 2
690 410 2
228 70 1
620 502 1
342 728 1
18 76 2
598 134 2
373 254 1
699 583 2
237 447 1
384 213 2
380 810 1
495 329 2
422 827 2
364 635 1
142 560 2
261 676 1
46 333 1
332 365 1
670 211 1
579 13 2
410 252 2
397 698 1
64 775 1
241 837 1
712 745 1
658 248 1
794 0 2
393 636 1
565 76 1
60 1 2
459 49 1
850 736 1
513 372 2
802 457 2
818 693 1
335 366 1
806 278 1
436 119 1
293 273 1
833 117 2
548 218 1
472 796 1
844 842 2
761 330 1
670 749 2
739 822 1
834 649 2
198 342 2
809 695 2
401 64 1
455 360 2
844 288 1
706 805 1
672 52 1
798 152 2
394 455 1
96 595 2
713 769 1
791 638 1
778 832 1
17 352 1
535 751 2
772 221 2
63 432 2
624 300 2
483 500 2
524 687 1
352 181 2
681 290 2
48 211 1
404 303 2
843 135 2
586 845 2
61 126 2
346 635 1
311 704 2
431 72 1
530 117 2
382 417 1
391 456 1
308 102 1
614 120 2
804 569 1
16 380 2
615 286 2
688 321 1
133 134 1
179 527 1
646 9 2
361 25 2
451 226 1
405 796 1
741 584 1
24 710 2
120 649 1
15 165 1
453 506 2
748 184 2
130 345 1
689 683 2
348 611 1
350 640 1
843 55 2
550 559 2
564 346 1
761 95 2
624 448 1
743 794 1
517 563 1
168 588 1
754 814 1
544 803 1
756 417 1
131 222 1
100 815 1
705 417 2
182 100 2
714 757 2
770 218 2
73 98 2
53 775 1
237 171 2
776 833 2
73 76 2
49 440 2
609 501 1
435 20 2
257 411 2
839 816 2
105 556 1
237 734 2
652 550 2
264 442 1
792 100 1
673 818 2
519 505 1
822 386 2
311 632 1
841 389 2
402 725 2
822 508 1
316 211 2
424 830 2
14 264 2
70 824 2
548 294 2
484 782 2
98 530 1
251 87 1
540 46 2
170 165 2
257 342 2
602 65 1
98 364 2
236 621 2
31 735 2
11 178 2
615 789 2
596 197 2
561 69 1
73 218 1
707 105 2
323 735 1
661 53 1
67 510 2
0 100 1
38 110 1
480 402 1
193 666 2
85 321 1
847 659 2
118 833 1
184 553 1
124 229 1
744 144 2
447 146 1
738 722 2
724 409 1
838 201 2
457 676 2
583 612 2
703 567 2
607 231 1
275 540 2
331 400 1
715 725 1
303 694 1
731 840 1
44 626 1
161 106 2
264 696 1
394 548 2
313 705 1
216 445 2
379 452 1
366 117 2
615 191 1
389 447 2
217 408 1
666 492 1
255 731 2
384 601 1
815 658 2
679 432 1
450 471 2
95 175 2
535 166 2
636 786 1
670 350 2
608 595 2
79 149 1
280 438 1
548 103 1
295 501 2
602 123 2
485 492 2
427 448 1
324 787 2
738 762 1
625 838 1
844 20 1
548 520 2
50 604 2
377 56 1
802 434 1
696 182 1
451 363 1
409 58 1
77 468 2
691 275 1
422 737 2
727 679 2
412 710 1
817 160 1
436 139 2
547 441 2
361 779 2
648 807 2
550 678 2
278 40 2
100 19 2
838 598 2
788 24 2
443 314 2
76 358 1
358 490 2
650 14 2
76 86 1
320 389 2
638 737 2
726 166 2
275 166 2
424 564 1
683 187 2
824 479 2
323 138 2
496 538 1
292 695 2
806 839 2
322 128 1
741 330 1
258 35 2
183 261 2
218 438 1
183 562 2
457 554 2
316 319 2
473 284 2
679 674 1
86 568 2
609 703 2
86 189 2
640 693 1
175 768 1
279 788 2
388 438 2
528 80 1
470 487 1
439 827 1
403 471 1
529 58 1
849 635 1
71 584 1
417 111 1
232 848 1
230 362 1
654 227 1
817 490 2
86 679 2
788 216 2
381 358 1
430 400 1
429 539 1
546 101 2
559 718 1
622 611 1
94 334 2
679 828 1
630 232 2
655 490 2
577 15 1
477 230 2
753 708 2
760 64 2
715 79 1
199 357 1
213 605 2
423 171 2
825 714 2
439 811 2
646 546 2
505 127 1
759 556 1
711 198 1
525 93 2
736 412 1
552 605 1
47 356 1
144 389 1
594 154 2
383 352 2
271 608 1
277 637 1
370 156 2
715 377 2
165 605 1
721 372 2
461 532 1
258 513 2
753 172 2
764 646 1
595 749 2
657 411 1
467 446 1
569 174 1
447 34 1
407 571 1
625 212 1
785 282 1
724 426 2
802 495 2
450 552 2
765 670 2
741 286 1
441 521 1
664 143 2
783 462 1
627 92 2
737 78 2
700 806 1
751 359 2
666 351 2
60 650 2
525 403 2
704 723 1
126 374 1
664 61 2
446 316 1
467 718 1
76 820 1
445 447 1
456 517 1
0 319 1
809 82 2
466 378 2
340 456 2
795 844 1
643 290 2
185 428 2
569 466 2
31 134 1
170 753 2
565 93 2
235 818 1
529 293 2
167 472 1
751 723 2
594 266 1
150 697 2
156 632 2
15 245 2
803 406 1
248 462 1
115 256 1
475 510 2
755 184 1
620 243 1
752 639 1
382 686 1
821 666 2
379 1 1
661 158 2
724 347 2
454 791 2
531 118 1
430 552 2
398 79 1
374 178 2
779 120 2
745 798 1
432 144 1
121 94 2
530 107 2
540 268 2
475 183 2
395 297 2
286 625 1
442 784 1
419 455 1
475 177 1
667 516 1
55 806 2
48 483 1
323 811 1
73 319 2
45 294 1
368 121 2
210 263 1
742 622 1
47 516 1
831 68 1
311 692 2
44 427 2
226 757 2
315 620 2
264 183 2
106 315 1
16 209 1
669 54 2
54 5 1
780 477 1
848 38 1
496 426 2
776 57 2
116 569 2
753 731 2
43 314 1
614 334 2
801 833 1
420 619 1
265 830 1
390 379 2
411 267 2
835 148 1
588 529 1
152 251 1
572 355 1
450 550 1
44 280 1
763 256 1
9 813 2
593 208 1
250 796 2
277 498 1
547 216 2
338 157 1
690 281 1
247 9 1
54 178 2
746 350 1
454 302 1
531 462 2
653 379 2
452 354 1
305 207 1
64 137 2
626 372 2
331 618 2
10 271 2
27 466 1
478 428 1
564 626 2
565 311 1
465 211 1
156 181 2
247 133 2
168 507 1
660 225 2
352 641 2
798 664 1
334 431 2
774 367 1
367 7 2
559 616 2
507 26 1
157 594 2
508 528 1
521 391 1
520 23 1
324 306 1
558 569 2
191 678 1
68 353 2
239 688 2
90 833 1
213 510 2
228 714 2
233 27 1
672 671 2
451 485 1
25 626 2
701 212 1
837 112 2
131 672 2
367 59 2
427 408 1
402 127 1
843 18 1
30 342 2
264 787 2
507 324 1
621 849 2
134 107 1
485 28 1
107 655 1
409 587 1
461 505 1
462 620 1
178 424 2
204 324 1
551 155 2
681 362 2
28 213 1
138 57 2
842 493 1
380 370 1
769 610 2
264 258 2
694 360 1
814 297 2
144 145 2
422 343 1
427 85 2
815 48 2
839 383 2
693 825 1
20 509 2
600 88 2
139 526 1
309 704 1
327 510 1
795 556 2
840 92 2
450 150 2
402 5 1
741 509 1
128 380 1
461 723 1
20 453 2
224 173 1
484 464 1
626 627 1
30 560 1
238 595 1
492 187 2
608 805 1
733 543 1
44 621 2
783 479 2
580 703 1
657 205 2
563 727 1
729 845 2
475 295 1
765 561 2
747 382 1
581 804 1
637 39 1
521 133 1
254 722 2
134 329 1
91 413 1
218 561 2
573 143 2
285 139 2
422 674 2
218 639 2
242 404 2
762 67 1
275 220 1
662 95 1
563 697 2
135 209 2
774 554 1
188 62 1
474 28 1
730 181 2
179 639 1
439 140 1
522 599 2
810 547 2
530 735 1
551 210 1
380 772 1
664 471 2
485 650 2
388 488 2
483 531 2
599 7 2
291 255 1
833 703 2
405 722 2
60 0 1
71 352 2
403 56 1
583 600 2
196 75 2
584 718 2
559 763 1
832 139 2
166 380 1
384 817 2
789 677 2
463 477 2
845 297 2
178 117 1
757 688 2
755 390 1
582 97 2
385 841 1
652 129 1
734 189 2
242 649 2
287 153 2
664 202 1
286 188 2
667 556 1
267 741 1
101 172 1
287 420 1
727 489 2
774 326 2
480 404 2
651 498 2
767 609 1
267 500 2
708 670 2
702 671 1
772 58 1
638 537 1
197 150 1
246 437 1
26 27 1
428 760 1
413 408 2
806 738 1
209 320 1
788 448 1
281 16 2
443 524 2
793 229 1
526 182 2
57 585 2
739 168 2
559 795 2
273 238 1
340 116 2
58 230 1
435 189 2
813 744 1
399 320 2
620 126 2
638 141 1
843 12 1
835 690 2
126 372 2
711 651 1
696 240 1
745 73 1
99 603 2
544 829 1
306 529 1
723 518 1
61 507 2
542 237 1
398 84 1
447 537 2
644 550 2
214 140 2
470 294 2
405 474 1
497 188 2
213 824 1
173 587 2
48 302 1
823 476 2
370 188 2
705 426 1
4 516 1
308 446 2
158 20 1
472 91 1
184 94 1
350 692 2
442 49 1
608 68 2
392 88 1
493 232 2
39 699 1
215 815 1
215 328 2
595 812 1
685 61 2
350 563 1
411 388 2
795 757 1
274 738 1
141 247 1
402 21 1
841 105 2
546 15 2
43 271 2
395 783 1
14 285 2
568 626 1
9 41 2
373 430 1
23 179 1
274 683 2
447 709 1
461 31 2
308 36 2
748 75 2
43 196 2
836 66 1
712 708 2
170 481 1
673 735 1
765 366 2
52 415 2
311 751 2
416 783 2
850 348 2
762 506 2
113 684 1
429 414 2
662 329 2
421 707 1
109 478 1
182 670 1
207 733 2
589 198 2
235 778 1
427 312 2
478 269 2
126 301 1
153 641 2
466 303 2
134 16 2
806 789 1
676 147 1
529 685 2
781 368 2
343 408 2
264 16 1
53 448 2
262 375 1
494 811 1
145 591 1
631 112 1
797 710 1
103 214 2
387 775 2
129 460 1
444 425 1
620 700 1
311 399 2
132 323 2
643 801 2
512 737 1
202 553 1
235 727 1
374 156 1
695 442 2
129 380 2
840 97 2
258 219 2
82 593 2
358 103 1
431 282 1
794 596 2
83 620 2
654 389 2
775 488 2
550 675 2
201 754 2
321 142 1
450 549 1
585 795 1
109 809 1
836 432 2
794 819 1
502 359 2
243 601 1
19 613 1
814 626 2
123 812 2
272 213 1
598 259 1
737 742 2
443 755 2
48 172 2
188 242 2
438 557 2
113 651 1
785 323 2
724 425 2
688 782 2
513 331 2
475 87 2
739 748 2
108 85 1
510 440 1
37 621 1
567 20 1
725 124 2
749 263 2
532 813 2
767 715 1
248 535 1
463 777 2
708 603 2
140 289 2
52 534 2
543 490 2
833 158 2
348 538 2
784 675 2
298 30 1
397 136 2
522 352 1
656 433 1
421 87 2
533 4 1
254 19 1
763 823 2
568 720 1
547 741 2
625 375 2
814 847 2
231 532 2
812 758 1
204 81 2
140 566 2
520 601 2
353 379 2
759 172 1
63 468 1
834 698 1
451 570 1
339 183 2
688 340 2
284 768 2
361 226 1
703 230 2
496 351 2
255 24 1
723 719 1
220 513 1
550 230 2
639 240 1
556 594 2
574 331 2
770 227 2
645 606 2
270 435 1
813 787 2
655 690 2
70 370 2
234 94 1
514 466 2
408 651 2
498 693 1
754 551 1
228 770 1
583 32 2
793 459 2
480 308 2
566 335 2
427 551 2
487 499 2
415 374 2
759 720 1
539 24 1
553 368 1
206 845 1
74 332 1
419 87 2
660 791 1
301 837 2
659 266 2
251 552 2
18 181 1
189 331 1
196 604 1
693 11 1
516 799 1
232 298 2
615 167 2
294 208 2
67 205 1
748 315 2
606 420 2
262 513 1
632 669 1
756 570 2
738 505 2
553 753 1
728 351 1
559 537 1
446 36 1
162 459 1
501 505 1
54 122 1
622 325 1
246 537 1
736 607 1
192 131 2
564 385 1
646 200 1
457 802 2
161 93 2
678 326 1
217 444 2
227 470 1
85 401 1
399 811 1
296 216 2
7 351 1
458 518 1
375 626 2
79 146 1
636 430 2
366 509 2
208 536 2
130 308 1
303 355 2
604 784 2
570 400 2
784 665 1
473 186 2
226 140 2
159 22 1
4 696 2
538 408 1
145 465 2
60 102 1
634 438 1
442 390 2
356 36 1
107 537 1
56 445 1
317 651 2
95 760 1
658 454 2
706 384 2
754 243 1
511 43 1
253 833 1
356 362 2
648 378 2
234 218 2
662 311 1
668 317 2
501 481 1
563 750 2
63 189 2
764 490 1
353 846 1
127 297 2
599 570 2
384 844 2
845 727 2
259 76 2
745 81 2
813 645 1
46 36 2
597 814 1
239 157 2
735 393 2
295 552 2
40 684 1
349 288 1
802 473 1
643 342 1
218 329 2
800 620 1
349 639 2
424 495 1
378 652 1
148 721 1
735 814 2
74 301 2
379 787 1
419 538 2
446 467 1
496 807 1
816 174 1
793 736 1
798 43 1
347 48 2
391 797 2
706 686 1
438 43 2
136 385 2
207 157 2
487 121 1
848 770 2
606 691 2
443 631 2
472 828 1
409 717 2
243 291 1
625 706 2
608 674 2
841 687 1
585 68 1
491 392 2
472 123 2
66 678 1
223 532 1
335 203 2
93 612 2
574 807 2
286 751 2
157 796 1
462 639 2
607 461 2
796 381 2
353 566 2
492 166 2
590 668 1
182 735 2
744 758 1
193 73 2
611 498 1
618 681 1
563 283 2
296 475 2
268 844 1
49 64 1
103 206 1
104 803 1
452 630 2
726 674 1
168 779 2
438 321 1
281 147 1
445 745 1
244 726 2
820 664 2
214 765 1
491 774 1
187 613 1
370 681 1
642 434 2
597 229 2
209 501 2
47 773 2
177 119 2
31 737 1
682 631 2
828 492 2
610 520 1
189 825 2
519 608 2
827 294 2
334 540 1
526 636 2
309 791 1
25 719 2
247 405 1
119 693 1
188 111 1
687 358 2
422 528 2
271 194 1
206 176 2
355 451 1
258 819 2
41 239 1
140 599 1
55 128 1
814 290 1
423 34 1
378 67 2
468 410 1
493 370 2
252 243 2
138 503 2
196 621 1
32 79 1
64 357 2
777 750 2
692 215 1
257 482 1
17 295 2
731 734 2
677 19 2
450 214 2
229 262 1
661 47 2
392 440 1
554 115 1
107 444 1
400 767 2
199 792 2
37 401 1
733 647 1
20 679 1
476 105 2
164 824 2
152 172 1
733 657 1
353 763 2
544 77 2
664 372 1
440 393 2
420 256 2
220 834 2
774 246 2
368 11 1
296 722 2
137 59 1
431 195 1
386 204 1
401 19 2
642 839 2
825 175 1
788 710 2
621 525 2
663 626 1
292 106 2
440 18 1
112 314 2
339 625 2
89 486 2
451 224 2
738 416 1
282 258 1
585 449 1
694 120 1
230 263 2
60 108 1
842 276 1
649 473 1
279 602 1
37 630 2
766 838 1
138 240 2
221 543 1
308 328 1
563 493 1
75 621 1
207 312 2
116 398 2
157 469 2
832 770 1
727 607 2
291 438 2
695 384 1
384 331 2
427 628 1
488 559 1
833 334 1
245 279 2
178 577 1
531 325 2
101 341 1
157 755 1
446 793 2
546 643 2
638 750 2
85 839 1
91 83 2
479 465 2
798 84 1
325 335 2
134 451 1
461 778 2
158 114 1
345 379 1
684 789 1
477 351 2
730 613 2
458 500 2
667 376 1
81 226 1
12 365 1
710 406 2
837 572 2
623 393 2
575 550 2
562 720 1
806 712 1
279 46 2
575 381 1
606 407 2
470 209 2
750 463 2
208 485 2
382 551 1
0 151 2
382 101 1
21 699 2
757 17 2
206 287 2
846 448 1
362 503 1
657 524 2
617 384 1
788 133 1
602 380 2
590 775 1
406 414 1
811 508 1
444 763 2
146 677 2
304 836 2
33 317 1
576 31 1
505 735 2
690 45 1
449 174 1
87 593 2
578 43 1
286 218 1
757 139 1
557 532 1
756 345 2
261 250 1
378 130 1
375 191 1
838 680 2
206 473 1
253 148 2
140 422 2
433 588 2
55 616 1
658 115 1
776 778 1
432 212 1
177 402 2
716 272 2
619 705 2
14 112 1
766 808 1
78 696 1
118 402 1
593 508 1
70 747 2
355 493 1
195 649 1
460 823 2
464 775 2
576 714 2
168 112 2
37 849 1
712 612 1
372 766 2
241 778 1
577 793 2
667 79 2
218 509 1
191 379 1
784 847 2
540 219 2
550 695 1
786 771 1
295 683 2
546 831 1
739 259 1
66 242 2
455 420 2
222 459 2
741 405 2
620 369 1
593 695 2
281 368 2
444 514 2
598 526 1
699 94 1
377 523 2
515 656 2
80 329 1
629 470 2
253 264 2
51 737 2
600 652 2
744 766 1
15 132 1
124 723 1
565 303 2
361 238 2
594 108 1
288 304 1
166 101 2
843 388 2
629 360 2
218 816 2
333 725 2
225 403 2
674 532 1
413 842 2
33 496 1
665 543 1
521 128 2
464 33 1
649 713 1
816 611 1
185 19 2
739 437 2
37 76 2
127 384 2
75 511 1
144 845 1
208 790 1
78 453 2
766 807 2
422 787 1
603 534 1
476 407 2
621 75 2
503 44 2
558 241 1
447 286 1
249 228 1
458 283 1
269 613 1
111 583 2
427 47 1
751 644 2
595 166 1
291 123 2
66 199 1
65 693 1
508 586 1
410 690 1
69 254 2
234 461 1
803 607 1
341 33 2
538 428 1
691 639 2
604 622 2
557 259 2
225 539 1
232 457 2
785 9 1
556 726 2
331 733 2
652 605 1
534 182 2
138 331 1
539 522 1
134 229 1
253 447 1
681 768 2
538 831 2
62 784 2
89 69 1
388 651 1
15 364 2
791 772 1
646 61 1
667 266 1
538 664 1
352 72 1
602 238 2
735 836 1
152 91 2
493 110 2
71 847 2
656 142 1
356 427 2
525 815 1
640 625 1
488 810 1
34 32 1
226 675 1
820 298 2
748 577 2
598 466 2
734 652 2
697 803 2
689 506 2
596 458 1
105 238 1
346 690 2
727 686 2
759 102 2
533 238 1
102 512 2
507 559 1
520 383 2
850 805 1
414 224 1
620 132 1
631 325 1
425 729 2
463 288 2
211 483 1
801 691 2
237 231 2
625 41 1
77 53 1
827 361 1
656 145 2
654 806 2
34 352 2
376 566 1
570 717 2
389 439 2
117 600 1
82 338 1
222 430 2
643 109 2
192 174 2
535 503 2
705 335 2
395 154 1
522 330 1
63 124 2
472 247 2
231 622 2
522 850 2
732 709 2
829 328 1
397 423 1
72 153 1
794 746 1
569 785 1
712 403 2
241 780 2
284 441 2
804 431 1
544 417 2
609 437 1
204 838 1
641 49 1
429 140 1
480 507 2
457 786 1
272 484 1
701 566 2
698 442 1
260 202 2
112 84 2
24 711 2
221 596 2
252 102 1
202 395 1
202 597 1
669 674 1
439 169 2
226 706 1
419 747 1
71 390 2
241 260 1
284 770 2
217 499 2
612 301 1
594 508 2
770 464 1
742 48 2
355 297 1
295 72 2
318 734 2
147 82 1
190 735 2
847 32 1
40 231 1
100 799 1
424 601 1
338 427 1
648 765 1
728 396 2
834 25 1
363 270 1
602 687 2
765 303 2
605 345 2
171 832 2
467 580 2
146 136 1
328 808 1
220 417 1
388 811 2
399 615 2
410 481 2
711 153 2
227 353 2
646 485 1
519 332 2
426 585 1
538 113 2
610 191 2
570 67 2
602 163 1
823 545 1
473 563 2
218 587 2
245 480 1
15 61 2
15 373 1
468 814 1
138 458 2
214 726 1
186 223 2
707 593 2
828 50 1
524 490 1
270 604 1
483 238 1
582 428 2
245 697 2
610 448 1
104 392 2
230 727 2
244 364 1
850 720 1
96 281 2
695 784 2
713 189 2
326 378 2
848 33 1
830 414 2
450 344 1
692 154 2
156 157 2
506 208 1
473 244 1
669 349 2
719 815 2
703 383 1
720 267 1
761 552 2
810 2 2
801 119 2
464 91 1
587 632 2
114 324 1
404 165 2
97 455 2
23 403 1
778 208 1
845 208 2
28 95 2
28 508 2
223 289 1
151 549 2
225 61 1
582 768 1
93 645 2
667 708 1
278 346 2
243 500 1
589 192 2
207 153 1
214 567 2
534 800 2
678 480 2
562 110 2
487 239 1
345 41 2
224 276 1
543 497 1
235 506 1
545 6 1
676 573 1
699 243 2
221 279 2
226 585 1
42 496 1
788 207 1
803 724 2
842 294 1
440 210 2
634 656 1
62 376 2
488 720 1
785 686 1
257 469 1
76 94 1
587 640 1
88 800 2
372 591 1
312 477 1
739 823 1
125 219 1
555 607 1
357 490 1
281 775 2
652 771 1
485 428 2
238 102 2
585 245 2
642 517 1
695 126 2
365 449 1
543 631 1
12 166 2
389 621 1
385 459 2
653 328 2
622 528 2
214 775 2
827 149 2
359 599 1
396 596 1
0 96 2
90 632 2
372 561 2
309 254 1
770 850 2
204 485 1
262 88 2
63 301 1
401 586 1
309 757 2
0 30 1
474 51 2
556 674 2
412 690 2
307 750 1
553 114 1
615 621 2
528 180 1
800 464 2
427 69 1
686 103 1
115 539 2
51 603 2
572 652 1
619 173 1
708 443 1
643 24 1
661 206 1
23 465 2
271 823 1
318 558 2
835 736 1
847 255 2
725 778 1
635 199 2
332 349 1
486 562 1
693 679 1
409 283 1
786 725 2
202 255 1
201 147 2
260 35 2
137 234 2
265 261 2
465 316 2
741 143 1
73 117 1
550 189 2
490 509 2
539 145 1
661 461 1
54 434 1
672 21 1
743 591 1
46 91 1
95 714 1
659 512 2
377 798 2
643 772 1
550 413 2
166 179 1
539 259 2
699 268 1
575 100 1
300 487 1
5 81 1
773 665 2
603 551 2
532 522 2
418 407 1
178 90 1
465 775 2
837 608 1
714 333 2
593 772 2
227 24 1
548 568 1
589 632 1
437 784 2
431 708 1
217 337 2
661 489 2
736 407 2
735 638 1
81 92 2
306 222 2
410 40 1
801 192 1
480 8 2
178 237 1
317 720 1
461 16 1
527 133 1
786 122 1
51 840 1
696 34 2
193 807 2
548 396 2
796 154 2
131 171 2
537 178 2
230 709 2
48 600 2
726 85 1
133 260 1
334 825 1
599 473 2
271 266 2
614 404 2
640 657 2
5 315 2
115 683 2
410 598 2
728 649 2
331 263 2
229 588 2
807 270 2
792 631 2
43 755 1
763 811 1
82 773 1
88 592 2
706 42 2
654 155 2
201 123 1
83 679 2
214 204 2
384 24 1
792 740 1
625 795 2
813 292 1
553 309 2
773 714 2
316 646 1
456 283 1
603 632 2
367 45 2
396 657 2
770 383 2
159 755 1
573 283 2
383 679 2
419 422 2
43 308 1
549 290 1
283 261 2
100 21 1
285 116 2
314 241 2
239 650 2
37 718 1
651 676 1
231 419 2
734 812 2
132 626 1
406 257 2
453 631 2
93 818 1
840 706 1
204 51 1
776 541 1
273 638 2
751 417 1
387 507 2
739 544 1
52 226 2
309 514 2
117 284 1
540 246 1
768 636 2
149 114 2
541 408 1
107 394 1
569 177 1
591 506 1
740 814 2
345 10 1
265 100 2
655 839 1
507 331 1
214 192 2
329 154 1
549 744 2
252 758 2
80 792 1
452 181 1
608 9 2
59 537 2
403 692 1
799 159 2
513 385 2
757 111 1
510 453 1
420 431 1
155 839 2
565 187 2
562 512 2
669 382 1
26 674 2
180 112 2
729 575 2
481 131 2
86 134 1
520 519 2
714 259 2
61 192 1
560 743 1
98 699 2
237 205 2
754 432 1
802 54 2
788 550 2
148 128 1
788 202 1
198 277 1
72 73 2
729 135 2
541 168 1
199 112 1
507 616 1
715 375 2
163 9 1
503 696 2
580 138 1
699 713 2
615 425 1
709 538 2
173 261 2
36 310 1
199 185 1
527 690 1
793 447 2
682 575 1
616 712 2
291 649 2
372 452 1
27 159 1
416 787 1
664 199 1
850 38 2
531 589 2
669 67 2
153 396 2
598 464 1
629 581 2
721 262 2
20 631 2
56 403 2
748 348 1
422 292 1
511 418 2
485 148 2
450 739 2
775 512 1
205 33 1
793 17 1
365 227 2
507 521 1
229 144 1
392 729 1
427 560 2
215 29 1
740 619 2
446 126 1
707 778 2
822 722 1
322 108 1
397 259 1
771 541 2
81 716 1
826 384 2
635 159 2
611 0 2
781 700 1
117 128 2
432 721 1
589 143 1
524 604 2
289 458 2
828 657 1
84 100 2
814 359 1
326 436 1
805 321 1
637 309 1
120 234 1
325 573 2
691 266 2
209 241 1
553 274 1
390 784 1
586 398 1
368 154 1
764 735 1
825 314 1
526 525 1
354 711 1
86 575 1
55 182 1
174 184 1
564 775 2
438 170 1
137 462 1
683 372 1
672 545 2
115 130 1
763 359 2
190 559 1
845 380 2
451 653 2
608 458 2
243 38 2
841 806 1
420 422 2
790 42 2
270 480 2
361 566 1
556 777 2
406 541 1
14 39 2
238 520 1
579 685 1
709 222 1
161 271 1
589 340 2
446 152 2
419 212 2
163 188 1
574 152 2
108 713 2
176 804 1
108 626 1
169 823 1
738 414 2
223 468 1
117 305 1
102 145 1
121 436 2
573 280 1
134 611 2
221 427 2
749 540 1
836 749 2
718 636 1
433 726 2
743 429 1
100 770 1
494 490 1
763 426 2
651 344 2
326 35 1
778 661 1
322 627 2
145 29 1
470 89 1
615 185 1
525 624 1
630 385 2
363 745 1
654 820 1
457 308 2
648 557 1
691 236 1
825 424 1
170 496 1
39 0 2
179 846 1
361 384 1
297 772 2
683 841 2
286 72 2
669 364 1
67 682 1
555 144 2
83 675 2
596 108 2
644 51 2
62 672 2
184 97 1
542 613 2
831 79 2
382 715 1
458 779 2
765 254 2
221 347 1
281 130 1
541 830 2
424 357 2
774 259 1
605 743 2
227 575 2
21 461 2
625 617 2
44 120 1
133 813 2
155 380 2
736 482 1
66 104 2
812 402 1
759 400 2
415 640 2
713 14 1
233 446 2
560 666 2
826 482 1
517 553 1
672 818 1
676 162 2
3 2 2
801 275 2
515 465 2
142 717 1
566 206 2
135 508 1
172 697 1
322 364 1
62 845 1
520 191 1
54 47 1
681 108 1
50 202 2
502 664 2
264 730 1
285 215 1
629 144 1
631 280 2
480 642 2
583 790 1
703 90 1
848 236 2
588 323 1
765 245 1
304 423 2
688 445 1
58 721 1
166 579 2
815 615 2
32 587 2
195 82 2
201 125 2
486 663 1
101 178 1
739 334 2
533 257 1
100 516 2
414 669 2
444 44 1
188 552 1
342 761 1
48 559 2
590 766 1
199 412 1
516 601 1
743 353 1
753 330 2
644 302 1
459 94 2
687 822 1
198 523 2
183 413 1
97 641 2
26 478 2
466 284 1
598 519 1
682 418 2
744 590 2
359 755 1
180 768 1
638 65 2
426 23 2
345 193 2
643 583 2
825 713 2
582 462 2
781 167 1
108 385 1
217 94 2
758 812 1
624 119 1
246 448 2
350 119 1
100 186 2
232 566 2
190 143 2
241 97 2
28 235 2
66 380 1
807 445 2
489 286 2
473 618 1
822 199 2
786 369 2
571 486 2
114 152 2
658 283 1
128 319 1
549 749 2
754 456 1
107 468 2
390 13 1
15 237 2
545 264 1
696 129 1
737 526 2
442 293 1
710 17 2
474 481 1
743 642 1
104 302 1
388 543 2
427 554 1
221 652 1
376 394 1
262 255 2
40 197 1
685 74 2
626 223 2
556 662 1
646 783 1
55 729 2
531 560 2
89 165 2
758 819 2
456 826 2
114 19 2
145 688 1
486 658 1
465 467 1
284 305 2
307 12 2
50 347 1
845 65 1
832 473 1
350 651 2
624 762 2
452 149 2
110 614 1
76 517 1
130 208 1
598 738 1
188 320 2
322 129 1
70 541 2
252 150 1
399 654 1
787 764 2
645 360 1
68 273 1
113 400 1
692 412 2
233 679 2
682 563 1
232 151 2
572 428 2
261 655 1
826 655 1
506 106 2
69 759 1
775 629 1
557 526 1
248 287 2
312 362 2
242 47 1
265 207 1
690 768 2
186 504 2
95 611 1
809 798 2
353 527 2
607 348 1
289 639 1
581 748 2
127 136 1
516 53 1
783 198 2
732 526 2
150 545 2
46 584 1
298 77 1
371 427 2
572 627 1
518 372 1
433 244 2
776 376 1
631 729 1
185 279 2
199 208 2
28 81 2
701 595 2
447 312 2
843 155 1
450 263 2
260 414 2
21 484 1
40 365 2
749 728 1
622 756 1
263 548 2
796 1 2
158 446 1
752 177 1
815 59 1
579 379 2
38 168 1
83 211 2
142 165 2
721 821 2
188 641 1
625 144 2
99 838 2
368 382 2
358 46 1
122 667 2
234 424 2
50 630 1
198 135 1
684 578 1
545 460 1
596 311 2
377 55 1
699 773 1
469 556 2
733 471 2
265 653 1
131 104 2
145 846 2
447 421 1
109 44 1
368 433 2
264 19 1
164 445 2
700 0 1
782 517 1
580 109 1
35 286 1
371 844 1
366 5 2
838 279 2
641 224 1
678 471 2
478 66 1
665 706 1
767 384 1
307 378 2
61 760 2
25 699 1
349 409 1
453 711 1
812 684 1
628 285 1
302 702 1
256 582 2
644 704 1
286 435 2
769 426 2
68 760 2
571 843 1
656 731 1
392 54 2
655 512 2
362 339 1
795 617 1
787 107 1
773 44 2
226 783 1
533 88 1
80 53 1
703 528 1
328 35 1
633 317 2
537 32 1
258 560 2
602 805 2
425 497 2
741 173 2
371 214 2
314 232 1
93 258 1
77 61 1
320 539 1
685 600 1
25 712 2
170 490 1
106 235 1
115 461 1
468 718 2
449 761 2
513 252 1
504 472 2
234 118 2
249 328 1
118 226 2
550 203 2
642 267 2
108 87 1
729 206 2
339 843 2
480 90 1
194 407 1
626 482 1
210 717 2
684 503 2
234 1 2
583 735 2
550 237 2
430 264 1
294 669 2
714 616 1
681 797 2
572 688 1
451 814 1
579 558 1
530 15 1
797 47 2
573 311 2
629 280 2
408 87 2
329 554 2
592 247 1
320 560 1
805 615 2
587 322 2
710 674 1
284 620 2
79 350 2
125 409 1
842 736 2
307 374 1
527 658 2
236 59 1
235 776 1
4 549 1
92 812 2
46 605 1
562 203 1
136 278 2
183 509 1
693 815 2
479 833 1
64 801 2
466 617 1
315 147 2
615 357 1
710 133 2
411 243 2
774 746 2
741 790 1
290 361 1
842 329 2
458 667 2
291 312 2
26 811 2
842 215 1
822 706 1
92 178 2
272 93 2
77 158 1
415 442 1
364 685 1
9 822 1
479 431 1
683 565 1
339 750 2
373 72 2
625 27 1
544 719 1
324 420 1
659 27 2
636 325 1
586 272 2
573 811 1
71 176 2
581 519 2
829 805 2
150 835 1
123 263 2
127 593 2
505 603 1
65 476 2
780 360 2
610 737 1
831 705 2
491 238 1
782 488 1
386 99 2
459 641 1
417 280 1
424 453 2
216 219 1
273 608 1
395 609 1
634 537 2
601 297 2
68 280 2
737 772 2
595 649 2
533 510 2
39 749 1
427 711 1
464 47 2
462 173 2
626 392 1
144 451 1
67 681 2
7 167 2
193 215 2
590 540 1
287 513 2
726 167 1
547 192 2
652 845 1
574 702 2
69 816 2
625 340 2
599 425 1
593 592 2
567 434 1
581 524 2
180 46 1
396 488 2
808 502 1
771 347 2
562 633 1
521 619 1
204 289 1
74 293 2
456 455 1
268 59 2
371 459 1
365 577 2
725 389 2
412 781 1
632 165 2
72 465 1
842 355 2
338 227 1
388 525 1
291 501 1
534 727 1
106 41 1
536 483 2
757 10 2
848 39 1
839 11 2
483 564 1
348 296 2
60 617 1
162 826 1
105 354 1
425 738 1
596 372 2
70 688 1
746 682 1
830 424 2
431 433 2
442 313 1
533 583 1
390 708 2
190 172 2
249 789 2
291 481 2
221 142 2
161 308 2
343 6 2
669 640 2
279 702 2
352 644 2
230 278 2
260 382 2
348 536 2
188 564 1
755 735 2
600 541 2
278 739 1
161 491 1
550 55 2
375 477 1
353 420 2
136 38 2
773 396 2
101 189 2
708 239 2
801 714 1
545 241 2
449 18 1
538 233 1
405 153 1
581 692 1
709 394 1
770 20 2
381 25 1
240 94 1
381 166 2
739 141 2
146 440 1
628 409 1
137 13 2
195 610 2
55 120 1
237 70 1
173 207 1
417 138 1
42 138 1
392 502 1
805 314 1
191 461 1
717 428 2
809 623 1
553 381 1
515 28 2
594 733 2
561 521 2
117 4 2
759 144 2
140 211 2
749 29 2
438 616 2
311 759 2
474 376 1
582 75 1
213 235 1
400 684 1
788 715 2
194 293 2
506 470 2
589 60 2
508 206 1
111 6 2
429 658 2
709 288 1
847 578 1
769 286 1
528 743 1
150 248 1
572 4 1
615 18 2
801 617 2
249 646 1
494 602 2
650 546 1
444 495 2
311 834 2
421 62 2
360 330 2
616 222 2
785 28 2
266 612 1
535 374 2
731 195 1
554 522 2
608 483 1
630 291 1
717 748 2
111 771 2
169 303 2
400 413 1
811 245 2
447 218 1
141 219 2
673 99 1
182 8 1
53 464 1
152 316 2
632 260 1
758 741 2
228 98 2
848 628 2
165 314 2
668 482 1
186 445 1
834 712 2
761 749 2
685 836 1
731 493 2
180 338 1
508 606 1
22 834 1
292 846 2
403 476 1
231 691 2
340 672 2
254 524 1
264 242 1
612 752 2
513 210 2
384 173 2
706 659 1
404 306 1
263 267 2
677 353 1
178 192 2
489 10 1
368 280 1
753 201 2
814 108 1
782 713 1
276 780 1
9 426 2
759 732 2
458 744 1
592 145 1
541 841 1
393 666 2
147 485 2
446 403 1
355 238 2
208 332 2
494 713 1
441 559 2
646 656 2
758 72 1
309 208 1
634 402 1
508 387 2
758 94 1
272 401 2
634 774 1
80 545 2
55 809 2
553 320 1
405 309 1
577 75 1
260 439 1
831 554 2
42 434 1
346 54 2
622 207 2
552 742 2
327 358 1
76 467 2
692 646 2
225 195 1
218 9 2
37 162 2
815 152 2
482 431 1
294 734 2
655 636 2
379 247 2
64 43 2
149 360 2
579 98 2
20 512 1
265 556 2
474 727 1
260 170 1
562 11 2
635 732 2
289 189 1
775 593 1
198 440 2
439 317 1
734 443 1
38 381 2
356 346 2
103 573 2
141 445 2
431 552 2
546 177 2
628 21 1
792 56 2
374 233 2
293 264 1
796 694 1
724 717 2
174 448 2
375 200 1
770 506 1
350 415 2
131 649 2
355 683 2
577 775 1
734 421 1
610 707 1
329 109 2
830 527 2
726 788 2
162 694 1
633 425 2
224 179 1
744 652 1
389 199 2
559 538 2
549 663 1
235 454 1
493 780 1
247 569 2
710 488 2
665 465 1
472 81 2
325 184 1
514 538 1
256 780 1
752 583 2
592 136 1
448 181 1
11 378 2
206 360 2
198 107 1
110 42 2
667 844 1
580 765 2
676 577 2
171 770 1
840 375 1
788 474 1
73 531 2
167 118 1
365 342 2
728 239 1
397 399 1
254 10 1
484 12 2
674 729 1
596 678 1
672 585 1
796 753 2
662 774 1
482 717 2
304 106 2
41 34 1
263 295 1
594 351 1
669 204 1
121 765 1
645 77 1
637 632 1
698 137 2
463 52 1
28 147 2
210 563 2
312 192 2
623 82 1
586 727 1
139 828 2
110 659 1
63 536 1
836 240 1
536 209 1
352 788 2
592 749 2
521 92 2
258 213 1
834 667 2
116 348 1
9 287 1
203 709 2
42 671 2
160 447 1
264 168 2
698 833 2
639 526 1
564 706 2
104 689 2
448 815 1
623 684 2
440 58 1
507 502 1
663 325 2
679 138 2
715 229 1
712 142 1
222 167 2
752 598 2
342 489 1
684 167 2
72 545 2
724 15 2
445 222 2
753 592 2
466 246 2
640 103 2
254 344 2
225 737 2
306 36 1
8 437 1
307 835 2
663 4 2
402 6 1
544 846 2
463 367 2
819 67 2
643 49 2
142 327 1
161 762 2
468 32 2
275 779 1
373 801 1
291 117 2
672 185 1
579 160 2
18 704 1
294 205 2
751 648 2
578 163 2
834 133 2
286 741 1
632 421 1
185 255 2
680 614 2
839 508 2
730 676 2
157 720 2
470 272 2
329 388 2
251 86 2
129 446 1
590 500 2
32 681 2
310 397 2
174 60 1
437 573 1
236 203 2
758 266 1
123 821 2
598 628 2
801 161 1
623 231 1
408 149 1
724 403 1
205 776 2
798 171 2
21 402 1
588 166 2
400 505 1
489 525 2
554 616 1
323 416 1
804 641 1
259 189 1
598 323 1
78 565 1
209 799 1
611 426 1
528 669 2
121 191 1
782 665 2
283 827 2
670 325 2
503 567 2
621 72 2
222 270 1
757 761 2
485 320 2
593 54 2
470 758 1
104 295 2
496 403 2
86 284 1
86 107 1
386 369 2
558 757 2
601 795 2
600 137 2
175 477 2
462 48 2
475 738 1
41 209 2
37 683 1
603 206 2
23 590 2
753 504 2
10 441 1
494 82 1
591 725 1
134 671 2
799 616 2
8 363 2
618 188 1
661 401 1
561 645 2
544 834 1
38 177 1
29 341 2
563 18 1
111 684 1
74 532 1
260 795 2
429 340 1
103 136 1
68 667 1
1 813 1
86 283 2
401 6 1
326 640 1
241 90 1
212 382 2
667 576 1
73 144 1
16 122 2
661 832 2
195 506 1
122 192 2
329 202 2
36 593 2
236 136 2
139 54 2
200 796 1
627 198 1
504 370 1
398 221 2
579 390 1
289 54 2
492 655 1
835 160 1
782 214 2
116 457 1
255 462 2
421 446 2
352 148 1
607 323 2
615 426 1
734 658 2
589 751 1
660 822 2
797 252 1
184 358 2
246 755 2
620 99 1
56 766 1
61 563 2
100 77 1
138 800 1
676 277 2
495 769 1
324 107 1
563 23 2
432 170 2
832 699 1
658 377 2
466 208 1
93 344 1
446 546 2
5 635 2
484 153 2
394 450 1
229 89 2
693 434 2
177 754 2
268 282 2
715 395 2
797 368 1
362 85 2
795 72 1
462 804 1
199 493 1
109 219 1
324 781 2
87 291 2
78 31 2
262 564 2
495 25 2
444 245 1
135 390 1
271 397 1
596 850 2
252 300 1
622 237 1
256 615 1
40 605 2
38 751 1
546 843 1
245 815 1
417 824 2
474 522 2
546 673 2
554 252 2
295 117 2
251 506 2
745 718 2
141 631 1
446 646 2
149 789 2
580 91 1
276 394 2
491 498 2
278 684 2
659 168 2
628 746 1
219 611 2
295 598 1
224 664 2
68 823 2
515 603 1
276 611 2
570 455 2
470 339 1
849 206 1
171 403 2
715 162 2
231 776 1
38 249 1
715 533 2
93 456 1
457 829 2
53 791 2
592 407 1
19 46 2
530 125 2
176 732 1
750 6 1
669 46 2
137 248 1
65 500 2
249 178 1
41 822 2
221 651 1
453 479 1
308 0 2
384 107 1
757 143 2
581 603 2
335 180 2
391 56 1
355 775 1
444 829 2
734 109 2
243 19 2
819 787 2
491 298 1
638 542 2
88 437 1
155 842 1
17 5 1
144 338 2
444 27 1
747 698 2
300 75 2
638 823 2
240 600 1
27 695 1
631 247 2
330 163 2
490 241 1
581 782 1
68 384 1
121 343 2
767 654 2
584 462 2
575 283 2
364 259 1
341 18 1
61 69 1
29 847 2
767 678 1
326 131 2
38 291 2
789 86 1
287 579 2
695 158 2
657 165 1
53 103 1
230 689 1
145 713 1
52 342 2
491 778 1
478 91 1
28 764 2
710 579 1
248 120 2
84 835 2
768 198 2
313 89 1
424 643 2
833 705 1
144 709 2
557 147 2
259 224 2
672 378 2
4 213 1
163 553 1
242 744 1
625 174 1
578 701 2
43 241 1
554 847 1
614 731 2
524 532 2
355 224 2
655 517 1
385 766 1
650 141 1
219 595 1
363 697 2
294 329 2
598 28 2
326 845 1
584 616 2
750 416 2
547 228 2
599 693 1
10 178 2
799 101 1
234 5 2
159 807 2
616 357 2
567 579 1
193 429 2
210 176 2
255 671 2
5 232 2
228 421 2
773 697 1
151 138 2
755 798 1
761 510 2
732 413 1
797 143 2
477 50 1
466 195 2
799 744 1
233 105 2
672 339 2
52 243 1
191 289 2
423 751 2
477 697 2
805 840 1
84 428 2
697 141 1
421 592 2
419 115 1
180 65 2
105 68 2
75 574 1
162 138 2
772 256 1
292 254 2
634 647 2
374 73 1
680 679 1
61 190 2
575 35 1
3 215 1
710 750 1
86 2 2
773 63 2
485 493 2
818 45 1
519 816 1
526 468 1
638 126 2
88 322 2
580 40 2
181 449 2
565 428 2
278 111 1
687 601 2
726 92 2
285 685 1
585 308 1
76 490 1
836 726 2
651 77 1
572 202 2
151 569 1
547 519 2
534 650 2
247 21 1
788 472 2
200 282 2
393 193 1
93 160 2
399 744 2
775 456 2
99 482 1
690 493 1
719 768 1
754 413 2
305 696 1
792 801 1
241 162 2
536 611 1
758 799 2
730 89 2
426 177 1
752 581 1
679 849 2
698 263 1
590 238 1
811 417 2
181 15 2
56 499 2
290 650 1
725 355 2
181 735 1
211 12 2
600 314 2
247 3 2
408 226 1
147 732 1
825 58 1
120 622 2
558 460 1
539 147 1
183 718 1
392 490 2
272 330 2
507 4 1
167 578 2
315 774 1
789 521 1
461 328 1
49 635 2
41 132 1
806 629 2
367 288 1
155 569 2
98 400 1
344 631 2
83 757 2
509 697 2
824 379 2
96 182 1
49 408 2
543 75 2
512 660 2
788 141 2
516 819 1
591 261 1
445 532 1
626 46 1
221 758 1
207 285 1
456 584 1
1 757 2
716 575 1
632 774 2
271 413 2
630 722 1
598 238 2
544 480 1
663 519 2
92 14 2
680 473 2
15 113 1
28 86 1
46 193 1
533 734 2
42 776 1
811 299 1
292 454 2
527 172 2
451 475 2
391 424 2
757 649 1
642 542 2
384 644 2
606 766 1
846 324 2
332 14 2
443 122 2
367 306 2
622 137 2
687 781 2
69 765 2
336 343 2
526 130 1
474 533 2
568 126 2
407 415 2
437 691 2
111 480 1
357 142 2
488 484 2
505 655 1
105 258 1
220 265 2
477 56 2
418 86 2
82 635 1
345 164 1
262 540 1
445 286 1
114 48 2
646 165 2
847 322 1
394 442 1
751 614 1
131 795 2
19 602 1
840 403 2
304 760 1
716 620 1
657 694 2
612 18 1
705 162 1
100 382 1
629 642 2
328 327 1
808 64 2
244 828 2
531 81 2
502 276 1
486 772 1
383 501 1
783 57 2
815 100 2
527 791 2
795 530 1
254 55 1
275 837 2
701 339 2
574 561 2
480 7 1
845 761 2
206 637 2
300 514 2
520 797 1
340 735 2
336 98 1
583 785 1
460 253 2
786 368 2
442 746 1
83 255 1
115 236 1
208 212 1
206 648 1
748 824 1
305 132 1
78 344 2
482 236 1
440 698 1
10 94 2
322 424 2
385 2 2
845 241 2
327 125 2
617 747 2
397 763 1
412 303 1
282 219 1
126 280 2
678 119 2
143 203 1
321 159 1
156 701 1
31 73 2
296 361 1
173 402 2
302 153 1
71 473 1
458 632 2
446 28 1
171 319 1
275 786 2
310 436 1
473 591 2
471 224 1
429 461 2
770 11 2
778 319 1
798 177 2
353 708 2
623 763 2
299 600 1
304 378 2
362 231 2
97 8 1
734 630 1
616 214 1
579 717 2
522 561 2
760 92 2
586 213 2
248 42 2
135 330 2
525 262 1
553 378 2
334 705 2
533 409 1
399 291 2
97 604 2
508 623 1
277 301 1
267 254 1
676 646 1
370 207 2
60 201 1
714 14 2
218 419 2
530 151 1
35 333 1
355 266 1
290 265 1
530 673 1
235 146 1
268 481 2
414 477 1
760 72 2
722 218 2
10 69 1
127 507 2
844 164 2
141 18 1
708 270 1
298 72 2
725 326 2
478 356 1
764 493 1
112 397 1
742 237 1
145 698 1
338 393 2
650 474 2
463 166 2
665 279 1
237 281 2
750 225 1
402 680 1
548 88 1
689 189 2
549 507 1
351 721 1
833 235 2
670 530 2
83 720 1
170 639 2
107 480 1
737 552 1
43 135 1
45 97 1
237 427 1
42 657 1
503 817 1
787 176 2
667 43 2
546 423 1
633 450 1
393 349 2
837 604 2
351 547 1
513 371 1
752 145 2
223 724 1
558 106 1
624 93 1
455 435 2
764 204 1
409 456 1
260 270 1
614 819 2
386 76 1
18 146 1
112 400 2
631 630 1
619 563 2
363 349 2
648 651 1
809 472 1
137 811 2
199 552 1
573 158 2
73 717 1
463 402 2
447 331 2
333 504 1
761 489 2
367 596 1
343 597 2
649 826 2
296 25 1
246 828 2
352 831 1
119 287 2
759 132 2
471 578 2
455 275 1
553 829 1
634 719 2
80 440 1
691 571 2
383 442 1
709 617 2
768 592 2
33 377 2
547 249 1
41 253 2
84 736 2
94 444 2
413 720 2
22 57 2
473 135 2
176 571 1
37 526 2
0 614 1
661 711 2
284 409 2
797 300 1
720 241 2
651 679 2
651 9 1
612 616 2
27 449 1
171 341 1
640 273 1
757 434 2
34 308 1
48 125 1
373 618 2
235 641 2
728 376 2
149 801 2
790 454 2
756 445 1
366 524 2
161 695 2
208 186 1
485 693 1
638 748 1
436 214 2
139 441 1
804 68 1
269 602 1
413 182 1
480 312 1
298 455 2
182 478 1
365 112 2
795 163 2
192 169 1
166 25 1
104 434 1
24 528 2
284 48 1
398 251 2
360 538 1
553 262 2
733 610 1
485 806 1
216 574 2
416 617 1
527 573 1
577 468 2
109 235 1
659 167 2
171 273 2
729 21 1
563 469 2
669 140 1
442 226 2
604 279 2
451 238 2
376 143 1
650 327 1
611 413 1
565 637 2
200 275 2
846 485 2
722 813 1
723 33 2
785 270 2
838 599 1
578 539 1
224 734 1
340 759 1
217 171 1
428 294 1
336 206 1
184 30 2
625 295 1
260 794 2
220 596 1
226 448 2
605 353 2
313 77 1
379 724 1
367 762 1
105 88 2
329 77 2
848 287 2
753 650 1
530 810 2
287 703 1
301 667 1
337 10 1
383 109 2
232 761 2
4 815 1
364 139 1
168 816 1
103 311 1
114 670 1
225 571 2
108 623 1
74 460 1
849 775 1
125 26 1
806 746 1
22 547 1
665 741 2
26 529 1
377 348 1
19 0 1
430 711 1
668 541 2
704 616 1
480 226 1
555 812 1
647 511 2
818 128 1
829 327 1
805 263 1
367 312 2
726 306 2
487 268 2
524 815 2
653 324 1
69 102 1
467 147 2
166 414 1
415 547 1
412 694 2
501 716 2
252 648 2
830 770 2
289 443 2
693 752 2
744 408 1
337 653 1
678 370 2
224 494 2
428 336 2
421 167 2
767 48 1
677 144 1
339 799 1
675 642 2
594 462 1
317 237 2
272 292 1
425 825 1
556 416 2
1 72 2
749 330 1
309 62 1
463 252 1
837 643 1
63 735 2
629 543 1
369 817 1
567 684 1
13 198 1
99 510 1
277 61 1
89 93 1
449 752 1
524 660 1
260 367 1
445 591 2
126 336 1
178 262 1
831 575 2
275 725 1
554 402 1
671 412 2
717 507 2
712 548 1
696 847 1
45 602 1
775 291 2
617 235 1
299 537 1
267 303 1
453 36 1
106 708 2
34 182 1
478 725 2
149 485 1
356 644 2
371 688 2
106 608 2
453 131 2
783 148 2
627 97 1
172 265 1
631 417 1
88 662 1
397 691 2
373 143 1
596 230 2
270 40 1
719 473 1
552 264 1
496 595 2
392 153 1
32 285 2
647 99 2
755 300 2
592 186 2
203 726 1
523 674 1
367 370 1
827 804 2
660 783 1
707 271 2
632 587 1
255 297 1
277 383 2
219 686 2
795 65 2
105 779 2
96 501 1
809 227 1
233 372 1
803 27 2
616 402 2
670 608 1
243 196 2
622 681 2
37 213 1
76 234 1
405 665 2
88 279 2
256 346 2
295 420 1
153 536 1
236 663 1
827 366 1
244 15 2
312 123 2
468 561 1
469 702 2
534 655 2
457 191 2
27 484 2
476 235 1
289 214 2
503 670 1
442 407 2
746 29 2
452 494 2
708 481 2
667 434 2
130 193 1
157 154 1
517 421 2
739 635 2
467 594 1
819 677 1
845 478 1
175 790 2
359 141 2
404 683 1
580 594 1
198 426 2
213 448 1
165 790 2
410 794 1
66 34 1
502 841 1
48 480 2
110 14 2
189 411 1
305 93 1
630 347 1
794 340 1
413 429 1
26 530 2
25 510 1
552 373 2
430 628 2
493 790 2
24 687 2
683 98 2
356 756 2
300 568 2
576 47 1
453 45 1
596 572 1
267 823 1
405 155 1
45 499 1
724 390 2
543 773 1
565 809 1
829 47 2
440 363 2
299 678 1
846 24 1
316 823 1
321 90 2
335 305 2
630 381 1
53 528 1
385 78 2
597 55 1
42 88 2
557 708 1
586 32 2