507 2597 5 248 336 
1 0 1
2 1 2
3 1 5
4 3 2
5 2 3
6 3 1
7 4 3
8 6 3
9 7 2
10 1 5
11 3 2
12 5 5
13 8 1
14 4 4
15 10 2
16 1 4
17 8 2
18 6 4
19 17 1
20 6 5
21 9 4
22 1 3
23 4 3
24 6 3
25 15 4
26 19 3
27 25 2
28 24 3
29 3 1
30 11 3
31 9 2
32 2 5
33 9 5
34 21 5
35 26 5
36 8 4
37 2 5
38 2 4
39 13 4
40 24 1
41 11 5
42 12 3
43 42 2
44 14 1
45 30 4
46 27 1
47 39 1
48 41 1
49 39 5
50 30 5
51 24 4
52 41 2
53 9 5
54 11 1
55 23 4
56 38 2
57 22 5
58 55 5
59 21 4
60 59 4
61 6 2
62 0 1
63 55 5
64 9 4
65 19 3
66 36 4
67 57 4
68 4 2
69 28 5
70 37 5
71 10 5
72 49 1
73 45 5
74 43 1
75 27 5
76 27 5
77 21 4
78 49 4
79 15 5
80 71 3
81 35 2
82 37 3
83 35 3
84 20 4
85 16 2
86 41 1
87 69 1
88 21 5
89 25 3
90 33 2
91 34 4
92 8 5
93 78 1
94 87 3
95 62 5
96 75 1
97 3 2
98 16 1
99 52 3
100 15 3
101 25 3
102 11 5
103 17 2
104 46 1
105 61 2
106 70 4
107 62 5
108 107 4
109 22 5
110 63 5
111 16 3
112 64 5
113 48 5
114 24 4
115 94 1
116 71 5
117 12 1
118 19 3
119 88 4
120 112 2
121 31 2
122 81 2
123 49 4
124 88 1
125 71 2
126 77 3
127 56 4
128 55 3
129 18 1
130 65 2
131 39 2
132 12 5
133 98 4
134 74 2
135 35 5
136 120 4
137 101 5
138 98 4
139 125 3
140 7 1
141 136 5
142 133 4
143 98 1
144 14 3
145 110 3
146 16 5
147 100 4
148 38 1
149 92 5
150 92 5
151 150 5
152 151 3
153 10 4
154 127 3
155 2 5
156 43 1
157 79 3
158 110 2
159 8 2
160 68 3
161 152 1
162 58 3
163 8 2
164 39 4
165 139 2
166 44 4
167 62 3
168 64 2
169 14 4
170 136 4
171 119 1
172 96 5
173 89 2
174 59 1
175 123 4
176 60 4
177 109 5
178 160 2
179 143 1
180 118 1
181 44 1
182 143 1
183 70 3
184 131 4
185 66 5
186 63 3
187 33 1
188 7 5
189 39 3
190 78 3
191 39 4
192 47 5
193 110 4
194 45 3
195 150 2
196 164 3
197 24 3
198 125 1
199 47 4
200 107 1
201 176 3
202 87 3
203 123 3
204 151 1
205 76 4
206 178 2
207 3 3
208 76 4
209 127 4
210 123 2
211 27 2
212 21 3
213 155 1
214 101 1
215 41 4
216 181 4
217 72 2
218 129 3
219 46 5
220 202 1
221 194 5
222 198 2
223 63 5
224 118 3
225 82 5
226 29 5
227 211 4
228 195 3
229 63 1
230 166 1
231 207 5
232 21 3
233 108 1
234 226 3
235 117 3
236 43 5
237 108 1
238 81 3
239 47 1
240 68 2
241 129 4
242 46 2
243 162 1
244 107 1
245 46 5
246 3 3
247 104 1
248 193 5
249 156 1
250 105 5
251 120 1
252 231 1
253 163 1
254 52 3
255 254 3
256 154 2
257 149 3
258 139 5
259 166 5
260 182 3
261 96 1
262 106 3
263 132 5
264 246 1
265 193 4
266 179 2
267 67 2
268 54 2
269 116 1
270 40 3
271 21 4
272 124 4
273 126 1
274 56 1
275 260 1
276 112 1
277 244 4
278 187 1
279 157 2
280 263 2
281 116 5
282 149 2
283 67 3
284 79 3
285 260 1
286 253 1
287 242 2
288 215 3
289 194 3
290 73 5
291 1 2
292 6 1
293 123 2
294 117 1
295 233 2
296 75 3
297 264 5
298 11 1
299 157 2
300 72 1
301 28 2
302 41 4
303 166 3
304 101 4
305 265 5
306 181 5
307 104 4
308 215 5
309 192 3
310 243 1
311 78 5
312 63 4
313 48 2
314 232 2
315 137 3
316 202 5
317 145 3
318 36 4
319 25 4
320 248 4
321 115 4
322 241 4
323 167 2
324 152 5
325 95 3
326 86 4
327 284 4
328 260 3
329 328 2
330 72 3
331 276 3
332 188 2
333 23 3
334 244 3
335 105 4
336 70 1
337 326 5
338 112 3
339 318 2
340 276 3
341 293 2
342 252 5
343 126 1
344 256 3
345 255 1
346 319 5
347 313 4
348 160 1
349 195 3
350 6 1
351 70 2
352 314 1
353 73 4
354 227 5
355 1 1
356 186 5
357 291 1
358 335 3
359 320 1
360 319 2
361 174 3
362 253 5
363 306 4
364 257 5
365 168 5
366 349 3
367 241 2
368 144 3
369 204 5
370 358 1
371 123 1
372 117 3
373 140 1
374 234 4
375 208 5
376 261 2
377 6 4
378 338 4
379 182 3
380 368 1
381 215 1
382 229 1
383 273 3
384 302 4
385 376 5
386 384 4
387 89 2
388 54 3
389 151 4
390 98 3
391 191 2
392 19 1
393 236 5
394 218 2
395 254 2
396 310 3
397 331 4
398 173 3
399 50 2
400 46 2
401 275 1
402 327 3
403 311 2
404 144 2
405 115 5
406 218 3
407 176 4
408 157 2
409 293 1
410 176 3
411 111 5
412 215 5
413 49 3
414 71 4
415 93 3
416 399 1
417 292 2
418 141 3
419 117 5
420 281 5
421 135 5
422 143 4
423 202 2
424 178 3
425 268 3
426 36 1
427 361 4
428 164 5
429 6 3
430 422 5
431 237 5
432 27 4
433 49 5
434 121 1
435 187 2
436 94 2
437 75 4
438 159 2
439 15 3
440 232 2
441 406 3
442 210 3
443 314 4
444 108 4
445 139 4
446 177 4
447 83 2
448 33 5
449 2 2
450 259 1
451 162 5
452 250 1
453 118 1
454 247 5
455 248 1
456 318 4
457 313 4
458 114 4
459 136 3
460 337 3
461 383 4
462 419 3
463 144 2
464 282 1
465 452 1
466 158 5
467 434 3
468 334 5
469 304 5
470 461 4
471 425 4
472 210 4
473 15 4
474 258 2
475 73 1
476 191 1
477 38 3
478 387 2
479 47 5
480 282 1
481 374 4
482 466 2
483 1 3
484 364 5
485 61 5
486 261 4
487 479 1
488 341 1
489 96 4
490 35 2
491 135 4
492 396 5
493 69 4
494 373 1
495 39 4
496 491 5
497 224 5
498 262 2
499 112 3
500 411 2
501 265 5
502 484 2
503 468 3
504 167 4
505 28 5
506 144 2
131 257 5
120 463 1
407 103 3
124 375 3
65 182 1
9 170 2
290 374 5
436 406 5
486 147 5
260 98 2
409 253 3
82 123 2
46 144 3
432 235 1
306 300 4
263 459 4
385 182 4
298 441 3
22 442 2
230 499 1
276 334 4
258 183 4
37 308 3
396 443 2
27 360 2
140 34 1
490 99 5
28 192 5
220 458 4
122 176 5
239 370 2
276 455 4
344 352 1
344 104 5
424 181 1
504 13 3
163 105 3
78 11 2
452 396 5
411 397 2
237 44 1
163 259 5
27 414 2
364 363 5
367 396 3
168 319 2
166 314 1
139 108 5
433 262 2
136 430 2
301 495 3
412 114 5
125 312 5
45 481 4
370 214 1
8 118 5
13 39 3
56 452 2
506 204 1
177 337 3
440 212 5
473 333 5
229 43 2
218 335 5
459 237 2
245 467 2
206 187 5
194 428 3
114 69 1
294 52 2
419 410 4
356 258 2
299 294 3
201 209 2
377 221 5
11 45 2
271 283 3
409 468 2
171 382 4
337 288 2
134 355 2
437 451 4
265 159 4
55 21 5
192 144 3
202 113 3
63 496 2
90 197 4
46 364 1
270 63 3
161 358 1
492 251 4
472 169 4
150 66 2
416 225 4
170 198 5
347 114 1
355 345 1
109 203 1
127 102 1
123 483 3
179 70 4
331 176 2
287 187 1
99 248 3
403 77 2
184 233 2
476 98 3
283 443 5
213 146 1
329 450 1
375 171 4
347 406 1
395 227 2
416 188 3
500 423 5
367 352 2
323 26 1
148 354 3
224 344 5
246 306 1
344 493 2
23 396 4
8 439 1
265 288 2
7 268 5
286 53 1
485 144 5
313 163 1
273 21 5
483 67 2
20 250 1
278 100 2
506 427 4
252 245 4
278 138 5
327 83 2
270 80 3
388 166 3
206 361 2
382 282 1
167 431 1
180 367 4
466 7 1
466 437 4
486 235 5
422 91 4
53 471 2
299 410 3
169 357 5
207 271 1
96 219 1
275 49 3
8 56 5
343 202 5
389 257 2
441 309 1
171 279 4
43 453 2
45 226 4
407 359 2
245 318 2
90 101 1
64 397 2
60 315 3
262 35 1
494 415 2
59 445 2
191 230 4
498 229 4
97 506 1
30 72 4
447 498 5
360 417 4
163 224 2
463 20 5
313 192 5
80 199 4
107 328 3
458 426 4
283 449 1
116 371 3
277 43 4
333 19 4
12 319 5
68 1 5
380 313 3
346 4 3
335 243 3
259 36 5
12 349 1
305 122 2
42 506 5
102 394 2
410 66 5
393 101 1
165 45 4
504 56 4
156 290 3
275 4 5
225 167 2
19 78 5
112 474 5
401 313 3
444 263 2
141 403 2
424 164 1
359 329 1
40 170 5
47 32 1
115 449 2
327 7 1
404 26 2
500 416 4
161 491 1
191 18 2
478 199 2
373 192 4
332 418 1
328 84 4
108 403 5
191 257 1
9 217 3
301 404 5
375 496 2
233 34 4
411 37 4
476 23 1
255 235 2
290 167 4
175 255 2
376 352 2
351 141 3
100 450 1
361 336 1
47 446 2
78 306 5
69 382 2
47 283 5
31 66 5
233 85 1
123 315 3
225 269 5
413 154 5
215 386 3
485 96 2
480 204 5
286 211 1
401 475 2
116 199 5
54 122 3
298 453 2
100 447 3
91 103 3
66 359 2
495 286 2
406 256 5
496 396 3
93 70 2
396 73 4
447 175 4
137 451 4
109 65 5
355 71 5
158 318 1
138 499 2
131 84 5
184 477 4
123 497 4
161 42 1
332 459 2
37 501 2
73 431 5
33 345 5
149 83 4
364 97 4
274 287 1
210 129 3
82 198 5
506 34 2
287 412 2
506 178 1
224 273 3
61 143 4
247 118 3
381 87 5
425 212 5
44 253 5
483 118 5
274 474 2
445 158 1
14 278 5
230 126 4
370 371 1
137 341 4
420 506 1
463 296 3
401 118 2
186 475 5
145 38 2
366 65 1
285 325 1
266 500 2
184 91 1
112 348 3
6 218 3
176 156 5
18 298 4
490 46 3
129 275 5
322 145 4
259 322 3
254 34 4
148 154 5
283 368 3
350 129 3
134 212 3
247 262 3
499 24 2
265 322 1
265 332 2
247 364 4
266 454 5
347 296 5
56 65 3
369 26 5
66 250 2
29 376 5
78 412 4
342 75 2
32 454 5
188 66 1
483 170 5
487 224 1
1 377 3
279 141 1
54 147 5
486 81 4
293 377 2
93 86 2
229 277 2
262 447 4
243 193 2
194 246 5
240 441 5
133 241 2
275 356 2
26 477 2
28 131 5
215 125 5
258 381 2
364 173 5
98 156 3
438 360 5
333 340 4
280 233 4
384 311 5
220 70 1
494 160 2
103 485 1
315 487 1
249 28 2
393 327 4
271 446 4
259 182 5
174 240 3
414 176 2
481 146 4
128 282 3
45 477 5
109 424 2
413 232 5
331 431 3
279 298 4
477 470 4
477 331 1
128 295 1
113 267 4
323 474 4
60 216 5
311 434 1
421 132 3
89 342 4
116 442 1
474 343 3
154 164 4
452 358 5
307 60 3
481 385 3
119 476 2
219 378 5
55 51 2
445 15 2
46 381 4
294 253 1
287 246 4
69 219 5
33 439 5
216 73 4
320 134 1
124 337 1
76 203 3
499 64 4
122 242 4
262 33 2
102 279 5
227 103 5
400 483 2
181 365 5
219 406 3
90 375 3
117 304 5
320 266 4
452 479 5
377 135 1
314 407 2
318 20 1
401 188 4
268 500 5
290 345 1
471 371 1
51 207 3
365 427 5
442 177 1
206 340 2
120 36 1
398 358 2
181 239 1
304 22 3
275 400 5
244 180 2
32 328 4
71 397 3
20 465 4
225 173 5
286 245 3
497 6 2
183 223 4
126 137 2
342 159 5
371 204 2
361 402 3
242 474 3
80 288 5
487 118 4
26 359 1
187 362 2
424 253 3
321 455 2
294 276 1
258 257 5
397 268 3
18 291 4
493 494 5
26 37 3
214 189 2
430 357 5
290 402 3
202 143 4
275 319 1
407 135 3
295 205 2
266 144 2
440 366 2
385 217 1
488 416 3
332 91 5
229 36 4
143 378 5
155 77 5
8 320 2
153 92 3
328 185 1
496 48 4
296 447 2
31 384 4
366 12 1
179 461 4
337 200 2
280 390 5
430 304 4
490 447 1
325 38 1
144 282 4
280 337 2
500 241 2
80 165 5
21 401 2
354 409 4
456 319 1
225 245 1
91 38 5
58 70 5
240 329 1
324 309 4
151 387 2
31 429 2
381 469 1
425 225 5
286 263 1
314 231 1
326 324 2
478 373 3
71 337 2
428 119 3
335 331 2
356 208 5
122 394 1
126 41 5
307 125 3
123 107 1
237 124 4
247 408 1
464 454 2
340 159 4
274 479 5
94 242 5
216 427 1
437 7 3
257 456 4
328 150 4
345 505 3
465 195 5
428 491 4
142 185 1
442 76 5
460 130 4
452 355 3
322 352 5
351 372 3
416 27 4
386 472 2
188 56 2
120 298 4
310 212 3
241 312 4
102 482 4
496 307 4
361 373 5
44 265 1
277 468 4
25 270 5
288 152 3
267 152 5
175 12 3
62 46 4
466 67 3
6 203 4
67 317 3
289 400 4
35 114 3
99 156 1
232 427 4
213 399 1
140 308 3
154 94 5
451 19 1
24 1 5
270 206 2
107 394 1
126 244 2
306 356 1
399 237 3
2 440 4
209 298 5
16 194 4
276 151 2
61 423 2
394 43 4
397 381 1
220 127 4
243 32 4
398 450 4
247 470 4
41 240 2
185 448 1
305 75 2
319 23 1
443 3 1
455 464 2
469 218 2
245 426 1
300 63 4
268 198 1
198 199 3
224 268 3
498 240 1
208 427 3
7 40 4
279 20 5
48 294 4
367 246 5
81 218 5
38 134 3
104 250 5
328 117 5
289 145 5
179 355 1
367 411 3
146 199 3
376 333 4
490 226 3
495 385 1
165 415 1
258 385 3
28 370 4
496 360 3
418 436 3
76 166 5
237 219 4
501 248 4
471 442 1
82 318 2
84 196 4
139 302 3
94 468 4
110 39 1
119 426 5
502 272 2
351 396 5
445 265 5
270 73 2
439 399 2
313 367 2
373 125 2
137 439 4
277 109 4
274 266 5
65 199 5
414 5 2
238 286 4
123 32 2
414 122 3
313 221 1
465 162 4
496 176 3
50 138 3
192 204 3
344 438 4
229 232 3
451 378 2
58 273 3
61 142 1
208 393 2
138 274 1
366 232 3
482 366 3
402 202 3
463 247 5
69 494 3
404 237 4
369 421 4
127 380 1
146 404 1
19 166 2
352 381 3
194 351 5
312 86 2
166 355 3
259 26 5
335 242 4
43 286 5
97 244 1
186 287 2
249 261 5
128 470 4
121 308 4
423 172 2
136 349 4
164 150 4
140 97 2
331 377 3
219 122 1
474 395 5
411 506 1
434 175 4
17 449 5
455 390 4
142 380 3
469 271 5
86 435 2
185 502 5
383 114 2
24 387 1
505 139 4
120 97 3
361 294 3
326 230 1
356 308 1
396 460 1
301 259 5
456 0 3
363 278 4
98 30 3
22 180 5
463 208 3
297 28 4
264 38 2
285 472 1
83 458 3
502 95 2
214 287 4
267 373 3
55 401 5
125 101 3
97 116 3
472 133 5
452 161 5
321 210 4
114 334 1
153 488 3
363 57 1
114 55 4
479 219 1
273 189 2
357 136 4
75 122 4
380 73 4
204 10 3
12 209 5
53 355 4
214 480 2
219 495 1
231 355 5
23 287 3
309 329 5
67 16 5
111 412 1
109 268 5
140 80 4
456 383 4
364 463 3
36 143 2
446 503 3
303 20 5
451 489 1
329 222 3
452 139 1
343 407 3
335 441 2
409 241 3
330 491 1
361 205 2
221 106 4
471 69 1
465 9 2
38 127 1
363 443 2
386 27 3
84 67 2
300 382 5
223 313 3
43 83 3
329 491 5
128 327 2
340 476 3
497 322 2
55 299 2
372 236 1
461 423 5
247 501 5
55 74 1
446 218 3
104 334 2
117 298 2
236 164 1
225 207 5
366 354 2
334 152 3
392 39 2
437 173 1
308 258 2
494 99 1
40 373 2
25 250 2
141 276 2
396 34 4
441 476 2
350 367 1
503 392 5
153 115 4
259 236 4
467 468 3
161 488 5
240 33 3
28 279 2
436 502 1
428 321 4
269 401 1
182 357 5
403 418 1
12 101 3
467 389 5
446 389 5
363 345 5
258 298 1
200 332 5
55 80 2
298 145 2
250 373 4
83 180 1
120 330 3
21 210 3
196 320 3
192 448 5
318 492 5
114 94 5
6 152 4
398 389 3
501 322 3
280 179 3
104 119 5
146 248 3
105 265 2
459 333 2
174 386 4
418 466 1
162 437 2
444 106 2
315 298 3
2 448 2
127 207 2
106 297 5
83 25 4
119 401 3
482 131 5
288 491 1
117 403 4
295 271 5
284 17 1
227 69 4
322 383 4
142 435 2
420 54 2
340 345 3
225 345 5
145 437 5
26 411 4
53 244 5
71 15 3
287 480 4
1 190 3
159 246 2
216 28 5
487 223 5
18 250 2
244 159 3
132 223 4
160 430 5
288 79 1
219 381 4
461 102 4
53 188 2
223 424 2
165 254 5
309 386 4
242 346 5
430 110 1
244 103 4
238 377 4
72 492 1
311 267 4
329 116 2
29 486 4
337 192 5
178 26 3
67 49 1
275 454 4
320 22 3
494 266 2
411 234 3
52 100 1
418 262 3
504 33 4
86 161 2
149 167 5
187 243 4
358 407 3
218 48 5
462 313 3
247 150 1
259 71 5
274 226 5
84 312 3
295 169 2
146 26 1
301 370 3
167 379 5
461 170 2
328 228 5
270 281 4
225 95 4
414 277 4
502 303 1
108 45 4
499 34 1
456 317 4
135 448 4
487 291 5
265 302 5
499 32 5
119 272 5
467 342 3
156 67 3
64 258 3
285 222 4
451 291 3
382 72 5
420 486 5
208 158 3
261 381 3
305 108 4
23 52 3
108 314 3
93 358 2
465 80 3
372 2 4
251 394 1
120 156 2
175 415 3
341 376 1
164 314 4
85 183 3
28 320 3
142 179 2
237 405 1
14 95 2
301 320 1
489 146 4
348 503 2
4 175 5
468 300 3
99 286 1
458 223 1
169 178 3
88 163 5
9 186 2
357 36 3
385 272 1
27 35 3
336 458 2
16 291 1
235 0 4
364 46 3
327 218 3
298 374 3
494 175 2
42 295 4
393 308 2
485 464 2
400 390 2
93 505 5
57 291 5
346 114 4
249 431 5
439 500 5
419 252 1
154 345 3
81 438 3
11 329 3
27 400 5
463 300 1
193 201 5
278 119 3
250 487 2
269 186 1
436 263 1
382 486 4
238 396 5
105 124 3
266 353 4
63 461 3
279 147 4
151 304 5
52 505 5
394 208 4
242 95 3
370 382 1
114 154 1
250 309 5
440 261 3
183 307 1
111 427 5
100 132 4
361 208 5
18 374 4
81 283 3
277 459 1
30 142 2
503 9 4
420 251 4
141 266 4
196 445 1
451 416 3
340 460 4
68 356 2
359 503 4
438 74 1
315 208 5
339 246 4
372 213 2
129 154 5
142 33 1
290 154 4
215 495 1
506 455 3
473 27 4
422 465 1
126 27 2
11 299 4
325 144 1
52 432 1
39 218 1
120 61 1
384 350 3
344 25 4
240 32 3
442 410 1
314 99 4
184 169 2
202 373 5
78 392 4
148 303 5
501 488 1
67 106 4
420 341 3
369 323 5
244 43 4
357 225 5
112 480 1
2 489 4
158 260 2
414 464 1
43 143 2
178 456 4
101 143 1
318 233 4
479 350 4
500 216 4
335 405 4
271 101 1
306 35 1
383 37 5
372 309 4
344 270 2
353 127 3
213 287 2
284 454 1
370 247 3
141 179 5
128 76 5
328 126 5
348 494 4
469 493 1
341 373 5
325 30 5
54 125 3
344 396 1
136 62 4
215 18 4
239 173 2
427 198 2
328 486 1
271 280 3
486 29 3
307 237 2
500 242 5
233 47 5
266 217 5
41 118 4
396 134 3
444 37 2
295 266 4
99 121 4
489 352 4
20 217 5
397 400 4
23 453 2
347 160 4
168 198 3
11 243 1
236 124 5
281 30 4
203 477 1
290 251 5
360 17 3
205 272 2
369 174 2
380 307 3
211 130 4
301 491 1
14 432 2
193 458 1
331 268 4
244 197 4
506 255 4
404 9 2
403 220 4
44 33 3
21 262 3
380 154 2
0 503 4
323 133 2
276 133 4
176 413 2
212 177 1
271 91 5
491 303 5
173 46 4
50 281 2
464 133 5
319 423 4
479 430 5
2 76 4
52 328 4
268 417 3
45 492 3
485 35 4
309 376 5
485 193 2
0 494 5
79 170 1
359 399 3
372 288 5
363 290 3
253 275 3
135 263 2
358 375 3
416 255 2
353 106 1
335 149 5
344 27 3
91 366 1
254 74 1
266 435 5
124 130 5
279 348 1
13 298 3
271 449 1
78 250 3
169 135 3
398 429 3
292 172 5
45 430 5
148 124 5
223 494 4
151 375 5
431 288 1
158 208 3
61 410 2
460 284 5
39 503 5
86 173 1
215 254 2
82 443 3
464 323 2
160 285 3
267 120 2
51 305 5
266 110 5
370 168 2
339 24 2
454 201 5
274 355 1
235 57 2
322 264 5
84 365 4
361 207 4
264 368 5
244 492 4
484 330 2
10 88 2
138 270 4
125 168 5
384 165 4
20 171 5
304 369 5
354 10 2
498 10 2
284 75 4
389 249 2
500 98 3
197 239 4
251 458 4
355 387 1
68 454 1
6 83 4
173 494 1
499 226 5
2 348 4
464 0 4
373 55 1
157 110 1
453 273 2
233 439 4
163 159 3
136 327 4
122 154 4
73 141 5
405 458 4
293 164 3
364 115 2
116 81 4
325 213 3
306 444 3
476 167 5
138 292 2
279 225 1
120 436 2
477 146 5
215 506 1
406 185 1
247 418 1
95 117 4
172 478 4
254 44 3
280 451 4
315 371 1
336 257 1
159 344 4
453 117 1
101 258 4
309 167 1
483 146 2
365 444 5
246 297 2
146 158 1
403 57 1
86 261 3
489 247 3
217 342 5
369 182 2
146 112 1
489 414 1
223 305 1
398 302 3
197 132 1
8 405 4
379 42 5
503 101 4
443 194 5
308 2 1
294 245 3
40 89 4
104 97 2
385 343 3
84 136 1
105 465 2
154 76 5
207 392 2
505 470 5
409 58 1
402 266 2
417 107 2
289 85 2
499 383 4
171 230 3
132 361 4
58 464 5
367 340 2
324 150 3
79 423 1
135 29 2
311 14 2
122 447 5
465 166 1
316 408 1
416 33 3
444 11 1
219 149 2
55 163 1
183 322 4
13 337 4
33 318 5
462 205 5
3 53 2
147 378 5
211 420 1
3 321 3
486 400 2
223 490 1
90 146 1
417 7 1
267 149 1
210 73 5
180 375 2
298 119 2
316 227 5
27 262 5
135 401 5
344 420 1
131 42 1
161 225 4
273 37 4
450 281 2
13 309 2
377 424 3
173 414 1
354 49 3
119 500 5
279 63 4
104 56 3
384 379 3
316 240 1
76 500 3
24 483 1
300 222 3
31 361 3
174 393 3
153 440 3
60 103 5
450 431 2
384 82 1
340 368 4
388 434 2
156 422 2
278 148 4
88 109 1
26 62 1
289 490 2
417 370 1
57 209 1
230 397 3
180 196 2
278 330 5
28 469 3
329 415 2
63 474 1
261 288 3
359 485 4
366 215 5
248 244 5
269 205 4
194 489 2
264 25 4
234 3 2
359 425 4
258 452 2
463 49 2
314 475 2
68 485 3
260 289 1
201 459 4
272 463 4
420 35 4
431 152 3
76 125 5
485 501 3
426 336 4
252 402 2
148 44 3
244 17 4
344 449 4
458 7 2
125 160 4
144 150 4
361 18 3
47 176 3
73 481 4
5 390 1
147 3 2
164 5 5
155 321 5
27 325 1
239 447 5
177 140 5
416 496 1
28 226 2
421 257 3
436 404 4
36 205 5
460 66 5
152 306 2
377 412 4
217 386 5
251 67 2
319 419 2
168 165 3
292 130 1
457 194 2
420 411 3
13 112 3
251 395 3
265 77 5
264 374 2
433 403 3
111 95 3
11 194 5
33 115 4
16 151 5
430 461 3
65 21 2
464 81 1
290 325 5
262 391 5
343 72 5
323 473 3
299 59 2
407 412 4
492 5 4
69 161 5
117 227 4
440 475 3
272 476 2
149 168 1
473 21 1
164 316 2
284 283 1
415 477 2
87 102 3
418 310 4
151 482 2
410 250 3
473 282 2
105 134 1
69 238 2
38 292 4
349 506 2
375 347 2
451 428 1
83 101 5
456 436 1
263 133 5
116 351 1
351 411 1
500 362 5
503 188 2
178 203 3
207 141 4
334 292 5
60 261 5
295 86 4
393 463 2
394 343 4
37 379 3
475 413 4
317 85 3
213 391 1
327 234 1
72 246 5
4 286 3
107 396 1
486 388 1
494 395 4
240 219 5
129 475 5
237 357 4
502 241 4
338 475 2
478 437 4
400 124 4
33 99 1
340 379 5
53 92 1
70 97 1
454 139 4
463 406 4
319 474 1
104 74 1
259 40 3
325 2 5
432 195 1
429 359 2
316 475 3
142 294 1
173 372 5
421 225 4
295 300 2
258 250 3
434 22 5
196 344 5
465 369 2
189 263 3
353 90 1
428 45 4
313 171 5
29 208 5
149 120 5
360 146 2
9 501 5
82 267 3
146 117 2
346 24 4
328 210 4
446 183 3
81 235 1
166 362 5
6 305 3
226 39 1
3 182 5
267 163 3
437 35 3
95 258 2
92 76 4
90 373 1
205 130 1
321 241 3
447 101 3
274 215 5
176 167 1
415 378 5
129 353 5
491 288 4
189 235 1
470 52 2
376 491 3
123 157 4
23 424 2
411 89 1
108 328 2
108 187 3
285 469 4
383 261 3
411 480 2
58 327 4
273 257 3
330 136 3
478 132 5
356 9 4
453 471 2
104 245 1
109 443 4
239 420 1
158 184 1
377 53 2
255 387 4
309 264 5
34 298 2
365 156 5
483 181 4
414 158 1
157 410 4
396 201 2
115 428 5
318 230 4
5 41 2
25 346 4
496 26 1
488 79 4
51 238 2
402 429 2
260 339 1
431 69 3
314 388 1
306 463 3
383 134 2
77 424 2
137 196 4
128 492 1
426 280 4
470 160 3
73 262 4
30 21 1
344 250 5
200 116 2
121 91 2
344 199 5
37 211 1
62 454 1
344 278 5
240 277 1
234 135 4
306 157 5
443 378 3
48 442 1
329 218 5
272 149 2
430 309 1
312 449 2
306 210 2
245 127 3
138 427 3
29 120 1
483 251 3
230 327 2
326 322 4
209 43 3
322 493 4
2 474 2
223 408 4
336 367 3
480 344 5
319 110 1
105 298 4
233 270 2
470 354 1
115 187 1
132 320 4
147 69 2
30 478 3
5 431 3
68 222 3
163 187 1
419 233 3
403 173 5
445 154 1
36 480 4
115 89 1
311 472 5
273 219 2
41 133 3
250 428 1
475 39 3
366 203 3
206 499 3
39 421 4
209 287 1
458 492 3
187 455 5
4 212 1
431 79 1
331 162 1
18 32 1
184 272 5
192 415 3
182 37 4
139 173 3
170 71 5
247 249 3
112 448 2
268 330 3
484 354 3
441 300 3
240 120 1
435 47 2
226 390 4
230 38 3
410 203 3
80 252 2
276 431 5
36 186 2
221 222 5
18 428 4
288 196 3
401 407 3
350 409 4
470 93 1
284 224 4
345 337 1
282 198 3
35 20 5
419 318 4
10 164 5
393 385 4
292 439 1
202 457 4
393 133 2
421 487 1
220 49 1
224 188 1
118 261 4
408 255 3
308 359 5
476 462 1
257 475 5
443 259 4
222 7 3
320 453 5
49 82 1
420 51 5
418 474 3
297 75 1
124 141 4
280 126 5
287 425 4
274 359 2
145 418 3
464 213 3
350 277 5
498 67 2
230 217 2
463 140 3
58 308 4
7 0 2
90 476 4
247 103 4
31 355 2
279 414 3
488 267 5
214 311 3
36 393 1
63 390 4
127 90 4
19 41 3
26 256 1
446 324 2
6 159 5
328 417 2
432 68 2
83 337 5
27 197 2
487 204 1
100 400 3
119 335 3
253 150 2
142 158 5
42 0 4
189 338 1
373 421 2
133 48 1
217 158 4
321 506 4
319 141 3
167 323 1
47 30 4
338 175 4
17 96 1
20 148 4
198 40 4
42 54 4
130 146 3
227 307 5
301 186 2
353 41 1
113 94 1
449 257 2
460 235 1
292 304 4
484 370 5
418 250 3
205 118 1
328 182 2
357 177 3
57 6 2
233 361 2
292 417 2
342 410 4
101 374 3
371 230 1
15 298 5
273 93 2
335 460 5
70 461 1
401 103 3
458 182 3
115 300 5
359 330 4
169 124 2
345 1 2
67 490 2
191 338 1
183 271 3
396 356 3
155 127 5
404 127 1
158 23 4
471 132 3
49 111 5
209 455 5
200 235 3
110 21 5
392 243 2
99 342 4
28 472 1
120 302 1
265 200 2
79 284 2
443 16 3
86 364 1
485 87 2
199 326 5
471 393 1
128 73 2
506 376 1
350 247 2
398 106 4
3 178 2
15 339 2
252 2 2
309 483 1
414 153 2
245 101 2
60 189 4
382 350 2
483 449 1
352 483 1
198 462 1
188 370 1
55 123 1
101 469 5
453 62 3
74 504 3
382 436 1
412 444 5
328 489 3
264 448 4
272 372 3
221 107 5
55 224 2
439 378 4
177 1 2
467 275 5
288 171 5
7 42 4
19 157 3
301 479 2
391 96 1
307 94 3
238 351 2
354 295 2
489 324 1
285 172 4
474 285 3
266 494 1
178 17 5
213 305 2
330 501 1
98 147 5
482 359 3
22 371 1
165 225 3
486 454 5
183 214 5
463 394 4
311 80 4
327 329 3
502 434 4
338 228 5
9 137 3
145 430 3
175 69 2
16 168 2
468 375 3
173 171 3
474 360 2
156 52 1
21 426 4
21 391 1
363 181 4
393 28 2
98 475 4
263 304 5
260 50 3
480 211 5
33 25 4
59 470 2
44 340 5
42 449 5
279 133 1
461 386 3
146 375 5
324 438 1
0 398 3
368 301 3
455 235 5
184 270 5
68 126 2
231 16 5
442 63 5
186 412 4
262 108 2
187 477 2
429 504 5
101 362 3
397 408 4
181 488 3
351 393 5
450 309 1
198 302 3
25 255 2
359 378 5
177 472 4
154 402 2
276 447 2
261 166 2
419 456 3
411 285 2
92 137 1
262 37 3
162 19 1
267 378 1
184 178 1
216 59 1
132 166 2
0 215 5
256 488 4
176 399 4
504 195 3
169 65 3
380 156 3
167 67 4
384 29 1
455 306 1
98 120 5
189 79 4
431 440 3
253 132 2
229 258 2
477 387 4
494 96 1
154 165 4
447 335 3
271 139 4
306 69 3
105 356 2
280 352 2
12 14 3
151 469 1
208 48 3
374 63 4
232 491 2
171 5 2
481 222 3
427 74 1
80 377 1
81 187 4
54 302 5
206 351 5
364 44 3
337 34 2
263 305 2
313 206 1
286 57 1
306 201 3
309 141 4
117 490 3
454 295 2
330 50 5
291 227 1
322 186 4
259 190 4
197 380 1
345 437 5
127 414 3
262 105 5
353 275 1
377 152 3
206 285 2
446 479 3
126 189 2
35 274 4
266 223 4
301 99 2
27 64 5
29 268 1
34 179 4
79 411 2
36 89 1
143 239 3
467 151 1
278 50 1
374 161 1
21 154 3
421 148 3
32 138 4
12 253 5
119 435 5
171 114 5
259 368 3
464 243 3
384 301 2
374 95 2
19 137 1
307 311 2
271 444 3
78 474 1
329 276 3
249 377 5
418 69 2
226 294 4
101 492 1
370 61 4
312 473 5
129 13 4
41 43 1
27 93 2
14 43 2
229 427 3
460 475 3
390 324 2
445 75 2
223 103 2
7 202 4
232 489 2
269 193 2
409 470 4
70 77 2
116 482 4
220 37 5
471 190 3
251 453 2
65 69 1
84 292 5
162 151 3
273 378 5
451 331 3
354 183 5
160 48 5
306 252 1
271 219 2
486 443 1
175 210 1
294 137 2
60 471 4
132 161 1
430 47 3
318 415 5
268 212 2
15 270 4
454 219 1
195 176 3
83 309 3
226 154 1
198 295 3
222 482 4
18 17 2
362 505 1
362 444 5
371 283 2
35 320 3
382 51 4
127 184 4
31 61 2
158 231 4
408 173 4
99 297 1
226 172 1
450 455 4
381 7 2
498 112 4
415 200 1
17 293 4
61 84 4
21 287 1
57 12 5
42 356 2
122 501 4
111 323 2
462 146 5
22 354 1
157 344 2
301 82 1
502 13 4
161 301 2
271 353 2
189 269 5
354 256 5
154 501 3
370 151 2
391 338 3
236 121 2
484 325 5
16 44 3
504 212 1
239 321 3
304 504 5
231 412 2
141 274 3
250 98 1
262 166 3
368 427 5
231 94 5
400 395 4
444 401 1
447 468 2
191 221 5
421 114 2
53 391 4
30 398 1
469 401 5
356 363 4
429 2 5
34 157 5
203 377 1
103 204 2
367 19 5
326 125 5
137 88 1
39 328 5
420 33 3
328 451 1
77 81 4
361 247 3
301 150 1
155 359 4
437 372 1
455 438 4
30 268 5
361 351 3
301 185 1
435 496 4
20 280 1
224 73 5
25 154 2
485 221 2
247 198 3
428 42 1
257 7 3
384 465 3
299 183 1
161 286 3