794 7937 3 483 284 
1 0 3
2 1 1
3 0 3
4 1 3
5 1 1
6 0 3
7 1 2
8 0 2
9 3 2
10 4 1
11 5 1
12 2 2
13 1 2
14 10 1
15 14 2
16 7 1
17 11 3
18 10 3
19 18 2
20 3 1
21 18 1
22 3 1
23 5 3
24 20 1
25 10 1
26 10 1
27 1 2
28 18 1
29 7 3
30 4 2
31 6 2
32 26 1
33 28 2
34 21 1
35 9 3
36 31 2
37 30 2
38 12 1
39 24 2
40 30 3
41 11 2
42 15 2
43 10 2
44 24 2
45 4 3
46 28 2
47 38 3
48 8 2
49 8 1
50 5 3
51 49 3
52 30 2
53 25 3
54 44 2
55 18 2
56 55 1
57 51 3
58 24 1
59 49 2
60 52 2
61 17 3
62 12 1
63 41 2
64 14 1
65 30 2
66 46 2
67 65 2
68 43 2
69 44 3
70 37 2
71 4 1
72 51 1
73 49 1
74 27 2
75 41 2
76 49 2
77 29 1
78 8 1
79 39 1
80 62 3
81 69 2
82 41 3
83 11 2
84 23 3
85 40 2
86 26 3
87 10 1
88 84 2
89 6 1
90 29 2
91 38 1
92 58 1
93 6 3
94 65 2
95 74 3
96 30 2
97 56 3
98 55 3
99 32 3
100 56 3
101 21 2
102 101 2
103 100 2
104 86 3
105 93 3
106 14 2
107 73 1
108 98 1
109 80 2
110 99 1
111 8 1
112 5 2
113 28 2
114 87 1
115 11 1
116 32 3
117 7 3
118 102 2
119 35 1
120 78 2
121 4 1
122 66 1
123 44 3
124 109 1
125 49 2
126 100 2
127 88 3
128 125 3
129 111 3
130 8 1
131 42 2
132 30 2
133 70 1
134 104 3
135 12 2
136 45 2
137 93 3
138 99 1
139 91 2
140 50 2
141 76 1
142 20 3
143 2 3
144 5 2
145 38 2
146 49 3
147 83 1
148 16 3
149 70 3
150 10 2
151 77 1
152 151 2
153 91 3
154 71 2
155 12 1
156 67 1
157 68 3
158 137 1
159 146 1
160 132 2
161 63 1
162 138 2
163 13 1
164 101 3
165 102 3
166 112 1
167 39 3
168 59 1
169 129 2
170 83 2
171 149 1
172 101 2
173 16 1
174 107 3
175 170 3
176 49 1
177 81 3
178 165 3
179 152 3
180 119 3
181 33 1
182 125 3
183 158 2
184 145 1
185 128 1
186 75 3
187 71 2
188 99 1
189 106 1
190 120 1
191 149 3
192 44 1
193 71 2
194 9 3
195 31 1
196 43 3
197 187 2
198 81 1
199 133 3
200 182 1
201 140 2
202 39 2
203 4 2
204 60 1
205 150 1
206 134 3
207 76 2
208 13 2
209 13 1
210 153 2
211 19 2
212 2 1
213 91 3
214 79 2
215 123 1
216 207 1
217 126 3
218 120 3
219 159 1
220 189 2
221 130 2
222 41 2
223 40 1
224 56 2
225 45 1
226 165 2
227 180 2
228 78 3
229 29 2
230 2 1
231 108 1
232 15 3
233 184 2
234 43 1
235 189 2
236 1 3
237 43 2
238 61 1
239 125 1
240 95 3
241 234 2
242 166 2
243 0 2
244 172 1
245 149 2
246 90 3
247 145 3
248 42 3
249 36 1
250 139 1
251 240 1
252 74 3
253 134 3
254 77 3
255 72 2
256 145 3
257 76 2
258 49 3
259 163 1
260 143 3
261 97 2
262 154 2
263 166 3
264 94 3
265 101 1
266 185 3
267 137 1
268 173 3
269 65 2
270 75 3
271 120 3
272 178 2
273 210 3
274 231 3
275 257 1
276 194 3
277 124 1
278 141 3
279 116 3
280 238 2
281 235 3
282 151 1
283 100 2
284 69 1
285 256 2
286 219 1
287 130 2
288 15 1
289 198 3
290 255 3
291 241 2
292 53 2
293 145 1
294 220 2
295 32 1
296 78 1
297 176 2
298 135 3
299 15 3
300 132 3
301 118 2
302 141 2
303 148 1
304 57 3
305 202 2
306 220 2
307 165 2
308 79 3
309 228 2
310 133 3
311 250 2
312 282 3
313 231 2
314 163 2
315 268 1
316 279 2
317 61 1
318 158 2
319 25 1
320 295 3
321 135 2
322 138 1
323 293 1
324 144 2
325 308 2
326 266 2
327 279 2
328 259 3
329 19 2
330 89 2
331 185 1
332 231 1
333 147 2
334 223 2
335 93 1
336 283 3
337 121 3
338 47 3
339 249 1
340 130 1
341 208 1
342 21 2
343 261 2
344 14 1
345 273 1
346 73 3
347 302 2
348 109 1
349 210 3
350 183 3
351 58 1
352 301 1
353 343 1
354 44 2
355 90 3
356 71 1
357 115 1
358 225 2
359 122 3
360 306 1
361 26 2
362 99 3
363 15 2
364 157 2
365 266 1
366 22 2
367 110 3
368 258 3
369 185 3
370 118 3
371 249 3
372 232 3
373 342 2
374 125 3
375 284 1
376 173 2
377 194 2
378 86 1
379 359 3
380 260 1
381 146 3
382 25 3
383 326 3
384 261 3
385 121 1
386 71 3
387 187 1
388 87 2
389 365 1
390 179 1
391 29 3
392 23 2
393 377 1
394 236 2
395 250 2
396 163 3
397 189 3
398 52 2
399 138 1
400 354 1
401 22 1
402 318 1
403 99 2
404 9 2
405 238 3
406 122 1
407 13 3
408 246 3
409 210 1
410 148 1
411 5 3
412 99 2
413 252 3
414 176 3
415 229 3
416 351 1
417 178 3
418 32 3
419 303 3
420 260 3
421 52 3
422 151 1
423 205 3
424 94 3
425 12 2
426 205 1
427 320 1
428 32 3
429 144 3
430 234 3
431 299 3
432 371 2
433 86 2
434 190 2
435 24 3
436 124 1
437 149 1
438 204 1
439 163 1
440 121 1
441 413 3
442 152 1
443 33 2
444 356 2
445 177 2
446 41 2
447 321 1
448 76 3
449 442 1
450 438 1
451 102 3
452 390 2
453 227 3
454 286 1
455 313 2
456 224 2
457 248 3
458 239 1
459 428 2
460 1 1
461 355 2
462 23 2
463 5 3
464 449 1
465 38 3
466 348 3
467 358 2
468 148 1
469 45 2
470 421 1
471 189 2
472 251 2
473 25 2
474 433 1
475 261 2
476 371 2
477 440 2
478 179 2
479 25 3
480 109 1
481 300 3
482 170 2
483 241 2
484 416 3
485 200 3
486 183 1
487 49 1
488 182 1
489 268 2
490 27 2
491 83 1
492 86 3
493 400 2
494 409 2
495 169 3
496 224 3
497 372 3
498 86 3
499 320 1
500 279 2
501 64 2
502 418 2
503 0 1
504 81 2
505 393 3
506 326 3
507 325 1
508 182 1
509 319 2
510 321 3
511 314 2
512 367 3
513 47 3
514 409 2
515 433 1
516 420 3
517 179 1
518 107 2
519 285 1
520 289 3
521 394 1
522 231 3
523 58 1
524 435 1
525 301 2
526 344 2
527 136 3
528 16 1
529 134 3
530 304 3
531 15 3
532 274 2
533 81 2
534 434 1
535 183 1
536 359 2
537 342 2
538 39 2
539 192 2
540 170 1
541 97 1
542 167 3
543 211 1
544 240 3
545 274 1
546 481 2
547 511 3
548 261 3
549 143 2
550 102 2
551 17 2
552 478 3
553 460 2
554 76 3
555 475 1
556 164 1
557 76 2
558 225 3
559 388 3
560 465 1
561 176 3
562 266 3
563 146 3
564 484 2
565 80 1
566 101 3
567 393 1
568 562 2
569 360 2
570 215 2
571 488 1
572 392 2
573 416 2
574 74 1
575 139 1
576 5 2
577 146 3
578 364 1
579 553 3
580 190 2
581 286 2
582 278 2
583 71 2
584 454 1
585 372 1
586 481 3
587 576 1
588 390 3
589 22 1
590 88 3
591 128 1
592 72 3
593 32 2
594 582 1
595 444 2
596 587 1
597 205 1
598 494 2
599 134 1
600 2 2
601 324 1
602 329 2
603 37 1
604 452 3
605 303 2
606 496 2
607 31 1
608 246 3
609 264 3
610 238 2
611 454 2
612 287 2
613 114 2
614 417 2
615 594 1
616 348 3
617 405 2
618 29 3
619 564 1
620 143 1
621 21 3
622 607 1
623 163 1
624 574 2
625 197 1
626 84 1
627 193 3
628 499 3
629 155 1
630 540 3
631 69 2
632 403 1
633 376 2
634 62 2
635 581 3
636 124 1
637 406 3
638 83 3
639 390 3
640 150 2
641 547 3
642 628 2
643 535 1
644 307 1
645 521 2
646 258 1
647 352 2
648 429 3
649 233 3
650 22 3
651 635 2
652 605 3
653 432 1
654 554 3
655 494 2
656 597 2
657 546 1
658 123 2
659 183 3
660 538 3
661 419 1
662 588 3
663 251 2
664 183 2
665 48 3
666 203 1
667 221 1
668 170 1
669 607 1
670 131 2
671 480 3
672 337 2
673 326 1
674 578 1
675 469 1
676 481 2
677 480 2
678 127 3
679 634 1
680 379 1
681 648 2
682 46 2
683 476 2
684 502 1
685 160 1
686 654 3
687 89 2
688 381 2
689 23 3
690 657 3
691 14 3
692 71 3
693 218 1
694 211 2
695 273 3
696 60 1
697 266 3
698 146 3
699 68 2
700 27 3
701 322 1
702 575 2
703 110 1
704 125 2
705 103 3
706 182 3
707 10 2
708 568 2
709 667 2
710 8 1
711 381 2
712 61 3
713 166 2
714 382 2
715 170 1
716 231 2
717 669 3
718 379 1
719 495 1
720 11 3
721 406 2
722 597 1
723 106 3
724 386 1
725 309 2
726 232 3
727 278 2
728 656 3
729 615 3
730 252 2
731 628 3
732 168 2
733 149 2
734 112 2
735 647 3
736 700 3
737 36 2
738 60 2
739 687 1
740 593 1
741 403 1
742 569 2
743 672 2
744 19 1
745 88 3
746 304 1
747 319 2
748 81 3
749 558 3
750 746 3
751 123 2
752 291 1
753 142 2
754 139 2
755 531 3
756 325 1
757 298 1
758 241 2
759 719 2
760 137 1
761 436 1
762 92 3
763 702 2
764 23 3
765 602 1
766 758 1
767 465 1
768 16 1
769 162 1
770 421 1
771 196 2
772 366 2
773 89 3
774 729 3
775 741 1
776 407 2
777 406 2
778 481 2
779 697 2
780 266 2
781 53 1
782 498 2
783 201 3
784 490 3
785 237 2
786 178 3
787 25 2
788 253 3
789 334 2
790 299 1
791 383 3
792 130 3
793 315 1
469 440 2
303 543 3
297 455 3
779 52 2
66 195 1
356 164 2
599 288 2
388 729 1
105 65 3
351 46 1
744 221 1
100 526 2
266 521 1
189 198 3
316 103 2
624 416 2
338 112 3
595 658 1
504 717 1
435 475 2
679 564 2
694 202 3
155 454 3
473 437 1
735 171 1
45 474 1
541 553 1
76 756 3
458 314 3
184 631 1
777 488 3
614 656 3
771 459 3
666 792 1
190 757 2
509 362 3
334 344 3
480 176 1
203 192 2
237 778 3
742 24 2
254 725 2
94 447 3
538 788 1
511 606 2
438 746 1
759 548 3
188 695 1
604 689 2
152 487 1
9 421 1
791 749 1
252 420 2
430 522 2
116 26 1
382 211 3
222 236 3
578 467 3
213 184 3
489 597 3
663 428 3
228 693 3
587 247 3
628 376 2
727 523 2
39 238 1
507 780 2
34 71 1
440 723 2
514 315 3
462 254 1
716 778 3
620 737 2
200 785 3
408 375 1
774 45 1
404 569 3
571 486 2
769 160 2
715 258 1
646 331 3
435 634 2
330 718 3
284 678 2
316 286 1
779 93 2
650 445 1
263 684 1
586 418 1
632 733 3
162 348 1
576 429 2
91 153 2
490 210 2
192 730 1
215 151 1
394 509 1
79 598 1
520 156 1
190 380 1
676 359 1
667 192 2
512 698 2
117 451 2
785 740 2
368 22 2
15 467 3
705 337 2
83 181 3
217 661 2
640 342 2
444 737 3
96 663 3
455 720 1
464 2 2
542 775 1
361 314 3
162 668 3
620 207 3
328 242 3
200 304 1
203 773 3
470 170 3
625 126 2
175 687 1
186 750 3
666 213 2
313 772 1
94 396 2
434 599 1
568 300 3
520 727 3
255 661 2
770 5 1
152 540 1
275 62 3
565 42 2
612 146 3
137 559 2
378 317 2
213 700 3
384 184 2
120 530 3
578 313 1
514 226 2
510 618 3
572 379 2
468 196 3
353 475 3
231 610 1
320 21 3
527 174 3
222 106 2
71 677 1
426 116 1
62 769 1
628 574 3
499 155 2
466 676 2
756 44 3
553 623 3
255 257 3
541 525 1
120 499 3
741 368 1
620 79 1
741 765 1
618 713 2
111 209 3
274 591 2
229 654 1
166 2 1
398 768 3
745 299 3
123 232 3
570 317 2
773 287 3
390 3 2
601 445 2
456 614 2
234 182 3
11 614 1
731 663 1
321 622 1
463 663 2
751 513 2
79 208 3
297 655 3
568 737 3
172 683 2
779 554 1
418 483 2
331 655 3
246 38 3
565 345 2
484 423 1
707 632 3
749 696 2
75 731 2
564 523 2
346 170 1
156 778 2
518 115 1
772 601 2
616 154 1
559 760 2
424 714 1
532 649 1
478 645 1
652 64 1
136 133 3
78 654 1
5 497 3
114 360 2
317 472 1
417 394 3
342 25 1
617 150 3
668 560 3
113 65 3
476 307 3
283 748 1
167 239 3
524 738 2
759 338 3
529 750 2
26 77 2
427 109 3
440 396 3
313 176 2
534 630 3
584 66 1
596 93 1
236 675 2
583 357 3
228 493 3
734 622 2
771 425 3
120 424 1
174 772 2
88 639 1
319 784 3
657 51 3
423 440 1
192 467 2
400 157 3
340 280 2
221 411 1
96 511 1
75 690 3
586 259 1
293 234 1
596 599 2
111 457 2
210 762 1
365 371 1
293 701 2
451 367 1
556 695 2
546 388 1
393 373 2
40 133 3
106 95 3
629 95 2
74 414 3
147 348 2
178 171 2
343 102 2
413 70 1
274 17 2
142 181 2
213 9 1
717 399 3
106 554 2
791 387 3
224 488 3
572 207 1
451 354 3
375 383 2
375 335 3
347 389 1
439 352 1
231 329 2
780 28 1
280 356 2
139 104 1
630 632 1
163 660 2
282 621 1
675 113 1
147 707 3
129 522 2
329 411 3
102 318 1
618 635 1
440 286 1
408 477 2
712 673 1
416 344 2
411 783 3
183 671 3
542 431 1
277 423 2
29 234 3
651 255 1
545 509 1
113 693 1
383 235 3
390 257 3
33 641 1
125 271 1
621 374 3
267 282 3
697 591 3
417 622 1
641 381 2
670 746 2
246 141 2
681 658 3
580 542 1
716 447 1
295 176 2
337 642 1
199 296 1
540 783 3
722 513 3
91 309 1
356 585 2
171 273 2
119 750 2
678 212 3
645 107 1
32 563 3
628 210 3
484 791 3
573 160 2
603 660 2
573 751 1
486 136 1
478 521 3
286 98 1
742 791 2
287 763 2
375 66 2
775 619 1
448 690 1
366 83 3
427 27 3
206 139 3
355 77 2
253 536 1
434 265 1
42 649 1
68 389 1
288 27 1
445 662 2
401 58 3
653 92 1
652 669 2
503 197 1
634 473 1
438 638 1
594 334 2
293 196 2
269 359 2
608 291 3
524 386 3
188 673 3
329 453 2
109 529 3
553 281 3
714 274 2
623 113 2
134 218 2
751 88 1
730 705 1
217 174 3
441 170 1
305 54 3
209 231 1
138 162 1
212 749 1
169 497 1
733 709 1
2 117 3
34 363 2
717 544 3
470 509 3
15 93 3
535 55 3
705 307 1
87 602 3
668 67 3
601 49 2
251 151 2
480 5 1
51 88 1
743 576 2
417 332 1
336 743 2
279 136 3
200 692 1
196 488 3
201 377 3
672 518 2
28 80 1
275 372 1
91 614 1
767 710 1
631 252 1
674 244 2
574 233 3
780 219 2
640 165 2
571 764 1
63 152 3
48 733 3
670 475 3
617 777 1
680 540 2
666 72 3
461 792 1
402 270 2
383 786 2
421 748 1
301 373 1
756 736 3
436 648 1
326 382 3
524 734 2
629 339 2
224 636 1
531 457 3
505 39 3
310 532 1
412 531 2
297 123 2
101 109 1
463 665 3
291 557 2
501 306 3
381 396 2
465 133 3
561 393 2
88 186 3
322 324 1
390 769 3
47 196 2
628 656 3
131 333 3
725 776 1
428 688 1
740 513 2
690 572 1
68 502 3
364 493 3
143 436 2
569 677 1
583 48 1
195 548 3
705 11 1
754 210 2
748 64 2
791 782 1
107 11 1
695 685 3
261 721 2
685 41 3
72 10 1
624 638 3
351 240 3
473 233 3
777 696 1
62 460 1
351 293 1
224 100 2
471 518 2
674 772 2
728 763 2
630 716 3
578 516 1
38 540 1
412 269 2
539 664 2
770 2 1
441 326 1
68 153 2
707 501 2
299 124 3
391 39 2
339 442 2
206 229 3
493 666 1
681 387 1
595 574 1
369 333 3
82 499 1
433 491 3
613 65 3
633 410 1
548 662 3
17 659 2
742 664 1
358 96 1
684 11 1
253 78 2
206 227 3
14 651 2
736 613 2
325 524 2
218 86 2
239 556 3
224 732 2
289 644 3
272 111 2
733 448 3
647 147 1
144 8 1
548 95 3
298 526 2
344 217 1
431 245 3
686 323 3
390 252 3
725 703 2
364 363 3
39 685 1
655 623 1
439 132 1
783 490 1
34 493 2
327 520 2
553 566 3
78 580 2
552 263 3
452 22 3
272 211 2
793 582 2
210 587 2
275 514 1
205 448 3
92 551 1
504 440 2
156 637 1
316 209 2
75 635 2
267 668 1
655 438 1
441 716 2
151 116 1
177 92 3
199 398 1
285 439 2
720 592 2
146 293 2
462 468 2
620 534 3
18 578 2
22 202 2
436 48 2
584 147 3
452 684 1
415 239 1
4 421 1
147 610 3
130 46 1
222 264 3
731 486 1
88 752 2
30 212 3
274 354 2
788 320 1
170 52 2
360 724 1
90 355 2
36 583 3
29 430 3
710 103 1
714 471 2
721 362 1
342 737 3
567 429 2
20 48 3
757 350 2
35 99 2
638 152 1
296 591 3
709 220 3
673 308 2
130 4 3
583 172 2
58 742 2
524 33 1
416 727 1
59 390 2
259 279 1
226 497 1
593 531 3
665 470 1
476 83 2
343 149 3
453 567 1
568 583 3
347 137 3
450 204 2
332 773 3
746 487 1
213 220 1
508 191 2
87 66 1
49 34 3
252 117 2
426 461 3
436 420 3
72 427 3
392 227 3
586 660 2
509 207 3
425 270 1
615 25 1
0 459 2
678 100 2
571 535 2
68 646 1
691 699 2
368 639 2
253 246 2
521 597 3
246 162 2
410 34 3
348 749 2
561 383 3
752 140 3
71 679 2
479 568 1
462 76 2
529 157 3
10 475 2
285 363 2
385 730 2
75 247 2
414 446 2
331 683 2
705 627 3
627 258 1
24 343 3
46 499 3
160 709 1
656 704 3
512 290 2
784 314 2
742 649 2
383 59 1
14 622 2
481 748 2
478 55 3
525 462 3
210 282 3
237 100 2
366 262 1
436 733 2
640 166 3
621 293 2
68 597 1
376 569 2
287 190 1
622 146 3
470 20 2
738 422 3
285 660 3
387 307 3
575 344 1
486 266 2
10 430 2
286 212 1
2 758 2
10 707 3
372 448 1
547 138 2
9 584 1
533 490 1
38 779 2
170 387 1
488 157 2
117 201 2
665 141 3
691 134 1
156 296 3
488 255 3
747 556 2
615 293 3
680 102 2
292 679 2
523 484 1
227 684 1
190 366 3
725 52 1
525 656 2
489 585 1
144 153 1
306 209 1
281 679 1
610 39 3
319 248 1
787 64 2
524 141 2
359 738 1
458 149 1
539 143 1
342 613 2
351 60 3
614 602 2
136 314 3
24 728 1
557 614 2
587 273 3
704 89 1
519 367 3
637 720 1
338 41 3
102 496 3
108 708 2
63 600 2
407 180 3
749 760 1
86 445 1
358 473 2
284 619 2
277 222 2
712 561 1
253 93 2
658 107 2
687 223 2
318 65 1
525 657 3
376 156 1
322 466 3
606 310 2
49 771 1
526 433 1
485 544 2
73 643 1
480 667 1
781 634 2
50 9 2
124 97 2
691 177 2
120 423 1
207 341 1
287 415 1
790 182 1
41 112 3
496 28 2
26 286 1
665 7 3
239 110 1
163 86 1
310 337 3
103 214 1
434 49 3
27 35 2
242 146 1
709 604 3
582 637 1
783 31 2
292 188 3
637 547 1
201 456 3
668 376 2
557 148 1
502 359 2
80 701 2
754 32 3
652 157 1
742 345 3
489 290 2
764 412 2
7 787 2
24 537 1
768 373 1
88 3 3
434 200 2
457 159 1
368 9 1
492 541 3
303 420 3
453 653 1
708 516 2
188 125 1
655 217 3
581 676 2
379 488 1
412 136 1
377 211 3
730 637 1
52 751 2
571 362 3
191 561 2
54 278 1
608 738 1
5 205 3
537 297 3
175 254 2
221 577 3
620 672 3
204 540 1
537 739 1
193 709 1
724 202 2
463 380 3
34 666 2
310 435 2
605 125 3
554 788 2
637 72 1
737 543 2
617 489 2
370 506 2
665 126 3
75 465 3
591 553 2
253 80 2
184 368 1
309 601 1
83 425 1
320 368 3
104 389 2
649 113 2
767 640 3
356 32 1
151 429 3
731 215 3
546 222 2
555 177 2
312 63 2
610 349 3
150 733 1
649 154 3
666 286 3
148 145 1
699 591 2
763 362 1
34 644 2
555 224 1
787 142 2
606 468 2
692 67 3
758 187 1
52 57 2
599 192 1
262 419 1
720 467 2
364 67 3
248 181 1
458 253 2
524 340 3
464 780 3
53 537 1
287 253 1
675 784 1
297 63 2
740 273 2
620 518 3
436 723 2
25 47 1
278 308 2
189 9 1
267 287 1
493 17 3
344 583 3
402 250 2
274 134 2
306 260 1
72 641 2
155 218 3
352 187 2
286 621 2
32 562 3
279 784 2
337 455 1
517 565 1
204 731 1
38 371 2
325 712 2
389 463 2
98 522 1
708 25 2
341 282 1
604 718 3
555 532 2
623 736 3
145 647 3
211 241 3
577 160 2
420 755 1
687 667 3
437 127 3
591 530 1
462 327 1
50 528 3
656 677 2
267 655 3
120 538 1
681 463 2
370 637 2
751 365 3
381 185 1
302 98 3
172 616 1
593 342 3
394 270 1
650 107 1
181 199 2
343 318 3
471 349 3
188 304 1
767 274 3
648 257 3
188 394 2
6 99 3
3 18 2
465 332 1
115 251 3
11 526 3
264 4 1
619 521 3
275 314 1
453 630 2
763 173 3
425 537 2
430 281 1
88 745 2
302 436 3
642 75 3
290 185 3
767 448 1
687 644 2
507 449 1
321 131 1
792 380 1
411 250 1
327 680 1
677 346 3
399 662 3
266 788 3
771 576 1
760 517 2
17 785 3
681 274 3
177 368 2
401 514 1
159 658 3
56 467 2
618 756 3
316 307 1
686 230 1
506 350 2
559 107 2
609 401 3
310 398 2
644 494 3
189 628 2
477 152 2
725 109 2
270 37 2
156 137 1
762 776 1
400 14 3
363 292 2
500 180 1
532 558 1
456 316 2
509 378 1
18 81 3
789 333 3
177 786 2
458 199 2
730 227 2
682 375 1
405 709 3
783 125 2
204 352 1
524 488 1
491 625 2
592 484 2
234 410 1
310 261 3
725 212 2
529 338 2
517 333 1
387 159 1
532 122 1
629 420 3
451 688 3
128 238 3
99 84 1
116 300 3
664 309 3
294 786 3
647 540 1
333 757 1
580 524 1
17 612 3
172 153 3
703 173 2
478 76 2
548 331 3
170 736 3
353 515 2
413 492 3
455 239 3
481 246 2
225 711 3
512 702 2
777 304 2
67 763 2
273 562 3
565 532 2
285 186 3
626 349 1
114 671 3
203 578 1
745 341 2
564 552 2
208 281 2
748 87 1
543 253 2
777 545 1
612 250 3
526 531 1
351 544 1
695 227 3
201 606 3
303 675 1
259 576 1
598 648 2
352 663 1
143 411 3
204 749 3
513 544 1
218 707 2
245 346 2
445 540 2
354 472 3
128 428 1
362 379 1
298 726 1
46 220 2
779 147 3
406 121 2
735 352 1
71 156 2
306 186 3
780 179 2
579 597 1
695 457 2
121 592 1
430 87 2
516 351 3
31 8 1
58 656 2
345 303 2
476 412 2
285 386 3
3 649 1
38 684 3
639 603 3
113 651 1
159 433 3
649 220 2
709 453 2
349 491 1
71 517 1
66 332 2
321 187 2
14 234 3
232 66 1
465 679 1
744 233 1
478 518 3
639 296 2
640 369 1
322 753 3
292 300 1
303 428 3
526 41 1
325 61 3
722 563 1
114 650 1
526 629 3
641 376 2
207 335 3
183 229 1
656 351 1
646 713 2
2 122 3
46 345 1
775 541 2
250 156 2
47 707 2
16 548 3
387 709 1
492 15 3
90 301 1
63 305 2
710 210 3
351 170 1
699 742 1
577 589 1
35 40 2
467 373 1
321 268 2
421 496 3
184 568 3
203 721 3
662 277 1
247 703 3
364 570 2
462 767 1
428 397 2
95 102 2
758 557 2
576 744 3
642 146 3
163 195 3
457 330 3
21 760 1
13 271 2
728 548 2
623 635 1
236 370 3
473 499 2
49 511 2
534 279 2
453 656 1
419 665 1
265 533 1
566 498 3
408 696 2
651 633 2
360 570 2
490 516 1
269 742 3
147 350 2
77 442 2
243 128 2
717 430 3
769 732 2
264 779 3
306 567 2
325 251 2
664 253 2
643 352 3
664 287 3
268 163 2
521 374 2
40 381 1
547 163 1
393 581 2
761 56 1
70 766 3
65 324 2
476 48 1
297 412 3
343 648 2
572 719 1
61 90 2
574 382 1
618 94 3
580 609 3
443 132 1
755 221 2
559 387 3
337 350 1
287 222 2
225 168 2
75 1 2
466 573 3
3 688 1
724 744 3
664 651 3
136 352 2
708 476 2
571 303 1
569 381 3
565 151 3
296 455 3
24 295 3
728 115 2
676 17 3
772 118 3
729 716 2
223 638 1
141 635 2
736 722 3
244 333 2
218 543 1
1 207 2
488 310 2
41 453 2
430 620 3
469 355 3
201 590 2
612 637 3
772 626 3
6 434 2
97 470 2
17 185 3
762 435 2
584 178 1
208 160 3
319 393 1
706 423 2
560 301 1
726 98 1
87 458 3
190 776 2
319 488 3
634 135 1
586 242 3
627 292 3
169 445 2
42 734 1
115 717 2
179 444 3
593 248 3
135 512 3
31 211 3
217 719 3
662 365 3
94 284 3
716 56 3
688 247 1
271 728 3
761 243 3
678 548 2
111 19 1
324 728 3
379 351 1
484 298 1
737 24 3
28 356 1
394 287 2
671 662 3
348 625 1
682 437 2
605 322 2
703 506 2
294 420 2
629 309 3
771 665 2
363 505 2
489 659 2
407 650 1
145 121 1
494 148 2
636 286 2
247 292 3
593 657 3
781 775 1
221 297 3
100 709 3
42 233 2
260 478 3
327 445 2
403 759 3
661 781 3
390 615 3
418 556 2
501 503 1
241 592 3
249 702 1
574 197 2
321 575 2
772 658 1
385 698 2
575 279 1
257 587 1
741 475 2
434 429 2
495 477 2
540 612 1
738 153 2
737 564 2
428 507 3
383 318 1
414 533 3
409 662 3
243 66 1
142 254 3
359 573 1
532 767 2
234 726 2
657 110 2
445 667 2
480 396 2
91 169 3
165 296 2
715 517 1
550 513 3
750 153 3
566 400 3
157 99 2
60 103 1
219 573 1
542 533 3
689 188 2
673 524 2
95 514 1
523 243 2
544 762 3
258 766 3
175 757 2
269 35 1
427 649 3
626 365 2
722 146 3
495 732 2
374 209 1
771 559 2
15 472 3
616 703 1
319 675 3
135 592 3
500 214 1
463 712 1
721 571 1
356 23 2
67 153 2
514 502 3
780 342 3
257 328 1
253 350 3
680 71 2
344 471 1
552 406 1
340 738 1
269 322 2
311 575 3
539 770 1
552 166 1
246 252 1
715 312 3
553 682 2
726 374 2
423 456 1
510 417 2
643 245 1
431 211 2
242 645 2
43 126 2
793 556 1
26 700 3
168 525 2
157 708 1
619 542 3
563 78 2
344 568 1
22 44 2
178 251 1
462 686 1
219 257 1
375 307 3
598 620 3
490 580 3
748 249 2
206 321 3
382 511 3
403 508 1
161 163 2
291 479 3
296 46 3
255 111 2
636 222 3
577 112 1
7 22 1
580 60 2
104 234 1
430 96 2
102 234 1
471 442 2
59 370 1
650 783 2
158 617 1
711 375 3
763 588 3
361 279 1
156 424 3
691 223 3
91 419 2
615 604 2
469 519 1
342 462 3
249 351 1
167 713 1
501 353 1
49 688 3
570 528 2
150 326 1
346 482 2
677 555 3
374 791 2
407 41 2
182 720 1
630 318 2
342 117 1
468 685 2
561 47 3
84 151 1
133 159 1
573 361 2
720 332 2
669 351 3
194 293 2
143 550 1
494 198 3
690 105 1
504 90 1
667 790 1
99 80 1
392 719 3
749 419 2
512 570 1
717 114 3
656 766 1
463 659 2
59 594 3
274 64 3
130 792 3
652 493 2
544 506 2
254 31 2
589 456 1
129 25 3
783 751 3
115 223 2
185 286 1
527 177 3
404 403 2
506 174 1
306 777 3
66 692 3
718 546 3
403 471 3
500 302 1
398 278 1
439 617 2
139 771 1
76 284 3
479 180 3
702 291 2
101 350 3
495 532 1
748 244 2
246 324 3
338 646 1
757 303 2
412 474 3
37 459 3
448 571 3
537 292 3
175 745 1
359 660 1
256 703 3
193 727 2
117 98 1
308 702 3
180 502 2
66 176 3
453 209 2
522 286 1
453 624 3
747 119 2
695 771 2
127 406 2
233 616 1
253 427 3
767 159 3
574 638 2
434 162 2
507 8 1
192 194 2
765 267 3
588 706 2
255 355 1
447 277 1
677 384 2
110 338 2
222 485 3
684 517 3
613 61 2
266 316 2
702 469 1
699 663 3
748 604 3
579 624 2
61 228 1
99 370 1
220 754 1
600 687 3
764 630 3
548 68 2
146 656 3
620 262 2
135 300 1
424 556 2
164 659 1
70 544 2
666 570 3
428 309 1
566 657 1
487 759 3
404 256 1
356 59 1
667 521 1
650 193 3
737 414 2
751 616 1
53 676 3
198 554 2
420 714 1
242 92 1
124 544 1
791 93 2
566 618 1
348 577 1
137 96 3
79 741 1
354 73 3
542 405 3
622 297 1
258 449 2
169 446 3
38 359 2
697 619 1
117 403 1
257 405 1
90 159 2
511 690 2
421 236 3
268 34 3
278 619 2
380 502 3
587 793 1
640 245 2
80 434 3
713 423 3
60 418 2
87 290 2
609 283 1
497 210 2
344 531 1
516 704 2
649 145 1
709 273 2
151 450 2
1 71 2
379 511 2
581 596 2
713 304 1
427 321 1
591 274 1
583 522 1
417 49 2
450 257 3
335 482 1
179 695 2
588 19 3
73 368 3
545 348 1
710 774 2
63 701 1
213 472 2
104 492 3
107 623 2
463 321 1
122 91 1
765 417 3
569 105 3
431 595 3
20 55 1
616 74 3
40 365 1
176 789 1
265 301 3
59 70 3
492 109 2
145 473 2
101 5 3
751 743 3
725 705 3
380 552 1
451 569 2
584 287 2
147 165 3
556 470 2
447 343 2
644 36 3
557 353 3
247 516 2
122 740 1
354 535 2
63 585 3
176 597 2
775 615 1
381 624 2
286 57 1
643 134 1
205 446 1
132 310 1
602 296 2
640 61 3
736 681 1
162 651 3
451 473 3
1 35 2
155 264 2
343 284 2
458 186 2
632 472 2
346 0 3
550 51 2
563 257 2
725 735 3
674 774 3
170 648 3
395 488 2
20 53 1
300 694 2
531 428 3
749 23 3
698 792 1
45 155 2
454 622 2
283 436 3
783 607 3
551 112 3
612 301 3
74 593 1
122 330 2
305 641 2
55 29 1
605 729 1
303 594 1
506 393 1
736 372 2
477 7 3
486 618 1
274 756 1
2 431 1
95 93 3
457 23 2
198 435 1
649 98 2
326 210 1
123 338 3
140 133 2
780 621 1
675 527 3
75 646 1
480 310 2
113 479 1
83 734 3
654 312 1
548 61 2
52 350 3
473 347 1
199 652 1
42 610 2
276 292 1
404 592 2
587 451 2
470 630 3
42 723 1
581 321 1
316 702 2
326 576 1
631 720 1
487 587 1
479 317 1
308 602 1
154 392 1
334 295 3
664 321 1
45 548 3
108 317 1
469 300 2
187 547 1
202 13 2
148 718 3
512 73 1
165 10 3
178 169 2
6 639 2
435 552 2
731 119 3
401 305 2
672 208 2
157 215 2
505 502 3
390 453 1
508 273 3
254 120 3
227 357 3
498 147 3
356 133 2
582 319 3
613 523 3
751 207 3
63 528 3
535 731 3
674 157 2
660 455 2
539 385 3
247 311 3
153 289 1
769 123 3
609 458 1
48 465 2
519 744 1
295 478 1
385 249 3
571 529 3
685 163 3
671 276 1
581 759 1
216 91 2
228 383 1
254 758 2
168 348 1
525 271 2
282 411 3
741 26 2
241 433 2
666 504 2
637 510 1
713 445 2
105 353 3
546 682 3
80 427 2
601 735 3
135 455 3
486 18 1
72 312 2
299 579 1
417 376 3
543 681 1
202 478 2
451 753 3
464 482 1
191 244 3
387 123 3
719 632 3
223 522 3
408 685 3
542 600 3
379 572 2
236 172 2
723 266 3
711 327 3
586 395 3
689 755 1
736 391 3
63 614 3
18 378 1
570 296 2
230 615 2
635 144 3
523 266 3
504 196 3
533 284 1
349 137 2
659 584 1
758 615 1
456 584 1
505 125 2
86 127 1
293 726 2
86 274 2
209 564 1
594 72 1
45 651 2
658 87 1
166 308 1
435 441 3
138 405 3
47 672 1
729 721 2
781 178 2
108 222 2
22 377 2
785 699 1
531 67 1
466 518 3
564 659 3
613 195 3
545 23 1
525 736 1
173 94 2
235 478 2
399 165 3
335 371 3
104 303 2
475 698 1
437 428 2
549 171 2
597 210 3
148 633 2
378 677 1
734 265 3
577 4 1
588 195 3
33 72 1
498 627 3
278 635 3
123 159 2
242 23 3
207 600 2
174 730 3
778 576 1
504 167 2
532 170 1
140 117 2
382 548 1
410 763 3
428 654 2
683 236 1
92 742 2
771 582 1
720 84 1
397 552 2
601 353 3
213 350 3
338 430 1
392 657 3
372 17 3
211 727 1
789 742 2
421 705 3
79 498 3
424 103 1
233 461 2
337 765 1
287 89 1
76 240 3
682 232 1
549 551 2
377 34 1
81 272 1
281 105 3
27 407 1
399 613 3
679 208 1
68 444 1
303 130 1
568 153 1
640 692 3
503 10 1
429 109 3
627 293 2
78 428 3
628 251 2
517 215 1
19 738 1
208 257 2
494 474 3
487 542 2
123 486 1
672 454 3
731 587 3
459 353 2
232 195 3
268 129 3
430 24 1
712 685 2
283 236 1
398 566 2
208 189 2
245 395 3
90 209 3
89 571 3
426 62 3
439 565 1
645 449 3
391 510 3
265 564 2
456 147 2
785 554 1
270 382 1
651 387 1
590 750 1
161 574 1
498 333 1
48 721 3
19 681 2
418 373 3
622 435 1
342 673 3
107 167 1
479 393 3
598 261 1
739 63 1
258 652 1
353 273 3
488 647 2
752 248 2
368 546 2
649 356 1
625 358 3
420 177 3
99 324 1
308 710 3
12 249 3
42 567 3
409 395 3
262 612 3
308 598 2
636 566 2
496 348 2
506 353 3
677 755 2
494 615 3
167 758 2
325 438 1
383 361 1
428 168 1
732 119 3
549 1 3
671 775 2
191 329 3
368 602 1
21 775 3
335 571 2
517 453 3
599 504 2
259 541 1
14 473 3
113 249 3
381 658 2
57 44 2
186 506 1
233 370 3
519 558 3
29 548 3
90 199 3
55 552 1
309 232 3
660 232 3
218 710 2
182 14 1
345 781 3
366 121 1
337 673 3
224 392 1
180 393 2
390 192 2
755 774 3
135 675 2
76 6 1
242 74 2
745 632 3
501 566 2
334 372 1
444 291 2
102 615 2
321 80 1
480 61 2
788 600 3
415 134 1
473 602 2
273 513 3
175 331 3
533 68 2
445 237 2
556 80 1
317 283 1
377 272 1
719 102 3
63 135 3
686 679 3
355 486 3
67 607 2
31 139 3
267 88 1
315 488 3
23 540 3
191 164 2
791 437 1
153 244 1
690 168 3
290 642 2
283 104 3
721 89 1
719 316 3
381 183 2
508 707 1
150 540 2
502 107 1
23 305 1
106 416 1
699 10 2
344 232 3
154 54 1
145 369 3
487 723 3
133 5 1
110 168 1
542 271 2
504 443 3
275 685 3
746 602 1
764 724 2
83 184 1
24 268 2
558 107 1
79 479 2
386 701 3
482 508 3
723 372 3
370 144 3
506 314 2
243 705 3
255 179 1
6 409 3
662 645 2
460 766 3
713 775 1
372 556 2
307 331 1
536 337 3
617 187 3
370 662 1
180 458 2
130 613 3
151 359 1
68 46 2
407 715 1
253 549 3
68 716 3
56 339 2
245 578 1
527 155 2
384 535 2
364 659 3
125 721 1
405 45 3
722 701 1
415 115 3
302 475 2
274 641 1
278 375 1
597 587 1
680 228 3
144 106 1
368 596 2
476 793 3
98 620 1
363 124 1
72 248 2
473 7 3
683 45 1
108 593 2
36 600 3
273 34 1
627 516 2
453 232 1
571 587 1
26 140 2
373 232 2
104 450 1
8 786 2
84 298 3
394 368 1
68 598 2
29 261 2
579 372 1
225 18 1
673 31 2
644 120 3
53 642 1
633 412 3
348 491 2
54 72 2
425 607 1
179 215 3
767 609 2
221 263 2
388 277 1
356 622 2
21 159 3
177 787 3
693 179 2
688 158 2
322 620 3
333 63 2
713 235 3
622 413 2
125 272 3
727 73 2
518 12 3
132 596 2
702 128 3
542 445 3
601 462 3
115 77 2
409 7 1
576 670 2
64 150 1
189 382 3
619 573 2
692 179 1
395 108 3
466 124 1
489 205 2
449 168 1
163 337 1
299 226 2
331 282 1
44 726 2
562 86 3
112 420 1
751 596 2
189 220 3
244 501 3
653 150 2
354 614 2
651 329 2
206 141 2
5 535 2
770 58 1
707 187 2
525 565 3
15 47 1
379 211 1
708 40 2
13 629 2
700 8 3
552 731 3
651 787 1
597 178 2
246 370 3
655 579 2
741 247 2
665 18 2
178 753 1
141 772 1
293 34 1
220 455 3
69 682 1
567 695 2
143 584 1
305 499 1
736 26 2
228 462 1
458 48 2
61 394 3
526 641 1
725 433 2
157 566 2
168 739 2
325 621 2
638 706 3
754 608 2
651 547 3
671 754 2
716 704 3
44 544 3
455 153 1
43 24 2
744 311 3
129 176 2
48 341 3
259 444 3
595 781 1
5 573 1
691 314 3
78 288 3
771 653 2
73 41 1
473 241 2
553 403 1
334 470 1
370 764 2
110 54 2
98 389 3
312 596 1
521 546 1
253 124 2
215 633 2
273 619 3
116 332 1
785 233 1
615 763 2
552 688 2
265 68 2
9 435 3
166 489 2
256 184 1
671 705 3
93 707 1
443 128 2
278 202 1
225 231 3
744 200 2
392 52 1
246 464 3
236 106 1
248 639 1
645 357 1
235 559 1
99 261 2
744 679 2
689 138 1
131 474 2
673 687 1
147 743 1
649 45 3
585 793 2
109 90 2
439 507 3
194 594 3
757 486 2
791 167 2
125 41 3
146 487 2
468 220 3
493 14 3
771 598 1
173 647 1
351 363 1
311 536 3
100 691 3
659 70 3
128 18 2
318 445 1
668 326 3
329 21 3
499 184 1
715 50 2
267 143 1
0 632 2
374 131 2
334 311 2
516 63 2
605 722 2
338 528 2
34 485 1
336 656 1
21 460 1
358 348 1
68 607 1
202 590 1
468 763 1
383 746 3
608 756 3
467 231 2
452 355 1
698 483 3
637 719 2
42 514 3
542 279 1
207 29 3
676 226 2
612 416 2
302 40 2
127 25 2
65 722 1
746 764 1
593 254 3
127 1 1
254 227 3
261 463 2
486 395 1
591 185 2
243 511 3
754 48 3
269 477 2
724 670 3
232 65 3
24 368 3
748 14 2
661 598 2
235 212 1
437 404 1
231 134 2
58 700 3
345 768 1
770 766 2
134 352 1
326 719 1
789 558 2
348 154 1
65 20 3
312 752 3
431 187 2
159 474 2
670 706 3
233 232 3
789 189 1
429 280 1
675 791 2
330 501 1
574 144 2
610 374 2
300 209 2
184 266 1
339 374 1
590 694 1
493 403 3
390 472 3
145 309 1
218 95 2
382 310 2
701 782 3
15 344 2
745 777 3
665 419 1
244 685 3
629 401 2
496 222 1
523 627 1
133 123 2
782 280 2
584 1 3
366 1 1
95 748 3
176 757 3
605 0 3
597 95 3
605 100 1
525 240 2
541 550 3
366 364 2
700 103 3
213 305 2
400 129 1
299 511 2
456 473 1
321 191 3
266 513 3
240 233 1
473 42 2
761 63 2
28 787 3
518 380 1
621 303 1
222 228 3
239 116 2
488 608 3
183 41 3
474 115 2
573 457 3
529 460 2
470 367 3
108 249 3
475 636 3
734 621 3
480 338 1
587 223 1
202 625 2
676 760 1
588 375 1
575 4 2
175 518 1
677 716 2
326 356 2
422 195 1
31 310 3
435 17 1
783 250 1
146 567 3
563 309 2
130 732 3
764 504 2
721 263 2
550 547 3
365 437 3
749 686 3
465 228 1
760 618 1
421 177 3
228 591 2
693 725 1
654 412 3
735 539 3
742 743 3
706 753 2
740 781 1
308 17 3
498 617 1
367 248 3
746 188 2
475 311 3
442 635 2
595 703 1
776 718 1
274 730 1
642 269 2
459 5 2
503 475 1
572 231 2
408 53 1
273 425 1
500 94 2
688 306 3
591 369 3
171 596 1
142 617 2
515 410 3
141 22 3
177 782 2
290 116 3
420 501 3
334 40 1
376 31 3
453 294 1
418 657 1
295 275 2
261 288 1
747 458 3
612 775 3
99 674 3
284 675 2
570 554 1
461 746 1
731 0 3
591 122 1
310 104 3
307 114 3
616 316 1
650 335 3
225 133 3
149 211 2
452 196 1
58 19 3
630 281 3
47 630 1
760 255 1
197 210 1
9 276 1
388 487 3
641 411 3
169 777 3
406 364 2
128 327 3
444 213 1
747 114 3
519 670 2
140 590 3
598 449 3
24 312 3
757 160 3
730 186 3
507 300 1
302 362 3
155 551 3
600 109 3
360 718 1
763 682 2
623 414 1
791 558 1
477 356 3
213 99 1
355 648 3
684 199 3
470 264 3
548 328 3
685 330 2
644 144 3
374 132 2
372 721 3
700 736 3
358 515 1
167 467 3
115 159 3
314 330 3
66 1 1
227 228 2
573 792 3
272 29 3
72 305 2
424 307 3
439 341 1
697 244 2
778 255 2
19 165 1
447 622 1
128 786 2
724 529 3
520 545 2
522 457 2
676 521 3
689 536 3
234 28 1
385 55 1
11 10 2
121 636 2
267 85 3
559 245 3
510 631 2
713 475 1
248 54 1
591 201 3
711 736 3
264 229 1
118 636 3
534 788 2
645 379 1
585 299 3
632 679 3
284 433 2
49 269 3
208 9 1
447 325 2
774 370 3
546 330 1
707 659 2
698 217 3
697 24 3
126 290 3
140 626 2
494 518 2
437 115 2
117 263 3
52 82 1
64 379 2
324 321 1
212 690 3
75 751 2
220 515 1
714 439 2
119 709 3
448 650 3
386 592 3
551 383 2
732 583 3
506 691 1
115 275 3
450 298 1
22 224 2
713 344 1
612 339 1
108 362 2
223 732 1
540 218 1
417 583 2
427 308 3
378 616 2
509 408 3
177 377 1
595 205 2
706 404 3
386 216 2
272 499 1
518 337 2
42 477 1
461 755 2
218 293 1
590 688 1
131 196 3
201 417 2
260 538 2
61 537 2
699 508 1
231 506 1
562 30 3
72 674 2
140 191 3
70 98 2
558 612 3
719 24 1
639 574 3
672 552 2
116 668 1
194 175 2
604 524 2
468 89 1
724 779 2
353 671 1
28 747 3
68 144 1
740 263 1
615 224 3
401 186 3
320 327 3
775 109 3
210 765 1
49 555 1
354 20 2
232 564 1
534 51 1
681 679 3
544 359 3
377 104 2
272 563 3
166 294 1
454 410 3
527 141 1
327 272 1
395 561 3
398 258 2
36 595 3
163 357 3
205 280 1
568 733 3
351 11 1
328 768 3
444 462 3
571 783 3
292 484 3
582 306 1
657 4 2
459 627 3
744 112 1
265 594 2
207 444 2
371 500 1
108 299 3
476 21 3
261 411 2
162 500 2
316 24 2
737 220 1
252 405 2
705 180 3
778 414 3
752 713 3
606 507 2
574 546 1
249 635 3
632 406 1
784 595 1
693 363 3
629 158 2
33 69 3
523 592 1
339 222 1
532 329 1
649 8 2
359 345 3
7 404 1
669 783 3
106 68 3
635 620 2
355 455 1
33 296 2
599 317 2
144 180 1
449 597 2
343 420 3
676 750 3
324 191 3
223 616 1
118 35 3
154 563 1
403 711 2
707 433 1
105 219 3
240 161 1
319 779 2
151 451 3
79 739 2
514 345 2
407 148 3
420 0 2
577 532 2
337 324 1
419 140 1
725 727 2
546 701 3
337 81 3
46 243 3
300 29 1
530 343 2
156 623 3
7 631 2
652 138 2
685 677 1
481 512 1
253 676 1
226 329 2
67 463 3
726 410 3
75 483 3
603 264 2
586 169 1
136 439 2
299 513 1
781 133 3
159 151 1
547 688 3
109 596 3
393 648 3
213 223 2
745 651 2
292 268 3
630 692 3
295 599 2
242 559 2
702 220 2
169 719 2
501 514 3
182 377 2
286 523 2
479 135 3
344 769 2
117 40 2
267 778 3
725 273 2
93 421 3
380 584 3
90 766 3
100 628 1
370 234 2
64 314 3
389 52 1
448 596 1
321 75 2
254 731 3
678 782 3
367 566 3
268 609 2
593 504 2
109 512 3
555 501 3
419 615 1
382 216 1
578 234 1
274 129 3
178 629 1
392 670 2
683 684 3
298 89 3
453 63 1
572 8 2
732 293 1
792 400 2
315 459 1
634 326 2
499 548 1
638 301 1
641 63 1
709 161 2
155 314 2
767 753 1
115 432 1
672 575 1
403 411 1
672 643 1
520 742 1
533 310 3
12 419 3
511 598 1
744 91 2
753 27 2
668 455 3
382 642 2
369 658 1
291 292 1
221 186 2
44 367 3
637 761 3
219 619 1
765 593 1
170 313 2
534 619 1
778 552 2
82 363 1
208 522 3
335 158 2
706 109 2
761 240 1
747 664 2
180 606 1
277 490 1
235 115 2
288 453 2
400 245 1
427 256 1
532 245 2
381 282 1
123 317 3
236 475 2
61 653 1
504 232 2
566 238 1
534 171 1
779 311 3
252 693 1
200 332 3
78 625 3
615 35 2
34 227 2
703 127 2
739 7 2
461 723 2
9 718 2
73 365 2
706 623 1
541 764 3
29 688 1
341 608 3
695 649 1
772 18 3
532 644 3
401 495 3
685 369 1
257 43 3
762 253 3
9 27 3
430 346 1
211 7 2
597 30 1
752 682 2
153 652 2
752 390 1
398 728 1
793 357 2
652 87 1
773 515 2
333 782 1
107 321 3
703 671 1
757 445 2
163 484 3
122 473 3
54 783 1
82 298 3
379 436 1
59 304 3
322 691 2
21 701 2
477 519 3
734 59 1
92 761 1
617 22 1
79 775 1
154 492 3
736 584 3
781 419 1
137 170 3
337 628 3
272 715 2
69 14 3
479 130 3
680 318 3
150 276 2
653 143 3
686 784 2
282 111 3
392 98 1
752 745 3
202 573 3
163 740 2
752 92 2
665 444 1
686 18 2
107 463 2
557 104 3
785 222 1
596 81 2
221 171 1
187 85 2
531 661 3
689 677 1
334 383 3
27 781 2
163 737 2
693 631 1
200 89 1
321 620 2
531 268 2
401 291 2
563 618 1
447 527 1
702 374 1
310 768 3
158 248 2
89 159 1
248 114 2
150 261 2
742 62 3
518 644 3
194 640 1
682 768 3
284 609 1
494 534 3
645 91 1
352 263 3
759 12 3
415 464 3
255 372 2
416 197 2
374 571 1
415 142 3
684 67 2
181 590 3
21 430 1
717 118 3
530 710 1
73 550 2
785 690 2
308 455 1
96 32 3
111 62 3
139 629 3
11 506 1
259 635 2
600 115 3
636 154 3
686 155 2
6 544 3
253 154 2
80 723 3
686 50 1
337 291 1
418 439 3
369 193 1
328 245 1
725 364 3
328 588 2
564 444 1
206 188 2
46 709 2
785 240 2
313 262 3
737 212 1
22 737 1
467 394 1
436 21 3
142 283 1
732 667 1
155 27 1
406 284 2
143 333 3
449 390 2
638 18 2
282 685 2
133 567 3
185 584 3
568 705 1
707 445 2
444 118 2
343 416 3
399 140 2
472 134 3
198 736 1
135 79 2
60 108 2
565 33 3
370 154 2
752 538 2
59 204 2
327 17 3
258 214 1
658 526 2
134 301 1
490 626 1
749 266 3
451 63 3
267 473 1
214 614 1
761 721 1
742 385 1
297 772 1
170 3 2
347 737 2
238 321 1
111 448 2
493 303 2
654 546 2
173 604 3
465 387 1
126 412 2
706 216 1
573 64 2
541 430 1
73 746 3
388 192 3
34 111 2
312 45 1
454 537 2
764 186 3
90 3 3
73 80 2
381 712 3
159 514 2
39 594 1
567 664 1
677 503 1
548 488 1
57 519 3
735 791 2
346 312 2
186 32 3
677 484 3
314 167 3
607 209 2
459 273 1
179 517 1
623 410 3
659 104 3
416 673 2
80 483 3
348 639 3
90 464 3
364 288 2
119 446 1
742 185 2
562 15 2
489 34 1
445 208 2
149 456 2
259 514 1
752 160 2
504 30 2
160 440 2
198 603 2
351 495 2
654 79 2
236 361 1
498 625 1
198 531 2
667 627 3
164 589 3
89 8 3
626 445 2
106 319 3
322 390 2
306 142 2
692 614 2
606 387 2
632 462 1
527 637 1
653 231 2
35 358 2
238 416 1
762 170 3
146 436 2
333 262 2
284 33 1
287 316 3
451 578 2
220 559 3
636 678 1
543 105 1
607 67 2
557 70 3
44 448 2
232 567 3
528 206 1
359 704 2
427 449 3
382 383 3
401 363 3
237 193 2
405 778 3
616 503 3
486 173 2
544 66 2
238 678 1
676 139 2
617 147 3
471 689 3
42 687 2
50 121 1
703 33 3
576 158 3
246 665 3
12 34 3
436 597 1
267 498 1
45 683 2
279 176 3
502 533 2
122 560 1
737 189 1
453 30 1
87 672 3
568 98 2
106 133 1
631 648 2
16 425 2
644 471 2
379 193 2
254 218 3
190 478 1
458 398 2
431 581 1
473 629 1
174 248 3
569 99 2
102 68 2
479 441 1
598 384 2
656 12 3
781 115 3
46 148 1
732 290 3
502 505 2
364 487 2
469 53 3
588 34 1
363 409 3
288 385 1
121 294 2
2 102 1
687 729 1
782 288 2
326 324 2
232 700 2
346 635 1
728 157 2
722 25 3
696 616 1
151 709 1
38 678 2
114 269 1
672 85 2
519 398 1
383 629 1
183 643 2
301 111 3
572 792 3
635 495 1
533 487 2
737 450 1
761 285 1
474 778 3
197 241 3
451 303 2
659 333 1
271 749 1
45 329 3
2 10 1
329 630 1
138 556 1
523 215 3
272 44 2
649 693 3
740 145 3
51 424 2
697 367 2
116 752 2
417 267 1
677 283 3
315 408 3
19 703 2
274 539 1
512 416 1
742 758 1
312 41 1
763 165 1
774 107 3
659 260 3
42 620 3
304 202 3
560 717 1
295 125 1
729 41 1
516 475 2
237 360 3
47 23 1
138 39 1
223 580 2
115 310 3
609 384 1
161 571 3
641 184 2
437 351 3
669 283 3
61 334 2
53 234 1
35 785 1
452 432 3
201 686 2
125 769 3
36 154 1
202 278 2
515 241 1
185 43 3
584 148 3
660 307 3
715 438 2
97 486 3
435 682 2
349 593 1
318 577 1
233 563 2
215 721 1
204 723 2
306 245 2
657 551 2
528 617 3
193 189 1
594 317 2
425 762 3
412 287 1
74 570 3
562 681 1
130 531 3
263 453 2
490 293 2
696 748 3
53 727 3
369 423 1
447 599 1
578 354 3
312 162 3
754 124 2
558 491 2
656 279 3
743 445 3
368 68 3
229 623 1
469 504 2
410 241 2
496 167 3
346 694 2
4 123 1
347 482 2
264 514 1
213 445 3
321 52 2
138 445 2
491 559 2
159 147 2
134 765 2
479 422 2
625 286 1
225 547 2
536 73 3
259 716 3
218 450 3
174 250 3
448 143 2
111 65 2
463 417 2
426 597 1
788 332 1
599 640 2
293 437 2
498 332 3
445 657 3
344 393 1
351 468 1
515 508 3
789 185 2
685 105 3
6 494 2
546 587 2
363 761 1
569 704 3
13 232 3
378 383 1
450 146 2
596 429 2
282 692 3
501 110 1
422 670 3
49 709 3
84 384 2
291 381 1
166 443 3
508 768 2
708 438 3
281 238 1
221 92 3
153 469 2
391 682 3
682 343 3
251 305 3
649 687 1
405 363 2
715 477 1
307 155 3
264 372 1
637 136 3
53 175 1
373 745 3
712 39 3
728 282 2
65 748 3
778 211 2
642 302 1
719 523 3
144 273 2
723 400 3
301 642 1
228 625 3
652 785 1
607 34 3
370 663 3
386 492 3
767 719 1
435 540 1
415 660 3
770 621 2
42 441 2
379 327 1
252 212 2
415 62 2
524 266 1
89 47 2
756 729 3
762 630 2
566 253 2
772 65 2
696 423 1
777 627 3
451 599 1
728 662 1
322 515 3
754 713 3
639 337 3
504 205 3
604 258 1
742 736 2
438 65 2
712 661 1
491 115 2
773 223 1
728 671 1
290 655 2
16 97 1
214 646 3
652 560 3
128 200 1
310 130 1
84 130 3
164 13 2
446 715 3
693 756 3
169 198 3
593 608 1
33 473 1
507 676 3
630 79 2
95 507 1
774 399 3
148 578 2
3 198 1
755 251 1
366 741 3
162 123 3
7 158 1
584 72 1
456 270 3
667 283 2
578 231 2
620 577 3
410 348 1
305 428 2
171 232 3
191 174 3
352 715 2
640 686 2
369 184 3
721 638 2
170 314 1
582 268 2
374 577 3
317 297 1
294 451 3
406 601 3
5 265 1
71 434 3
569 269 1
296 105 2
791 790 2
557 346 3
208 784 3
243 405 1
466 21 1
594 303 2
333 245 3
448 652 1
423 715 3
83 290 1
201 675 3
366 715 2
561 396 2
361 688 1
724 581 3
443 595 2
189 410 2
154 79 2
550 448 3
438 372 3
352 318 2
567 622 2
651 563 3
66 572 3
70 56 1
132 235 2
524 8 3
224 689 1
511 374 2
732 176 2
29 295 3
349 555 1
437 228 2
616 368 2
347 0 3
295 454 3
118 238 3
368 780 2
34 180 3
146 6 3
222 329 1
427 53 3
764 618 3
453 115 1
562 740 3
25 535 2
707 18 1
264 56 3
300 649 3
539 36 3
322 702 2
759 641 1
413 95 2
313 185 3
428 533 3
501 230 1
257 542 2
534 235 3
672 751 1
640 748 1
180 564 1
722 219 2
250 194 3
631 380 2
763 252 2
338 240 2
235 348 2
422 252 3
755 587 3
712 434 2
493 314 3
600 353 3
259 403 1
560 7 1
396 545 1
309 562 2
792 214 2
667 437 3
529 61 1
371 324 3
384 623 3
425 266 1
143 253 3
54 776 1
660 229 1
133 227 2
436 256 2
362 613 1
353 298 2
28 48 2
579 207 3
575 694 1
313 344 3
157 11 3
426 295 1
761 95 3
316 759 3
753 742 1
205 169 2
242 473 3
659 91 2
335 453 2
189 272 2
92 148 2
460 172 1
752 108 1
485 172 3
309 728 3
625 619 3
645 782 2
463 108 3
98 262 1
528 301 1
135 522 1
387 508 2
272 231 3
668 696 2
732 518 2
263 490 1
422 616 2
145 639 2
196 587 1
754 369 2
328 148 1
204 777 2
76 40 1
260 704 1
197 530 1
362 672 1
115 245 1
272 331 3
117 215 1
334 357 2
505 46 1
664 103 2
671 628 1
128 195 2
741 622 3
706 295 3
425 162 3
561 664 2
498 89 1
206 159 3
159 255 2
85 679 3
713 96 3
357 526 3
257 220 3
74 638 2
96 770 2
623 215 1
792 378 3
160 562 2
370 695 3
108 739 2
433 338 3
729 196 1
229 421 2
312 319 2
774 485 3
195 734 1
457 626 3
319 401 2
595 140 1
758 306 3
543 127 3
268 323 2
309 224 1
511 82 3
776 484 1
399 504 2
61 25 1
638 737 3
359 709 2
675 728 2
572 702 2
64 719 1
575 741 1
51 234 1
624 133 3
373 361 2
329 370 2
569 375 3
786 498 2
207 162 3
768 336 2
297 777 1
481 251 1
784 562 2
531 586 3
776 742 2
517 383 3
447 495 2
549 595 2
267 37 2
341 471 3
508 478 2
310 30 2
530 17 2
290 41 3
207 227 3
199 749 1
126 270 1
163 58 2
611 308 2
14 732 2
456 352 1
742 669 1
134 230 1
305 725 1
101 303 2
579 695 2
535 601 1
0 582 3
212 325 2
440 226 2
515 583 1
297 399 3
514 455 3
514 94 2
46 779 1
62 570 3
147 33 1
265 295 3
305 494 2
407 289 2
505 445 1
347 748 3
718 211 2
765 106 1
523 338 3
485 236 3
391 51 1
141 391 2
316 446 1
658 381 3
550 482 1
436 215 1
226 52 2
105 122 1
657 29 1
236 4 2
569 204 3
305 492 1
222 171 2
432 514 1
558 325 2
97 469 1
742 678 3
485 237 3
34 648 2
168 12 3
642 623 1
644 15 1
585 298 3
620 294 2
487 605 2
272 670 1
159 206 1
503 251 2
34 453 2
416 77 3
525 103 1
570 726 3
429 534 2
9 544 1
423 317 3
631 589 2
140 591 1
659 500 2
286 375 3
659 620 3
697 21 2
524 663 1
181 537 1
700 128 1
744 478 1
150 456 2
228 789 2
782 769 3
309 75 3
599 526 3
745 661 2
306 42 2
304 773 2
163 599 1
306 319 3
549 43 2
736 595 1
336 633 1
508 270 1
212 566 2
425 696 3
605 148 2
9 560 2
88 524 2
1 454 2
626 170 3
432 543 2
567 28 1
682 386 3
504 52 2
506 177 1
586 128 2
301 286 2
773 327 3
290 475 1
420 47 1
223 346 3
318 690 3
672 596 2
543 720 1
418 369 3
408 164 2
624 161 3
653 358 1
734 745 3
250 684 2
376 324 1
36 83 1
505 217 3
682 627 3
189 47 1
554 753 2
111 282 1
371 724 2
581 784 1
599 200 1
141 289 1
398 219 3
154 691 3
681 151 1
358 323 2
134 245 3
693 409 3
239 299 3
740 666 1
189 57 3
536 120 1
650 61 2
744 204 2
358 677 2
679 620 1
73 148 1
607 346 3
151 780 3
765 561 2
378 597 2
79 484 2
220 481 1
297 722 3
453 295 3
492 289 3
205 288 1
59 63 1
270 348 3
744 476 2
433 128 3
687 785 3
521 585 2
154 578 2
14 369 2
701 529 2
281 49 2
666 85 1
773 191 3
149 37 3
120 523 1
339 431 3
206 318 1
481 346 1
531 288 2
200 347 1
291 48 2
218 757 3
366 686 2
488 682 3
467 700 3
602 761 3
102 9 2
611 285 1
618 35 3
389 661 3
80 531 1
212 513 1
67 114 1
769 301 3
555 385 1
709 350 2
370 142 3
695 661 2
769 154 3
375 400 3
711 719 3
544 236 3
784 445 2
433 527 1
391 569 1
405 406 3
76 251 3
159 582 2
394 214 3
784 318 1
564 109 2
257 304 2
501 605 1
681 325 1
565 351 1
767 418 2
591 709 1
483 713 1
379 457 3
208 578 3
4 680 3
204 219 3
215 599 3
225 16 1
434 331 1
332 417 2
645 512 3
449 673 2
728 175 2
23 417 3
281 388 2
95 147 3
184 717 3
675 515 2
99 292 2
151 114 3
5 151 3
324 444 1
234 130 1
413 431 3
320 580 1
289 278 1
174 320 3
52 661 1
212 725 3
179 613 3
638 764 2
470 230 1
96 320 2
525 168 3
751 697 2
294 119 1
770 363 1
106 769 2
270 497 2
691 725 2
352 770 1
82 755 1
403 394 2
126 504 1
770 652 2
376 557 3
754 551 3
619 302 3
793 538 1
602 551 3
762 161 3
782 556 1
163 749 2
715 709 1
158 389 2
606 98 2
250 694 2
789 378 2
137 121 1
7 668 2
732 284 2
664 694 3
740 97 1
726 236 1
735 228 2
243 332 1
640 579 2
325 21 3
478 396 2
718 689 2
388 184 3
529 757 3
701 571 3
13 597 3
444 696 3
738 42 3
368 105 2
448 38 3
577 348 2
321 383 1
143 467 3
657 468 2
488 545 2
457 63 1
756 328 1
758 648 2
225 306 2
249 595 3
92 332 2
262 651 1
550 375 1
664 519 2
223 336 1
370 207 2
625 68 1
695 645 1
60 155 1
51 107 2
452 553 3
517 39 2
333 493 2
285 453 1
780 171 2
710 778 1
39 266 2
438 696 2
679 736 3
36 694 1
501 770 2
197 537 1
783 635 2
712 273 2
703 358 1
498 525 2
402 368 2
327 793 2
468 430 2
615 607 2
61 128 2
279 157 1
392 598 1
413 495 2
223 353 3
609 257 2
62 762 1
259 235 1
712 23 3
376 328 3
473 630 2
12 778 1
17 209 1
228 223 2
609 593 2
446 246 3
591 138 1
553 555 1
410 686 2
77 593 3
552 227 3
658 173 2
104 513 3
277 485 3
257 494 1
611 764 1
183 676 3
368 36 3
88 403 2
658 382 1
292 744 3
162 618 1
337 235 2
139 28 1
160 234 3
195 432 2
677 663 3
4 454 1
474 581 2
403 48 1
736 628 3
342 110 3
255 157 2
93 367 1
737 427 2
592 715 2
115 60 2
702 717 3
4 638 2
188 590 2
331 219 1
187 230 3
598 789 2
265 128 3
603 527 3
749 422 1
234 528 3
132 685 2
361 16 2
697 62 2
702 294 2
473 214 3
251 703 2
131 128 3
315 194 3
792 767 3
526 2 3
189 458 3
512 374 3
298 394 2
428 268 1
426 547 3
787 479 3
128 12 3
117 136 1
347 310 2
79 197 3
248 12 2
365 233 2
282 539 3
307 630 2
133 402 2
201 441 3
156 619 1
36 322 1
245 429 1
210 663 2
235 498 1
400 295 2
206 436 2
497 636 2
438 396 1
434 617 2
562 406 1
592 461 3
347 742 3
246 549 1
191 109 3
668 113 2
175 61 2
109 355 3
614 691 1
733 643 1
530 501 3
285 91 3
677 295 1
474 667 3
239 437 1
471 222 2
38 356 1
678 561 2
661 179 3
357 757 3
41 746 2
746 689 2
303 387 1
132 131 1
661 84 3
543 342 1
482 127 3
724 531 2
762 724 2
583 501 3
411 484 1
206 391 2
417 198 3
359 371 2
73 582 1
8 569 1
331 245 3
254 643 2
517 521 2
785 50 2
636 387 2
625 162 3
677 783 2
658 270 3
180 184 3
214 100 3
534 550 3
302 56 2
451 341 1
581 240 1
730 716 2
757 741 3
36 179 3
749 682 1
274 301 1
238 58 1
270 14 2
263 472 3
758 379 3
248 210 3
405 650 2
37 298 2
296 298 2
255 727 2
676 320 3
459 77 3
575 280 2
280 115 3
85 181 3
771 613 3
132 0 2
198 540 3
176 56 1
417 27 3
203 19 3
314 235 3
510 701 2
646 787 3
6 472 3
504 320 1
404 630 3
156 265 1
28 596 2
25 118 3
435 32 1
305 201 2
499 262 2
136 285 2
617 264 3
472 726 2
465 457 2
82 378 1
476 173 3
482 315 1
507 306 2
575 563 2
47 102 3
61 466 2
596 769 3
5 470 1
453 510 1
453 705 3
570 77 3
474 355 2
487 549 2
640 460 2
620 393 3
434 603 1
731 457 3
8 747 2
364 54 1
564 23 3
294 631 2
550 116 2
267 537 3
159 631 1
706 218 1
484 116 2
438 27 2
442 624 1
110 751 3
438 595 1
502 475 2
188 507 3
730 47 1
108 624 2
116 743 1
771 311 2
480 320 3
518 391 3
42 457 1
328 243 2
769 97 2
132 694 1
350 268 3
633 729 2
226 9 2
355 398 1
201 103 2
549 183 1
306 396 2
614 637 1
714 315 2
164 674 2
773 64 2
566 579 3
58 253 1
295 623 1
353 490 1
140 668 2
631 762 3
99 71 1
320 4 2
64 130 3
82 156 2
305 422 3
35 517 2
668 176 2
48 262 2
296 121 3
458 320 2
689 607 2
168 738 1
160 331 1
129 287 3
728 598 3
322 680 2
714 785 1
355 185 2
291 674 3
455 159 2
560 324 1
463 575 1
102 428 1
312 679 2
249 149 2
675 72 2
732 243 2
591 765 3
532 415 2
420 154 1
158 62 2
614 376 3
429 84 2
463 785 1
115 121 1
639 362 2
327 629 3
65 368 1
259 264 2
774 788 2
724 149 2
514 760 2
343 425 1
184 150 2
720 492 1
587 332 2
460 603 3
672 609 3
506 262 2
399 689 3
37 732 3
44 165 1
290 353 1
527 117 1
105 130 2
15 188 2
335 322 3
649 71 3
722 700 2
331 378 1
114 340 3
53 224 3
539 693 2
82 432 2
430 610 3
734 701 3
364 717 1
18 300 1
131 561 3
554 611 1
706 626 2
539 13 1
619 657 1
716 707 2
649 67 2
18 508 1
665 429 2
583 137 2
106 400 2
45 269 1
79 169 1
238 659 3
647 450 3
687 590 1
479 624 3
20 208 1
634 778 1
67 745 1
46 538 1
596 247 1
267 549 3
376 632 1
216 453 2
23 289 3
87 129 2
254 464 2
42 365 2
132 358 1
629 82 2
269 390 2
529 731 2
527 74 3
221 425 2
475 96 3
190 46 1
425 147 2
556 398 2
767 592 1
469 68 1
571 774 1
391 496 1
622 197 1
482 690 2
321 73 3
305 788 3
456 91 3
116 664 1
486 704 2
182 290 2
52 172 1
477 601 2
358 264 3
668 184 1
210 604 1
403 783 3
567 704 2
38 357 1
488 499 1
537 444 1
734 10 3
385 459 3
576 270 2
16 135 1
356 561 3
475 738 1
308 298 3
47 588 1
745 700 1
606 414 1
67 144 3
407 214 3
474 511 3
412 697 3
396 188 2
230 70 1
28 305 1
140 689 1
445 405 1
507 699 1
158 119 2
595 127 3
60 150 2
95 571 3
747 586 1
523 480 1
256 289 1
662 534 1
765 522 2
84 438 2
520 784 1
463 724 2
78 276 2
209 706 2
35 359 1
152 650 3
737 702 1
500 381 3
749 237 1
786 642 1
553 280 3
21 234 1
141 332 2
280 735 2
165 425 1
596 538 2
296 567 3
157 430 1
278 364 3
686 231 1
38 696 3
102 300 3
8 429 2
77 602 1
792 280 2
704 182 3
689 122 1
367 303 3
753 785 3
789 324 2
34 15 2
467 244 2
682 690 1
650 481 2
448 277 1
609 209 2
261 598 1
72 91 3
594 480 2
309 255 1
176 178 3
769 80 3
111 601 2
164 131 1
651 436 2
333 88 1
51 773 2
443 27 1
784 292 2
467 108 1
447 193 3
436 179 3
780 688 2
590 362 2
476 387 2
271 675 3
405 362 3
633 307 2
32 577 3
177 742 1
744 575 1
372 740 3
631 534 1
159 278 1
286 558 2
412 533 1
159 481 2
623 107 3
119 30 2
668 459 2
645 562 1
396 169 2
620 598 1
509 752 2
15 129 3
144 41 1
291 598 3
383 723 2
640 296 3
515 216 1
15 486 1
502 100 1
209 468 3
80 485 3
751 323 1
488 605 3
441 334 2
762 566 3
120 397 1
653 115 3
611 252 1
487 728 2
166 580 3
793 66 3
302 229 1
42 625 1
142 596 2
342 519 1
19 346 1
476 557 3
752 601 1
236 273 3
275 14 2
328 769 2
601 37 3
785 659 2
670 148 2
564 299 2
667 350 1
488 193 1
281 38 1
484 406 3
656 696 2
255 469 3
454 719 3
82 585 3
323 693 3
440 744 1
468 565 1
35 500 3
2 74 2
691 198 1
152 485 1
515 212 2
456 591 1
191 746 1
77 219 2
515 148 2
349 668 2
105 700 3
262 236 1
714 239 2
165 633 2
396 586 2
395 75 3
255 518 2
151 48 3
127 264 2
479 386 1
378 640 1
131 227 1
87 52 2
269 131 1
155 698 1
307 237 3
402 551 1
525 163 3
115 629 3
114 440 3
401 583 1
412 234 2
174 647 3
790 244 1
26 506 3
685 623 2
72 451 1
217 257 3
760 120 3
242 45 2
665 391 1
39 310 1
655 15 3
89 706 2
600 662 1
430 226 3
26 719 3
552 13 3
489 411 1
267 753 1
713 588 2
334 208 3
688 275 2
344 760 1
496 653 2
264 442 3
634 446 3
170 520 3
129 19 3
346 420 1
488 69 2
318 280 1
466 618 2
580 507 3
705 438 2
687 324 2
266 721 1
238 473 2
369 673 1
519 189 1
301 73 1
269 57 1
639 386 3
492 354 3
136 383 2
74 418 1
190 700 3
637 460 1
170 606 2
282 485 3
632 455 1
122 360 2
612 441 2
734 652 3
473 260 3
280 460 1
719 94 2
661 123 3
199 469 1
580 431 3
597 74 1
398 483 1
69 348 1
406 318 1
455 545 1
97 765 3
374 717 2
636 537 2
130 561 1
521 660 3
599 125 1
359 493 2
258 430 2
718 720 3
507 227 1
742 227 3
109 605 3
581 101 1
508 602 3
439 133 1
50 72 3
358 215 3
88 767 1
733 344 2
692 104 2
406 346 3
201 694 3
272 340 2
146 225 1
379 772 2
82 785 1
651 722 2
632 493 2
50 30 3
504 197 2
70 189 3
629 55 3
110 465 2
770 733 1
149 391 1
284 452 2
686 304 3
50 655 2
316 427 1
682 253 2
587 711 3
684 126 2
541 621 2
618 566 1
411 414 2
793 688 3
119 715 2
712 382 3
143 419 2
219 19 2
230 258 3
207 779 1
213 408 3
347 184 2
256 245 2
722 158 3
569 740 3
535 148 2
539 228 3
287 307 1
314 676 2
389 577 1
274 639 3
215 298 2
425 631 1
668 384 2
80 120 3
138 363 2
771 353 1
33 285 1
10 340 1
645 416 1
75 276 1
340 488 3
487 482 2
652 428 3
678 274 1
113 636 2
226 521 3
479 275 1
427 243 1
239 50 1
312 676 3
339 315 2
210 756 3
530 417 3
601 457 1
229 570 1
435 208 2
256 521 1
117 232 2
122 78 3
78 110 3
385 226 2
240 780 2
302 711 3
408 637 1
759 5 3
218 645 2
335 259 3
382 576 1
341 754 3
102 266 3
177 326 2
259 308 1
644 228 1
82 577 3
119 417 1
190 686 1
112 56 1
738 604 1
473 592 2
178 403 1
17 29 3
261 486 2
395 491 3
275 715 3
650 790 1
216 626 1
450 716 2
111 418 1
238 274 2
168 524 1
141 322 1
152 484 3
341 403 2
464 32 2
242 628 2
118 125 1
433 329 2
562 164 1
456 519 2
94 577 3
98 348 2
666 123 2
666 734 3
277 492 1
745 347 3
272 550 2
557 130 3
286 547 3
354 586 3
171 173 3
671 218 2
157 380 2
304 518 1
504 588 3
682 458 1
378 541 1
737 75 2
497 467 3
419 97 1
245 14 1
606 33 3
647 102 2
142 554 1
231 221 3
511 92 1
19 231 3
92 702 1
670 210 2
344 465 3
572 259 3
563 470 3
448 373 3
676 747 1
632 100 3
372 697 3
602 541 3
584 575 2
644 227 2
639 223 1
530 599 2
182 648 3
467 91 2
144 745 3
131 263 3
232 725 2
691 111 2
184 542 2
131 768 1
482 677 1
5 653 1
287 456 2
793 382 1
36 105 1
591 281 1
714 752 3
401 637 2
343 402 2
607 560 2
474 182 2
369 722 2
383 2 1
652 674 2
270 324 1
142 193 3
384 225 3
86 339 1
295 10 1
698 355 2
312 313 1
459 575 3
500 450 1
690 375 1
599 446 3
6 766 2
786 737 3
115 398 1
461 353 3
712 255 2
430 375 3
82 317 2
247 652 3
632 549 3
163 480 3
120 84 2
629 85 3
663 298 1
693 103 2
275 691 1
178 242 2
585 240 1
680 370 1
128 167 1
510 735 3
484 643 3
612 409 3
303 790 3
603 61 3
653 196 2
394 550 3
698 788 3
784 85 1
455 130 2
366 412 1
119 513 2
241 20 3
400 239 1
494 583 1
264 156 3
370 92 1
640 554 1
240 731 2
362 323 1
520 275 3
649 361 3
123 478 1
531 608 2
545 638 3
245 161 1
395 410 2
153 520 3
753 365 3
381 389 1
462 3 1
303 668 3
322 710 3
476 373 2
747 91 1
611 287 1
679 152 2
457 582 3
427 622 3
662 514 1
349 300 2
12 471 3
199 231 3
591 75 1
61 300 2
481 587 1
152 296 2
154 407 2
698 48 3
99 756 3
324 164 2
276 45 2
556 725 3
444 569 3
223 363 3
628 356 2
742 257 2
578 502 2
524 707 1
755 545 3
678 469 2
256 271 2
560 669 3
463 248 1
82 565 3
295 702 2
265 577 3
689 494 3
388 709 2
338 465 3
228 494 1
495 721 1
16 149 1
5 208 1
114 793 2
172 298 3
738 246 3
109 523 1
61 514 1
138 487 1
769 6 1
266 332 2
566 206 1
114 127 2
536 483 1
258 11 2
630 748 2
284 90 3
347 148 1
214 551 3
15 394 3
212 599 2
360 181 1
207 478 1
753 337 3
94 561 2
392 648 3
322 39 3
738 423 3
307 134 1
427 328 1
162 762 1
147 455 3
59 271 3
393 320 2
535 393 3
294 600 1
249 451 3
259 127 1
141 530 2
290 125 2
353 761 1
604 275 3
70 791 3
167 397 1
128 789 2
620 419 2
501 606 1
609 684 3
379 212 3
27 76 2
717 671 1
593 163 1
593 316 1
145 299 2
427 515 1
542 358 1
384 642 1
250 11 1
564 277 2
70 581 2
621 574 3
443 459 3
788 459 1
454 185 2
224 329 3
367 779 2
733 750 1
208 694 3
329 521 3
513 793 3
175 146 3
406 429 2
312 329 3
301 348 2
722 284 3
180 749 3
401 718 3
686 499 3
477 520 1
343 37 2
517 708 2
736 83 3
369 374 2
303 587 3
775 690 2
473 763 3
7 309 1
349 592 1
276 434 3
157 407 1
327 249 3
74 311 2
660 224 3
651 746 2
685 416 2
783 268 2
451 483 3
671 35 1
496 338 1
83 279 3
192 385 1
135 310 2
82 89 2
689 168 1
532 163 2
490 245 2
510 592 2
609 129 3
218 136 2
256 89 1
447 504 3
742 166 2
721 124 2
381 692 1
95 39 3
721 352 1
390 286 1
19 230 1
228 314 2
400 407 1
524 249 2
215 607 1
392 758 3
223 403 2
82 95 2
288 100 2
455 372 2
116 48 3
718 495 1
612 448 3
642 409 3
622 635 3
679 440 2
95 66 2
347 93 2
58 455 3
341 615 2
137 353 3
112 42 1
225 374 2
220 745 2
783 532 3
735 470 3
65 487 2
265 506 1
368 154 2
522 474 1
149 332 2
238 550 2
164 260 2
213 633 1
737 64 3
604 412 1
193 105 1
314 117 2
188 200 1
222 79 1
286 54 3
43 291 2
357 161 2
747 737 1
477 707 1
556 513 1
293 411 3
702 397 3
443 263 1
509 107 1
111 66 1
217 142 1
466 751 3
153 55 3
719 128 1
438 164 1
736 615 1
283 363 1
72 297 2
452 451 1
493 122 1
337 634 3
330 329 2
574 55 2
775 440 3
375 113 3
409 185 3
278 645 3
548 677 1
498 13 3
750 258 2
36 352 1
362 470 2
263 701 3
660 681 1
85 452 2
80 321 2
531 504 2
225 378 1
342 523 1
602 273 1
283 183 1
177 740 1
414 37 3
34 324 1
137 183 3
389 501 1
435 344 2
287 463 2
339 434 2
425 721 1
304 784 3
699 490 1
747 88 3
98 398 1
227 597 3
268 400 1
346 158 3
487 316 2
793 110 2
603 404 3
767 111 2
697 41 2
684 664 1
679 680 1
644 14 1
590 258 3
369 200 2
292 108 1
447 281 2
20 402 1
696 301 1
614 744 2
738 67 3
635 509 2
589 386 1
454 734 2
268 683 2
720 789 1
569 554 1
73 280 2
39 29 2
30 95 1
165 586 2
204 677 1
32 248 2
534 250 2
509 483 2
183 776 3
640 393 3
584 467 3
153 102 3
121 394 1
271 652 3
365 537 3
265 227 1
403 230 1
620 390 2
100 518 1
724 410 1
2 445 2
750 253 3
662 294 3
609 35 2
65 506 1
400 299 2
552 633 3
387 12 3
387 269 3
706 58 3
611 378 3
486 174 2
662 556 3
792 311 3
446 428 2
760 435 3
591 61 3
541 450 1
185 194 3
451 420 1
625 771 1
172 449 3
184 600 1
545 315 3
283 297 2
526 22 2
456 678 3
160 681 3
338 607 1
539 37 2
395 513 1
90 781 1
781 62 2
645 99 2
401 590 2
528 493 3
646 149 1
478 553 2
425 431 1
626 569 3
37 133 2
546 94 1
308 769 1
502 792 3
389 672 2
31 659 2
213 390 1
716 216 1
791 775 1
34 243 3
91 491 3
565 422 3
654 441 3
54 715 3
53 751 3
653 321 2
239 787 3
372 415 1
67 625 1
774 538 1
243 201 2
264 11 2
538 43 2
344 6 2
687 14 3
727 354 3
419 603 1
587 220 2
572 487 1
400 696 1
726 631 2
669 39 1
13 335 1
536 174 3
23 158 3
560 708 2
661 636 2
244 677 2
315 756 2
318 524 2
737 688 1
345 548 1
239 283 3
207 414 3
623 542 3
787 299 3
32 642 1
654 240 1
373 479 3
328 399 1
131 612 2
457 591 2
53 358 2
70 724 3
560 85 3
753 441 1
510 763 1
606 277 3
474 527 3
288 766 3
122 736 2
694 169 1
360 35 2
507 564 1
684 734 1
27 595 2
267 151 3
284 775 2
102 674 1
457 764 1
697 315 2
576 196 1
16 158 2
397 789 1
387 41 1
255 574 3
359 203 3
506 333 1
212 270 1
367 774 3
351 99 2
483 454 1
19 404 2
488 378 3
82 573 1
769 675 3
649 261 3
373 90 1
199 649 3
468 537 2
472 1 1
590 376 3
376 479 1
514 735 2
263 390 2
185 501 2
33 712 3
369 573 2
349 356 2
545 593 1
660 408 1
12 303 1
389 282 3
733 445 2
9 65 1
607 414 2
606 184 1
470 761 2
617 507 2
779 510 2
59 240 3
721 175 2
727 159 2
73 115 1
251 467 1
601 518 3
500 420 1
133 531 2
484 650 1
211 567 2
779 303 3
25 521 2
258 639 1
140 628 3
527 122 3
392 163 3
692 236 2
425 769 2
6 358 1
509 277 2
4 410 1
16 140 2
94 92 1
277 310 2
445 265 2
138 638 1
789 618 3
709 569 3
546 650 1
18 290 1
302 468 3
438 755 1
541 419 1
544 54 2
441 535 3
581 681 3
743 261 1
270 369 2
80 553 2
142 312 3
535 597 3
214 707 1
202 623 3
703 69 3
379 428 1
580 534 1
638 655 2
0 773 2
433 454 1
401 288 2
181 361 3
766 573 2
63 636 2
631 709 2
787 23 2
171 55 1
588 300 2
284 287 2
670 449 3
88 314 3
234 501 1
58 259 3
720 744 3
360 459 2
443 227 3
318 700 3
444 337 1
543 198 2
596 380 1
488 743 1
709 648 3
354 50 1
541 312 3
660 24 2
487 176 1
238 712 2
233 149 3
793 347 3
752 124 1
655 501 2
379 133 3
456 775 3
432 703 2
400 754 2
395 361 1
194 451 2
626 550 3
791 48 1
392 564 1
404 438 3
233 788 2
266 156 1
195 780 3
401 352 1
690 438 1
368 340 1
354 556 3
619 144 3
308 244 2
258 631 3
714 543 3
408 62 1
13 650 1
309 339 1
575 742 2
608 549 1
484 413 2
421 557 3
300 273 2
226 661 2
590 517 3
774 674 3
724 582 3
264 69 3
736 257 1
550 665 1
169 413 1
62 647 3
324 512 2
187 762 3
228 76 3
297 551 2
312 767 2
679 669 2
23 528 1
163 552 1
629 460 3
23 739 3
176 361 1
754 578 2
267 640 3
297 422 1
323 681 1
148 260 3
573 634 3
620 735 2
429 172 2
168 290 3
247 648 2
649 657 1
722 251 2
769 552 1
328 491 1
642 766 1
102 80 2
62 40 1
211 510 1
237 248 3
387 414 1
349 309 1
289 516 1
491 390 3
112 627 2
765 613 3
698 100 3
205 198 2
570 532 3
239 306 1
154 42 2
517 154 1
541 520 3
35 345 3
142 727 3
563 657 3
247 342 3
507 720 3
488 764 1
91 569 1
671 365 3
156 276 2
428 498 1
211 143 1
378 505 1
656 449 1
684 758 1
776 283 2
642 393 3
437 546 1
127 544 1
336 241 1
107 787 3
26 659 3
640 569 2
377 20 3
38 624 1
436 703 3
116 764 2
203 762 1
557 450 1
728 463 1
465 11 3
561 387 1
614 471 1
788 127 1
498 197 3
698 366 3
353 620 3
761 687 1
74 231 3
248 589 3
469 704 1
666 292 1
728 326 3
614 208 2
223 689 2
382 192 3
753 789 2
333 383 2
641 229 2
682 534 2
759 529 3
708 448 3
612 709 3
653 452 1
182 716 3
646 538 1
110 116 1
353 658 3
256 391 3
669 66 3
757 484 2
542 605 1
194 337 2
720 581 2
360 17 1
378 415 3
318 624 1
352 774 3
792 154 2
391 148 2
518 602 1
60 250 1
461 563 3
432 324 3
778 741 1
538 738 2
713 270 2
577 279 1
687 4 3
157 676 2
144 758 2
301 36 1
312 163 2
254 385 2
199 740 1
491 215 1
553 23 2
506 760 2
766 377 1
773 225 3
387 440 2
630 738 2
6 769 1
727 11 2
42 73 3
463 177 1
682 755 2
509 40 1
660 377 3
372 30 1
621 347 2
547 383 3
17 34 1
420 187 2
362 385 2
103 561 3
14 512 2
713 468 1
250 273 2
635 281 2
287 471 1
93 643 3
300 606 2
558 567 3
776 251 2
286 46 3
201 123 1
14 218 3
747 280 2
616 472 3
500 235 3
784 412 2
15 116 2
124 261 1
576 728 3
292 787 1
766 349 1
38 593 2
526 403 2
38 147 1
745 284 1
480 173 3
605 368 3
410 451 3
665 767 2
542 233 3
102 2 1
699 593 1
78 584 3
625 199 3
290 37 3
666 776 3
729 297 3
140 690 2
577 377 3
201 235 2
457 10 3
61 200 1
788 759 1
51 58 2
741 730 3
21 407 3
376 285 2
644 636 1
142 204 3
413 22 1
58 630 2
77 115 3
57 470 2
428 668 1
564 250 2
430 382 1
141 755 2
270 284 1
737 59 1
514 269 2
371 663 3
777 165 3
415 299 1
330 349 2
600 65 1
275 164 2
73 547 2
164 143 1
785 490 2
109 428 2
179 306 1
774 741 1
540 290 2
443 444 1
173 350 1
763 319 3
60 163 1
572 672 2
609 29 2
34 540 3
479 156 3
770 232 3
115 600 1
633 38 3
763 58 2
293 285 2
450 96 2
294 343 2
596 212 3
3 679 3
605 278 2
623 28 2
638 356 2
582 525 3
773 507 1
383 535 3
776 301 1
306 417 1
25 578 3
234 481 2
271 628 3
657 781 2
441 340 3
764 635 2
486 12 3
190 132 1
330 510 1
635 685 1
316 224 2
236 461 1
296 590 2
276 534 3
604 750 2
609 309 1
348 165 1
276 189 1
116 186 1
454 408 3
93 364 2
413 487 3
403 147 3
536 302 1
102 682 1
299 464 3
184 185 2
453 462 3
433 126 3
730 302 1
341 116 1
739 629 3
760 46 2
505 628 3
5 453 1
349 461 2
693 289 2
287 771 3
557 224 1
93 574 3
215 7 1
333 549 3
700 457 3
646 305 1
438 573 3
69 515 2
712 109 2
775 364 2
484 756 1
248 375 2
440 512 3
689 683 3
699 719 3
640 597 1
18 59 2
207 320 2
109 653 3
741 718 1
460 784 1
500 495 1
539 432 1
659 86 1
268 749 1
537 269 3
503 455 1
625 718 1
659 725 1
9 142 2
54 26 3
179 709 2
484 316 2
257 330 2
398 453 1
230 303 2
534 30 3
498 37 2
662 474 3
503 368 1
637 461 1
682 725 3
598 758 1
782 144 1
510 264 3
93 768 2
43 117 1
206 201 1
557 625 1
788 315 1
65 618 3
734 588 1
663 376 2
261 511 2
479 674 3
305 335 3
285 94 3
630 329 2
193 538 1
91 263 1
470 651 1
271 456 2
726 11 2
317 482 1
476 148 3
371 53 3
702 307 2
214 46 1
407 756 3
700 318 3
668 164 2
366 601 2
791 370 2
369 597 3
510 402 1
420 730 1
136 52 3
462 290 1
764 488 3
563 774 1
677 35 2
252 633 3
251 156 3
230 767 2
400 469 3
115 752 3
633 167 3
16 457 3
522 87 3
509 331 3
357 200 2
158 499 1
335 424 1
3 484 1
262 132 2
578 141 1
93 302 3
35 96 3
94 668 3
337 2 1
356 451 1
567 582 3
601 276 2
3 319 3
426 163 3
46 654 3
570 612 1
396 229 3
785 353 3
151 456 2
59 396 3
167 761 2
695 72 2
350 48 3
191 452 3
56 622 1
690 783 3
695 619 3
601 704 3
222 31 3
104 461 3
103 625 3
131 318 3
620 421 1
355 281 3
497 179 1
210 635 1
80 23 3
192 712 3
157 38 3
692 481 2
440 745 2
686 416 2
205 286 3
466 592 2
771 227 3
790 58 2
405 223 3
340 383 1
254 316 2
151 285 1
336 214 2
269 499 3
236 302 2
623 389 2
100 455 1
134 284 2
11 383 3
112 601 2
331 753 2
283 689 1
739 462 1
491 305 1
788 192 3
321 294 2
452 540 2
384 430 2
417 706 1
216 648 1
86 211 1
276 168 1
510 565 3
593 121 1
769 666 3
479 307 2
615 402 2
36 670 1
654 531 2
656 534 3
252 389 3
285 398 3
575 181 3
768 535 3
631 201 1
532 111 2
474 655 1
682 90 1
516 503 2
632 743 3
496 364 2
110 520 1
335 577 2
77 544 2
109 138 1
143 208 2
233 736 1
502 311 2
599 678 3
82 304 3
710 731 2
267 384 3
573 309 2
293 203 1
237 608 3
254 720 2
63 66 3
348 429 3
163 638 3
224 630 2
382 303 1
659 716 2
165 51 1
526 238 3
99 213 3
327 87 3
605 436 2
637 687 2
594 564 3
594 437 2
254 425 2
155 760 2
372 169 1
349 669 3
234 131 2
439 712 3
497 151 1
40 158 1
199 498 1
519 455 3
119 587 3
6 765 1
324 622 1
194 590 1
544 723 2
639 137 1
329 225 3
418 518 3
517 97 3
742 45 1
403 164 3
661 606 1
559 653 2
564 704 3
320 709 2
153 539 1
670 624 1
259 507 2
63 277 1
348 272 2
758 78 3
94 681 3
708 2 3
394 346 3
397 617 3
293 441 1
536 210 3
326 235 3
158 139 3
519 598 1
671 144 1
667 681 2
349 659 2
717 673 2
618 562 3
346 376 1
228 265 3
627 74 3
90 573 1
427 68 2
107 448 3
541 215 3
340 314 3
195 777 1
372 217 1
674 656 1
655 689 1
270 205 1
661 426 3
108 237 3
338 94 2
493 566 2
68 170 1
780 334 3
715 704 2
301 654 1
143 670 1
365 299 1
478 663 1
739 1 3
63 50 1
733 498 3
717 680 3
528 525 2
642 542 3
553 718 1
460 559 1
559 486 1
587 303 3
202 326 2
109 204 1
442 565 2
24 285 1
411 71 2
437 678 2
302 619 3
12 277 2
518 433 3
649 248 3
674 115 3
499 716 2
71 289 2
457 75 2
573 660 1
284 382 3
29 619 3
66 731 1
402 200 1
714 580 3
88 478 1
148 279 1
731 784 3
516 530 3
188 500 2
622 7 1
749 769 2
676 159 1
543 65 2
90 393 3
492 239 3
294 3 3
179 766 3
666 354 1
509 744 1
165 192 1
55 244 3
45 646 1
493 679 3
129 697 2
266 719 1
232 428 3
38 448 1
230 281 1
413 286 1
527 602 1
446 736 2
96 276 2
572 686 1
57 348 1
735 615 2
162 647 3
543 184 1
259 337 3
603 306 3
194 12 3
400 530 3
12 512 2
55 626 1
272 543 1
247 477 3
249 175 1
388 233 2
453 8 3
516 472 3
191 21 2
492 126 3
27 83 2
8 357 3
764 347 3
273 445 2
660 515 3
642 603 3
282 41 1
650 515 3
149 126 1
604 341 2
654 182 1
204 588 3
371 620 1
630 66 3
233 342 3
698 211 3
12 237 3
557 276 2
761 729 3
564 760 1
573 191 1
484 466 1
267 729 1
306 651 3
569 344 1
181 524 3
499 375 3
166 757 1
621 676 1
631 61 2
111 651 3
282 174 3
532 506 3
164 82 2
75 567 2
202 673 3
434 46 3
725 140 2
378 731 3
328 164 2
681 458 1
306 535 1
444 559 2
725 659 3
779 142 1
775 447 3
424 342 3
313 108 1
485 316 2
520 567 1
480 282 2
384 420 1
466 762 3
675 489 2
762 70 3
503 710 2
761 601 2
30 265 2
160 174 1
29 711 2
686 352 3
626 65 3
435 505 2
658 274 1
266 534 3
612 390 2
555 500 2
504 492 1
158 454 2
780 551 3
61 260 1
408 121 1
380 106 2
394 253 2
384 771 2
541 9 1
437 291 3
256 694 1
647 653 2
361 682 1
710 283 2
550 268 3
5 103 2
522 607 3
460 614 2
456 695 1
7 36 3
311 14 1
687 100 3
670 240 3
50 144 3
401 450 1
241 713 2
71 79 3
535 405 1
117 179 3
457 562 1
389 172 1
27 512 3
404 706 1
748 442 3
623 6 1
230 763 2
163 529 1
301 104 3
117 225 3
358 645 2
555 704 1
531 284 1
353 78 3
13 446 1
92 437 1
369 769 2
707 542 3
322 452 2
91 626 1
97 346 2
401 730 3
74 138 1
620 580 1
752 429 3
739 529 3
28 662 3
691 634 3
151 675 3
766 234 2
449 355 3
373 793 1
208 254 2
37 2 1
476 23 3
636 552 3
290 745 1
666 320 3
752 481 1
655 520 3
90 110 1
725 115 1
305 72 3
315 676 1
135 431 2
752 300 1
342 230 1
34 221 2
605 347 3
530 432 2
461 591 1
161 5 1
30 524 1
664 769 2
241 719 1
482 600 2
566 569 2
771 640 3
232 210 2
760 449 2
429 518 1
207 483 3
793 622 3
20 498 2
212 164 3
585 777 1
540 400 1
21 452 2
765 242 1
27 791 2
759 518 1
93 159 3
541 641 2
135 272 3
769 554 3
735 70 2
173 453 1
463 373 1
623 500 2
749 633 3
307 216 1
125 715 1
279 244 3
521 455 3
552 770 3
424 66 1
277 26 3
128 430 3
560 722 3
622 369 2
445 379 1
585 567 1
309 246 2
309 57 1
370 479 2
192 353 2
694 122 1
121 142 2
399 328 2
623 322 3
136 589 2
405 90 1
325 382 1
430 286 3
115 741 1
129 385 3
700 543 1
670 551 3
537 125 3
53 396 2
278 147 3
385 50 1
4 255 3
143 257 3
784 450 2
483 427 1
194 255 2
658 654 3
325 489 1
392 155 3
70 561 1
302 565 3
19 645 3
154 344 2
773 692 3
244 543 1
270 32 3
214 397 1
224 105 1
574 675 1
202 608 1
285 483 3
445 639 1
144 765 3
415 10 2
327 747 2
273 39 1
554 739 1
317 584 1
596 392 1
396 651 3
766 431 1
503 316 3
73 771 1
77 531 2
316 156 1
37 785 1
651 54 2
593 565 2
15 747 3
453 750 1
282 389 2
307 24 2
734 124 2
327 413 1
136 124 1
60 710 2
242 754 1
231 61 2
781 769 1
123 377 1
667 104 1
789 340 1
237 414 2
98 27 3
572 157 3
562 144 2
789 193 1
133 749 1
167 273 3
407 691 1
511 391 2
325 36 1
265 512 2
138 527 3
774 609 1
182 301 1
616 566 2
504 664 3
562 723 2
453 771 3
320 372 2
288 432 2
500 528 1
597 562 3
228 242 2
772 535 3
85 354 1
46 477 3
297 720 1
54 365 1
92 715 1
761 710 2
193 267 2
238 740 1
637 187 3
415 664 1
527 477 2
93 108 2
226 373 1
168 508 1
482 427 2
76 421 3
472 774 1
687 372 2
711 3 1
680 532 2
326 52 2
398 647 1
478 63 3
177 696 2
275 323 1
218 563 1
558 566 3
462 67 2
554 387 2
146 188 2
187 149 2
221 15 1
181 610 3
458 364 2
385 347 2
97 666 2
649 441 2
166 16 3
424 716 1
558 290 2
496 382 1
89 277 2
365 309 3
689 367 2
364 278 2
461 530 1
688 682 1
591 604 3
633 47 1
373 525 3
322 121 1
544 600 2
603 345 1
509 507 2
646 702 3
709 316 2
86 134 1
679 446 1
457 234 2
632 651 3
546 428 1
700 618 3
66 173 3
485 733 3
656 287 2
220 108 3
466 452 1
292 519 2
549 738 2
234 471 3
170 73 1
682 708 2
434 719 2
324 308 1
220 143 1
528 782 1
777 191 2
450 396 3
401 210 3
327 444 1
508 514 3
575 200 3
636 751 3
182 202 2
577 300 2
561 93 1
658 333 1
580 517 2
612 556 3
618 359 1
202 526 1
647 329 2
581 639 3
433 605 1
19 216 1
594 115 3
309 678 2
702 403 2
204 123 3
679 40 2
429 176 3
691 681 3
785 212 2
263 592 1
652 211 3
66 587 3
752 123 2
721 143 1
772 524 3
259 332 1
514 637 2
163 487 1
535 327 1
527 731 2
541 582 2
373 780 1
263 475 3
388 707 2
86 696 2
584 369 3
592 458 1
203 205 2
375 324 1
486 319 1
675 652 2
324 301 3
186 547 2
29 555 3
574 458 2
547 611 1
459 212 3
443 698 1
379 207 2
200 238 2
72 431 1
465 0 3
462 396 2
218 758 2
720 6 2
73 69 2
509 418 3
416 366 2
624 523 1
41 583 3
204 518 3
372 293 3
489 243 2
382 219 1
784 349 3
626 591 2
103 418 1
126 782 2
143 677 1
381 562 3
593 634 1
391 173 3
632 681 1
486 677 1
114 455 1
39 146 2
496 728 3
498 454 3
16 182 1
320 273 3
576 435 1
565 101 1
790 199 3
381 191 2
135 538 2
359 514 1
86 498 1
437 665 2
313 203 1
778 693 2
363 695 1
542 42 1
342 155 2
415 279 2
106 359 1
309 509 2
421 337 3
608 781 1
650 637 1
231 765 1
173 708 2
154 306 2
722 529 1
339 141 3
174 155 1
469 762 1
405 777 2
149 691 3
629 83 3
647 47 1
223 556 2
139 558 2
522 780 3
360 428 1
485 203 1
733 261 3
108 474 2
47 361 1
769 44 3
47 497 1
365 732 1
48 472 2
352 203 2
203 781 1
551 181 3
395 604 2
244 210 3
554 481 3
632 28 3
741 727 2
272 612 3
273 239 2
10 125 3
169 27 3
164 569 1
178 168 1
510 348 2
236 647 2
371 159 1
602 642 2
13 753 1
193 387 2
231 773 1
788 345 1
345 259 3
408 714 3
432 731 2
338 642 1
534 358 2
158 123 1
156 344 2
106 154 1
478 103 3
485 211 3
8 295 3
777 373 1
282 651 3
614 465 3
82 741 2
449 150 3
316 665 3
197 181 3
2 485 2
548 123 1
240 304 2
320 82 2
374 734 1
324 215 2
203 552 2
571 91 3
156 435 2
376 356 2
310 533 1
406 479 3
140 360 1
433 767 1
665 689 2
170 146 2
538 448 1
726 620 2
778 766 2
564 290 2
441 3 1
485 212 3
537 108 2
106 311 3
112 126 1
791 34 1
685 119 2
362 535 2
702 487 3
448 694 1
638 745 2
569 233 2
347 751 3
185 256 2
561 759 1
221 681 3
544 774 3
44 350 2
561 514 3
407 261 2
791 75 2
367 405 2
510 717 3
43 157 1
147 364 3
217 439 2
394 150 1
666 560 1
49 207 2
109 197 3
746 364 2
160 503 2
171 231 2
701 2 3
690 509 1
693 760 3
457 645 3
629 192 3
355 789 2
140 578 3
308 222 1
426 363 3
703 85 2
580 29 2
787 107 3
151 330 2
158 73 2
215 109 3
271 139 1
767 666 1
672 305 2
402 759 3
595 452 2
622 155 1
691 544 2
731 29 2
270 133 2
373 378 3
522 346 2
366 209 1
427 452 2
522 752 3
75 507 2
34 538 3
502 726 3
793 194 3
597 161 1
641 58 2
301 567 2
498 606 1
186 100 1
728 44 1
263 55 1
429 470 1
553 133 1
217 304 1
527 340 3
95 122 1
42 547 1
317 547 1
283 731 1
493 230 2
667 562 1
627 240 2
311 420 3
762 326 3
326 327 3
23 605 3
188 337 2
184 560 2
40 466 3
76 654 1
400 393 3
698 356 3
716 48 2
23 708 3
383 115 2
645 263 3
271 326 3
276 736 2
338 762 1
619 739 1
614 388 2
494 456 1
193 178 3
108 228 1
157 279 1
619 528 2
66 210 1
307 198 1
197 744 3
568 193 2
759 148 2
88 135 1
605 285 2
26 393 1
641 386 2
106 265 2
413 200 3
99 714 2
463 127 3
172 363 3
207 477 3
154 350 3
15 619 2
315 484 1
118 465 1
677 635 3
733 724 2
619 763 2
693 417 1
337 106 2
424 338 2
87 784 2
98 5 3
655 53 1
161 201 3
723 690 2
546 201 2
140 313 3
157 367 2
203 562 2
711 412 1
551 331 1
338 92 1
457 517 1
362 454 1
477 723 1
481 683 1
591 108 1
168 80 1
535 311 3
744 276 1
561 232 1
450 569 3
640 535 3
287 62 3
155 170 2
169 419 2
126 582 2
739 652 1
391 327 1
323 376 1
569 162 2
519 475 3
60 515 2
43 273 2
690 667 3
81 429 3
733 6 2
540 557 1
241 579 3
399 433 3
508 183 2
227 617 1
591 158 2
46 41 2
779 649 2
630 467 1
561 532 2
611 29 3
454 557 2
181 532 3
140 619 2
18 742 3
769 145 3
670 522 2
460 749 3
499 45 3
364 506 1
136 745 2
548 177 3
722 451 1
119 526 2
29 381 3
645 389 2
172 487 3
424 159 3
641 12 3
243 209 2
750 281 1
134 601 3
783 67 1
113 277 2
449 667 1
527 154 1
779 104 3
426 323 1
504 214 2
664 389 1
516 116 3
327 182 2
230 529 2
122 497 2
677 225 1
493 296 1
111 54 1
497 708 3
658 136 1
103 404 3
125 501 1
423 781 3
354 306 3
731 417 3
732 650 3
772 493 1
138 176 1
532 340 2
748 657 3
627 138 3
219 589 2
367 582 3
363 468 3
475 645 1
558 712 1
111 416 1
537 374 1
650 338 3
501 242 1
85 293 1
198 601 2
559 657 3
736 466 3
253 437 2
408 132 1
625 221 3
146 115 2
498 300 3
149 781 3
611 306 3
753 707 3
676 623 2
624 633 1
38 31 3
263 186 1
82 36 1
418 383 1
648 500 3
611 674 2
207 1 2
384 330 1
626 504 1
358 788 1
132 183 1
330 440 2
669 355 2
542 441 1
752 162 1
42 660 1
110 688 2
597 632 2
409 238 3
82 628 2
565 411 2
716 484 3
358 603 1
680 407 1
415 777 1
624 349 3
335 637 2
710 262 1
446 561 2
296 59 3
422 389 1
124 770 3
282 338 2
402 101 3
116 124 3
515 540 3
427 342 3
202 555 1
773 685 2
101 744 2
511 474 3
674 275 1
252 490 2
8 4 3
770 756 1
198 429 2
80 294 1
260 401 2
789 350 1
168 123 1
490 360 1
326 267 2
199 22 3
604 625 1
489 481 1
43 792 3
138 203 3
572 667 3
660 491 2
430 381 3
533 631 3
431 401 2
112 183 3
209 582 3
473 480 3
734 493 1
478 45 2
758 657 2
456 773 3
585 94 1
708 7 1
654 570 2
21 166 1
729 330 3
271 244 3
338 484 3
61 450 1
480 732 1
448 447 2
609 297 3
538 558 2
501 292 3
384 424 2
259 418 1
566 100 3
634 381 3
145 418 3
672 396 1
762 511 3
685 196 3
410 44 2
619 149 1
247 257 1
714 524 2
497 736 1
562 682 2
47 8 2
790 454 3
540 537 2
779 687 1
183 270 2
180 696 2
16 344 3
223 789 1
188 745 1
511 423 2
660 13 3
663 64 2
170 748 3
731 436 2
194 633 1
728 116 1
259 253 1
289 135 3
593 154 1
387 540 1
236 299 2
646 61 2
89 335 3
675 146 2
19 34 2
529 3 2
715 204 2
108 680 1
88 575 1
445 3 2
704 206 3
168 111 1
216 154 3
357 183 3
234 288 2
28 386 1
772 318 3
30 728 1
533 751 3
541 147 1
195 675 3
300 22 3
766 231 3
225 745 1
298 632 2
676 77 1
436 274 1
157 540 2
301 83 1
360 404 1
688 673 1
153 147 3
585 178 3
691 39 2
150 553 2
739 516 2
495 569 1
59 432 2
530 410 1
503 427 3
255 593 3
691 540 2
318 775 2
464 144 2
239 205 3
241 762 3
757 389 1
75 177 1
384 377 3
115 400 2
248 666 3
92 612 1
592 126 1
696 541 1
633 137 3
395 83 1
357 386 3
95 635 3
482 157 1
34 626 1
485 522 3
717 631 3
499 82 1
308 505 2
671 471 1
456 339 2
290 678 3
712 21 2
761 257 3
405 747 1
707 116 1
142 332 2
287 43 3
78 516 3
47 518 1
127 512 2
176 677 1
390 189 2
239 497 2
151 29 3
429 782 3
226 713 2
218 37 2
547 150 1
571 603 2
293 164 1
129 496 3
789 495 3
443 323 3
504 509 3
635 274 1
331 603 1
87 270 2
635 486 3
165 36 2
189 568 2
307 786 1
249 89 1
214 287 1
676 129 3
110 187 1
659 381 2
738 494 1
81 656 2
113 82 2
659 408 1
298 62 2
473 190 1
596 191 2
611 425 1
420 496 1
729 7 2
445 162 1
448 526 1
208 172 1
482 740 3
589 236 3
481 2 3
722 307 1
331 324 2
439 451 3
186 231 1
595 83 3
238 699 1
200 64 2
774 581 3
318 495 1
648 603 2
487 159 2
538 152 3
618 356 2
69 337 1
444 662 2
290 244 1
398 211 1
452 462 2
687 390 3
87 163 1
446 67 1
774 746 1
506 139 1
323 179 3
621 163 2
446 538 2
581 600 2
587 732 2
703 97 2
387 482 1
790 435 3
294 181 2
651 165 3
288 526 3
330 9 3
191 711 2
265 391 3
274 362 3
729 320 1
642 301 2
16 252 3
638 364 2
359 462 2
140 448 2
401 700 1
602 124 3
206 560 1
696 251 2
564 533 1
500 86 2
273 91 2
196 551 3
406 704 1
183 261 1
442 370 1
685 640 2
700 178 3
147 611 3
156 81 2
558 652 1
225 14 2
84 255 2
334 354 3
484 138 1
541 788 2
257 671 2
252 46 3
366 509 1
593 559 3
149 49 1
252 403 1
590 50 1
160 8 1
452 404 3
104 479 2
218 469 3
524 665 1
294 422 1
572 776 3
173 581 1
565 652 2
649 651 1
142 150 3
712 133 3
597 179 3
478 187 2
770 448 1
102 193 1
344 595 3
472 508 2
122 469 1
362 691 2
444 211 3
318 105 2
372 130 1
709 431 1
451 610 3
119 179 1
58 554 2
229 482 3
607 283 3
6 673 2
534 266 1
312 783 1
595 623 3
130 22 2
568 114 2
696 232 3
353 588 2
193 708 2
461 277 3
425 296 3
12 188 2
257 99 1
288 214 1
128 559 2
104 636 1
689 203 3
716 339 1
592 304 2
98 647 1
231 638 2
475 301 2
627 596 3
758 340 3
349 538 2
28 162 2
446 258 3
566 525 3
649 241 1
595 123 3
5 441 2
277 713 1
766 172 2
778 25 1