454 2354 4 78 435 
1 0 1
2 0 2
3 1 4
4 3 1
5 0 2
6 3 3
7 1 4
8 1 1
9 2 3
10 2 3
11 7 1
12 10 4
13 6 4
14 8 4
15 0 3
16 6 3
17 2 1
18 13 3
19 7 2
20 2 1
21 17 4
22 17 1
23 14 4
24 14 2
25 1 1
26 9 1
27 26 3
28 9 4
29 27 4
30 3 2
31 18 1
32 23 4
33 3 2
34 19 2
35 8 4
36 4 3
37 9 1
38 21 2
39 30 3
40 23 4
41 39 3
42 21 3
43 11 3
44 42 3
45 22 3
46 21 4
47 41 1
48 20 3
49 23 1
50 21 4
51 12 1
52 25 4
53 15 4
54 5 3
55 52 2
56 19 1
57 22 4
58 23 2
59 29 4
60 25 3
61 14 4
62 3 1
63 2 1
64 63 1
65 28 4
66 14 4
67 17 4
68 49 2
69 34 1
70 35 3
71 59 1
72 14 2
73 72 3
74 11 1
75 71 3
76 10 4
77 15 2
78 41 3
79 8 2
80 76 4
81 55 1
82 29 2
83 58 4
84 6 3
85 4 3
86 85 2
87 54 3
88 47 3
89 16 1
90 77 3
91 60 4
92 46 3
93 59 1
94 92 3
95 8 1
96 32 2
97 32 2
98 9 3
99 44 4
100 64 1
101 21 3
102 12 2
103 93 3
104 7 1
105 54 1
106 53 3
107 49 4
108 34 1
109 31 4
110 60 2
111 72 1
112 47 4
113 73 2
114 57 2
115 36 1
116 79 2
117 115 3
118 102 1
119 51 2
120 112 3
121 65 4
122 19 3
123 50 4
124 98 4
125 17 4
126 85 3
127 22 3
128 79 4
129 82 1
130 106 1
131 97 1
132 32 3
133 110 3
134 46 1
135 24 1
136 89 1
137 99 4
138 89 4
139 52 4
140 22 4
141 131 3
142 16 3
143 138 2
144 138 1
145 13 4
146 100 2
147 21 4
148 7 2
149 91 4
150 99 3
151 50 4
152 24 2
153 10 4
154 85 3
155 126 1
156 24 3
157 47 1
158 130 1
159 36 1
160 120 1
161 81 2
162 20 3
163 154 3
164 95 2
165 7 3
166 69 1
167 150 2
168 42 3
169 68 1
170 8 1
171 78 2
172 8 2
173 36 4
174 102 1
175 172 1
176 51 4
177 108 4
178 121 2
179 76 4
180 109 3
181 85 1
182 144 4
183 72 3
184 175 2
185 95 3
186 179 2
187 74 4
188 96 4
189 114 2
190 33 2
191 30 1
192 181 4
193 73 4
194 110 2
195 107 3
196 151 2
197 139 4
198 27 3
199 105 1
200 43 1
201 36 1
202 1 3
203 112 3
204 182 4
205 158 3
206 73 2
207 54 2
208 201 2
209 82 3
210 143 2
211 56 1
212 57 4
213 80 3
214 11 3
215 81 4
216 45 1
217 211 1
218 65 3
219 79 1
220 143 4
221 21 1
222 142 3
223 60 1
224 192 2
225 76 1
226 178 2
227 72 3
228 56 2
229 35 3
230 33 4
231 75 4
232 204 4
233 101 1
234 21 4
235 189 4
236 150 4
237 137 2
238 44 4
239 163 4
240 180 4
241 31 1
242 72 2
243 55 2
244 92 2
245 122 4
246 142 2
247 145 1
248 223 1
249 100 2
250 68 2
251 242 4
252 68 2
253 159 1
254 1 4
255 55 1
256 236 1
257 10 4
258 82 4
259 114 1
260 206 3
261 155 2
262 112 1
263 7 4
264 63 2
265 219 2
266 98 1
267 103 3
268 244 1
269 160 4
270 235 1
271 72 3
272 87 3
273 61 4
274 247 3
275 234 1
276 75 2
277 265 1
278 127 1
279 225 3
280 224 2
281 84 2
282 5 2
283 114 2
284 257 3
285 157 1
286 81 2
287 65 2
288 278 3
289 262 3
290 65 2
291 228 1
292 157 1
293 168 1
294 15 3
295 176 2
296 169 3
297 78 4
298 74 2
299 82 3
300 88 1
301 119 3
302 121 2
303 197 4
304 48 1
305 188 3
306 245 2
307 271 2
308 216 3
309 104 2
310 181 1
311 53 1
312 24 3
313 187 4
314 213 4
315 29 4
316 118 3
317 61 3
318 55 3
319 192 1
320 20 4
321 281 1
322 135 3
323 152 2
324 197 2
325 11 4
326 1 4
327 103 1
328 151 2
329 190 2
330 158 3
331 100 4
332 204 3
333 38 1
334 328 1
335 77 1
336 334 1
337 289 1
338 306 4
339 300 3
340 313 4
341 219 3
342 31 2
343 153 4
344 334 1
345 111 1
346 57 3
347 126 3
348 193 2
349 20 3
350 294 3
351 280 1
352 238 4
353 175 2
354 27 1
355 278 4
356 220 2
357 257 1
358 268 4
359 199 1
360 63 3
361 184 2
362 175 4
363 24 2
364 334 2
365 167 1
366 5 2
367 234 2
368 63 1
369 332 2
370 245 4
371 42 1
372 122 1
373 113 1
374 288 2
375 253 2
376 37 3
377 284 2
378 39 4
379 262 1
380 198 2
381 25 2
382 103 2
383 29 3
384 243 4
385 44 3
386 14 3
387 227 4
388 244 1
389 61 4
390 135 3
391 77 3
392 326 1
393 246 3
394 220 1
395 189 3
396 243 4
397 232 3
398 396 4
399 377 2
400 226 3
401 365 3
402 357 2
403 146 3
404 167 3
405 231 4
406 290 4
407 57 2
408 85 2
409 28 3
410 391 4
411 367 1
412 233 2
413 362 1
414 311 4
415 95 1
416 284 2
417 75 2
418 246 1
419 199 1
420 15 4
421 75 2
422 163 2
423 173 2
424 227 1
425 196 4
426 18 3
427 284 3
428 228 2
429 427 4
430 228 2
431 141 2
432 66 1
433 375 1
434 212 3
435 64 1
436 76 3
437 351 3
438 279 4
439 231 2
440 4 3
441 94 4
442 297 2
443 271 4
444 45 4
445 257 3
446 367 2
447 339 4
448 50 4
449 205 2
450 100 4
451 301 2
452 22 1
453 156 3
416 252 3
253 243 4
296 430 1
161 337 4
395 191 1
382 156 2
66 431 4
147 35 4
419 23 3
292 403 4
30 433 3
438 149 1
240 108 1
208 14 1
162 245 2
428 154 4
328 191 3
215 88 2
284 234 3
270 431 1
237 64 3
140 270 2
448 246 1
50 167 4
255 359 3
294 143 3
139 343 1
236 337 4
274 410 2
300 248 2
24 331 1
103 74 2
169 330 3
0 157 3
106 402 2
260 130 1
282 42 3
203 164 2
129 84 1
135 446 2
254 200 3
381 113 3
21 325 1
443 343 3
209 117 3
384 160 4
137 443 1
259 174 3
369 140 2
144 91 1
251 171 3
346 341 2
67 288 3
255 123 2
52 213 2
237 45 3
321 245 4
387 318 2
315 148 4
404 395 2
404 447 3
364 278 1
132 311 2
395 45 2
314 364 4
423 296 4
15 274 2
416 247 4
338 202 2
119 338 1
185 137 1
28 18 3
227 226 4
153 156 4
346 269 1
8 231 3
97 325 1
64 316 4
15 275 3
217 72 2
414 15 1
249 181 1
322 297 2
150 424 3
193 357 3
171 408 2
268 356 3
223 20 2
434 183 4
264 427 4
167 141 4
170 155 2
188 107 1
19 341 1
357 58 4
397 162 4
103 275 2
106 71 1
285 415 4
56 187 3
25 304 2
123 259 2
5 7 4
256 210 3
31 344 3
392 127 4
307 45 4
300 195 1
16 418 4
206 28 2
262 392 4
300 95 2
10 383 2
280 209 1
439 344 4
11 368 2
347 290 3
193 225 2
84 341 3
445 282 3
161 372 3
17 415 3
278 331 1
151 424 2
38 147 4
104 106 4
406 411 1
69 139 2
387 301 1
114 9 2
42 28 4
356 65 2
400 132 4
205 270 1
15 225 1
41 278 3
107 216 3
168 243 4
71 230 2
142 101 3
11 261 4
445 268 3
426 392 3
48 392 3
428 364 2
384 277 4
40 354 4
301 337 1
420 301 1
302 182 1
46 362 2
183 263 2
66 118 1
337 297 4
308 197 4
150 396 4
111 196 4
189 286 1
27 127 1
130 152 4
95 166 1
316 40 3
4 65 2
386 276 3
141 192 4
376 334 3
313 251 4
336 216 4
221 391 1
254 343 3
433 272 2
171 309 2
176 232 1
24 290 1
156 27 1
244 346 1
162 412 4
108 220 3
244 327 3
51 338 1
141 12 4
289 22 3
283 203 3
316 73 2
42 253 2
209 98 2
259 166 1
107 329 2
245 48 3
93 41 4
194 403 2
420 283 4
226 208 1
125 316 4
150 405 1
140 123 4
102 306 2
358 243 1
362 171 2
76 356 3
187 7 4
404 2 2
314 298 3
405 359 1
165 294 4
269 280 4
351 99 2
129 141 1
136 450 3
291 81 3
415 413 4
29 352 4
324 38 4
357 258 4
325 304 4
291 25 4
6 87 1
37 323 2
191 165 2
135 110 2
360 173 1
262 56 2
451 177 2
48 388 3
25 225 3
70 52 3
245 421 1
247 175 1
403 34 3
155 129 1
171 351 3
172 257 3
353 49 4
274 315 2
363 109 4
93 75 4
168 393 4
166 173 2
330 331 4
80 405 2
404 440 1
286 125 4
321 418 3
32 151 4
111 387 1
16 11 4
0 135 2
10 75 2
410 242 4
408 143 3
422 208 1
89 384 4
307 350 3
71 36 3
318 277 2
223 300 1
384 249 4
272 340 3
179 39 3
168 338 2
341 292 4
118 351 2
145 313 3
27 288 2
252 293 1
343 340 3
108 124 1
201 10 4
100 66 4
219 290 3
196 211 4
153 132 3
377 282 2
77 200 4
388 382 2
375 1 4
294 449 3
270 361 3
306 43 1
303 172 1
448 344 1
372 313 4
164 419 4
72 171 1
125 179 4
405 395 2
341 116 1
298 97 4
282 16 1
7 170 4
35 433 2
37 397 2
27 425 2
416 15 1
242 316 3
207 78 4
86 262 4
272 416 3
327 262 2
261 239 4
137 289 2
260 294 3
219 87 1
378 362 2
262 202 3
89 26 4
79 391 1
380 203 2
335 11 4
148 218 3
389 413 3
323 35 3
109 270 2
132 228 3
114 446 2
424 88 3
228 225 1
294 441 3
52 136 4
119 199 3
345 289 3
399 165 2
385 317 1
366 435 3
451 365 3
254 385 1
295 242 4
45 299 4
318 305 2
223 270 2
235 270 4
114 396 1
285 401 2
181 162 2
3 199 4
427 41 4
259 59 2
194 195 1
229 309 2
380 54 3
328 174 2
200 231 4
208 323 4
300 87 3
219 355 4
152 149 2
57 98 1
303 181 3
401 24 2
107 432 1
453 402 2
316 245 3
344 284 1
312 124 3
345 212 4
1 154 3
227 36 3
200 449 2
299 129 2
153 339 1
261 64 2
310 97 3
33 128 3
261 221 2
154 115 3
371 99 2
422 403 3
135 297 2
305 141 4
154 78 2
292 439 1
186 72 1
7 125 2
340 8 1
368 72 1
422 443 3
5 259 1
437 256 4
184 399 2
428 380 1
386 185 1
262 94 2
290 208 2
419 346 2
168 177 3
58 70 1
353 265 3
399 29 4
237 144 1
332 353 1
444 232 3
370 51 3
363 291 3
288 358 3
129 395 1
204 166 1
28 447 2
353 336 2
170 265 1
107 207 3
88 437 4
254 309 3
30 382 4
60 98 1
193 324 4
161 391 3
78 274 1
54 358 1
276 14 3
344 357 1
431 452 1
390 18 1
333 142 2
120 320 4
327 83 4
445 409 4
271 87 3
347 227 1
118 174 4
365 342 4
419 0 1
399 7 3
125 93 1
183 422 4
152 221 2
175 426 2
82 153 2
65 230 3
166 231 4
247 445 2
59 224 2
51 291 4
269 161 1
339 103 3
155 370 3
317 271 1
328 236 4
434 166 2
386 400 1
14 249 1
86 244 3
200 276 3
182 343 2
142 407 2
196 37 2
436 199 1
421 390 1
167 115 4
69 229 3
77 121 3
32 248 4
166 196 3
331 81 2
271 435 1
182 76 3
355 32 2
230 167 2
258 302 1
293 268 3
329 404 4
349 163 1
423 77 1
141 150 2
165 227 2
122 134 2
390 127 2
316 236 1
42 210 3
44 62 2
431 364 2
101 141 3
89 131 4
135 410 1
274 67 2
93 353 3
378 269 3
74 453 2
321 389 1
312 368 2
438 63 2
68 133 3
235 324 1
399 292 3
98 159 1
98 293 1
267 10 3
305 230 2
71 87 4
148 440 3
215 11 4
258 94 1
147 176 4
282 226 4
111 7 1
59 439 3
14 324 1
87 80 4
102 36 3
66 283 2
159 257 1
410 159 2
395 76 2
71 423 1
214 442 3
276 37 2
370 180 1
296 227 2
450 404 1
46 440 4
206 52 3
285 154 3
292 103 3
106 190 4
331 194 2
442 266 2
209 421 4
133 300 3
358 304 1
202 156 1
377 351 3
361 31 2
373 180 3
11 303 4
414 61 2
436 56 4
304 120 2
53 80 1
269 162 3
364 141 4
268 250 3
64 202 4
427 200 4
119 66 2
450 119 2
79 228 3
307 222 4
300 161 2
233 419 1
44 148 4
407 433 3
415 382 3
352 414 4
11 19 1
264 285 1
29 17 3
68 299 1
56 176 1
370 169 2
190 115 1
242 322 3
319 7 3
63 5 1
236 306 1
212 422 1
324 44 3
92 97 2
192 44 2
413 229 4
395 396 3
175 155 4
375 303 4
10 382 3
355 245 4
323 305 1
356 449 3
30 114 2
30 113 1
191 144 1
11 124 2
444 227 4
217 405 2
264 187 3
75 23 1
217 83 2
421 414 2
418 196 1
204 36 2
272 428 1
263 264 4
215 43 2
199 59 4
342 136 1
428 106 1
309 329 4
301 420 4
333 230 1
213 273 1
279 398 2
449 373 1
291 295 3
19 370 1
257 398 2
295 284 4
288 12 3
436 453 1
287 175 3
145 47 1
190 434 4
150 233 4
72 12 1
214 107 3
121 378 1
288 31 1
121 32 4
161 177 2
233 75 2
236 203 1
90 381 4
331 155 2
116 230 1
85 203 1
123 425 2
268 21 4
65 221 4
172 36 2
390 7 4
181 291 3
289 334 1
11 12 1
413 162 1
182 8 1
149 115 4
370 280 1
383 280 4
424 128 4
114 303 2
421 436 1
50 4 1
159 52 2
92 161 3
83 141 4
229 253 4
431 216 4
161 124 4
404 422 1
420 168 3
337 234 3
214 68 2
453 68 2
77 365 4
423 280 3
439 62 1
217 208 2
136 248 4
170 157 1
133 255 4
9 76 3
308 163 2
106 238 3
19 330 2
432 88 2
256 314 3
223 220 3
157 1 1
122 97 1
442 316 3
241 239 2
264 22 4
169 317 3
375 237 4
288 427 2
38 112 2
95 418 3
221 172 3
449 361 1
259 333 4
26 139 2
372 382 3
244 362 4
332 36 2
206 94 4
67 332 2
42 382 1
201 351 2
16 56 2
135 314 3
200 70 3
28 284 1
159 274 3
86 362 2
113 106 1
344 421 1
94 227 4
176 26 3
298 163 4
387 101 3
72 255 4
78 227 1
402 141 2
342 324 3
137 25 3
431 114 1
312 305 2
370 29 4
423 122 2
442 108 4
215 386 2
3 412 2
409 83 1
161 94 1
282 354 1
385 118 1
347 387 2
63 440 4
314 453 1
12 275 1
117 331 2
432 27 1
369 83 3
407 53 3
91 27 2
156 378 2
427 77 2
27 183 4
324 1 3
73 346 1
223 451 3
60 148 3
97 404 2
394 31 1
388 409 2
281 334 1
375 81 2
435 346 1
173 88 1
60 257 2
309 283 3
342 216 2
119 113 3
405 445 1
351 155 4
310 251 3
407 113 3
94 140 3
292 13 2
103 222 4
446 132 4
225 268 1
220 331 3
238 51 4
110 351 2
97 219 1
55 278 1
114 377 2
122 385 3
75 174 4
34 337 3
282 9 1
345 306 1
78 308 3
180 71 1
205 400 4
271 67 1
345 282 1
370 285 4
315 276 1
273 213 1
401 191 4
201 397 4
66 359 4
140 304 4
159 87 3
181 143 4
441 295 1
316 411 1
372 399 1
87 268 2
388 305 3
358 212 2
105 434 3
292 432 4
221 211 4
46 129 3
357 93 1
41 242 1
166 429 4
300 302 1
330 89 2
81 103 3
431 96 2
39 126 2
18 93 1
360 81 3
166 149 3
67 196 1
231 122 3
377 103 4
384 164 2
45 157 4
209 294 2
316 419 3
122 76 3
191 227 3
125 349 1
233 183 4
125 309 1
63 309 1
243 79 4
21 242 2
383 89 1
448 64 2
316 231 3
75 275 1
322 155 4
9 213 1
222 412 1
121 343 1
79 421 2
337 345 3
310 74 4
196 168 2
315 267 2
315 397 4
299 437 1
154 17 2
196 186 4
169 203 4
207 234 2
208 289 4
4 247 3
85 46 1
420 333 4
20 437 2
308 209 4
307 313 3
34 404 3
160 233 3
439 166 1
116 87 4
425 446 2
59 403 4
352 315 1
394 2 4
26 376 4
419 58 1
382 408 1
186 305 4
34 42 1
322 58 3
297 85 4
289 109 2
443 310 2
420 418 3
166 84 1
385 212 3
351 309 2
332 184 2
157 102 3
188 269 4
7 147 2
56 61 4
285 423 3
201 176 4
127 387 1
322 41 4
374 445 1
292 51 4
91 370 4
207 6 4
395 245 1
78 87 1
195 58 1
224 380 2
306 35 4
258 194 2
47 176 3
244 248 4
149 271 2
71 222 2
132 143 1
162 341 3
419 213 1
79 281 2
196 358 3
281 162 3
101 297 4
453 230 1
183 347 3
360 130 2
50 445 3
338 94 2
254 264 1
239 3 4
441 345 2
446 425 4
347 345 1
293 175 1
338 180 3
380 130 2
101 253 3
216 14 4
323 19 2
148 323 3
58 115 4
52 127 4
53 346 2
356 378 4
411 385 1
290 283 3
426 74 1
414 282 4
159 221 3
174 383 4
378 348 4
220 76 1
357 233 3
248 159 3
86 156 2
241 371 4
147 74 4
174 380 2
213 419 3
34 129 4
245 434 1
30 134 3
7 277 4
217 212 4
71 286 2
24 117 1
37 219 2
356 155 4
201 419 1
246 294 1
39 293 4
181 299 1
216 73 1
202 421 3
137 258 4
358 397 2
383 195 2
246 172 1
151 46 4
191 248 2
195 78 4
360 202 4
339 423 4
141 426 1
138 221 3
265 74 1
160 43 1
268 249 2
420 169 2
357 2 2
423 115 3
249 51 3
284 400 1
35 145 3
229 61 1
116 86 3
81 244 4
98 399 4
78 198 1
139 188 3
411 234 3
369 240 1
78 37 3
406 259 4
398 164 2
135 202 1
35 446 2
246 412 4
231 105 3
209 400 3
99 25 1
366 20 2
115 4 1
249 93 3
398 130 4
288 127 2
60 417 2
168 341 2
96 384 3
104 129 2
15 129 4
425 228 2
209 386 1
240 410 3
161 56 3
366 60 1
140 292 4
365 3 3
257 95 2
72 453 4
361 72 3
52 362 1
52 376 2
102 268 4
356 251 3
254 117 2
266 134 4
111 114 2
135 238 4
252 307 4
452 262 3
254 367 1
127 311 1
342 155 3
297 293 2
374 103 4
237 128 4
218 419 3
390 325 4
196 5 3
365 65 2
401 288 4
170 254 2
419 392 1
91 273 2
379 259 2
122 99 3
390 388 1
393 288 3
245 42 1
211 321 4
226 2 2
28 19 4
237 63 1
230 113 3
419 166 4
149 57 3
368 299 4
59 251 4
75 347 1
354 208 1
206 352 2
144 117 4
432 50 3
107 406 2
324 28 3
273 162 1
331 309 3
47 44 2
178 21 4
175 162 2
233 37 4
4 215 4
93 367 3
180 452 2
391 3 3
146 167 2
305 440 4
77 165 3
161 191 4
48 79 3
414 325 2
344 229 2
171 0 4
249 71 4
361 63 3
199 248 1
431 151 4
63 359 4
181 194 2
186 255 2
166 301 4
343 273 4
132 160 2
332 40 2
340 74 1
441 170 2
35 405 4
93 270 4
339 68 2
282 411 3
395 383 3
393 375 1
68 284 3
441 369 1
449 310 4
353 441 2
442 424 4
400 210 2
19 64 1
6 275 2
416 322 4
33 358 3
44 208 3
238 447 2
158 104 2
148 249 3
307 111 4
363 253 2
450 418 4
56 233 3
212 179 2
268 398 1
330 172 2
264 245 4
431 256 4
427 447 2
260 98 2
396 95 1
55 227 1
134 259 2
104 53 1
278 13 1
214 26 1
267 276 3
120 60 3
393 264 1
263 368 4
345 418 4
447 63 4
286 436 1
365 149 1
46 169 1
262 102 4
80 150 3
435 88 2
25 280 3
211 349 4
87 144 3
248 298 4
48 366 1
438 108 2
56 239 1
177 112 3
112 270 4
248 80 1
278 420 4
63 154 4
415 256 3
425 353 4
132 118 3
379 447 3
119 296 1
361 349 1
246 444 4
145 91 1
161 410 4
185 96 4
32 305 3
116 424 3
401 289 1
314 326 4
361 350 2
5 180 4
400 198 4
433 322 3
238 157 4
50 216 1
342 307 2
113 311 3
261 262 3
284 382 1
278 104 2
36 285 2
163 379 1
94 273 2
67 354 1
123 384 4
102 412 4
186 367 2
265 314 1
318 92 2
324 294 2
429 17 4
21 260 1
36 259 4
248 369 1
253 287 2
107 226 4
355 440 2
400 277 2
440 441 4
189 129 1
124 422 4
347 284 4
1 337 2
272 431 3
382 394 2
65 38 1
265 433 4
15 440 3
15 220 2
372 369 3
332 60 1
39 64 2
291 121 4
3 12 4
267 218 3
134 85 1
140 370 1
55 155 1
249 99 2
381 26 1
68 212 3
129 2 4
12 365 2
307 439 4
56 191 2
411 20 3
384 425 1
330 290 2
396 35 3
275 8 2
304 179 2
175 79 2
417 401 2
226 239 2
283 80 2
225 427 4
326 201 3
6 21 4
153 301 4
192 307 4
233 350 3
125 34 1
296 112 2
306 206 2
88 282 3
372 176 1
380 142 2
350 124 3
37 386 1
446 326 3
416 321 1
156 216 4
192 333 1
452 77 2
15 390 2
101 184 2
308 21 3
212 200 1
333 188 3
348 41 4
197 279 2
230 24 4
112 409 4
176 325 2
60 190 3
224 92 3
177 204 4
202 129 1
51 405 4
220 421 1
57 436 4
73 232 1
76 86 3
37 98 1
200 344 2
202 378 3
400 269 4
336 276 1
101 163 4
132 326 4
398 268 1
261 383 4
32 29 2
87 443 2
0 79 2
228 445 3
259 144 3
139 333 1
120 299 1
85 54 4
25 224 3
318 181 3
438 401 2
79 195 4
10 396 3
125 379 1
141 340 3
63 103 1
117 306 1
57 38 4
65 410 2
207 411 3
290 336 2
178 357 2
234 19 3
253 26 4
235 396 4
435 125 4
445 128 3
37 380 2
76 246 1
164 200 3
145 197 2
211 4 4
401 431 4
127 41 4
340 32 1
447 244 4
307 227 3
22 400 3
248 371 4
356 441 4
281 451 4
249 3 3
313 322 3
401 353 3
287 96 1
280 121 3
144 262 2
371 152 2
83 35 2
295 379 4
306 66 2
26 435 2
273 377 1
266 187 3
335 285 1
447 308 3
281 123 2
122 320 1
185 13 2
129 136 3
16 175 1
6 209 2
284 237 4
59 36 1
291 47 2
81 176 4
230 168 3
129 8 4
59 198 3
433 445 4
356 13 4
30 360 3
297 222 1
52 133 4
60 356 1
36 166 1
301 32 4
333 441 1
320 321 1
22 294 3
433 360 4
71 3 1
136 238 4
437 388 3
334 425 3
168 209 1
359 392 1
25 235 2
30 27 4
337 13 4
37 335 1
409 422 1
20 93 1
29 304 1
273 245 1
88 163 4
360 146 4
68 18 4
359 381 4
156 319 2
267 235 4
253 10 4
175 360 3
56 321 1
329 374 4
218 66 4
38 191 2
404 112 2
99 283 2
5 150 3
100 164 2
82 325 1
424 153 4
17 11 2
266 128 2
316 290 4
341 440 2
274 22 3
13 356 4
37 75 1
249 156 2
127 203 1
21 94 4
116 335 3
248 344 2
405 267 3
415 142 4
163 148 2
151 332 4
281 435 3
173 117 2
170 270 3
283 342 2
54 328 4
40 174 3
430 354 4
356 377 3
24 379 4
307 295 4
302 317 1
425 345 2
83 59 4
420 139 1
79 393 2
317 38 4
444 74 4
196 174 3
331 365 2
381 120 2
131 445 1
224 186 4
117 240 2
442 433 1
49 115 3
448 45 4
105 68 4
8 427 2
288 93 2
370 248 1
1 325 2
332 279 1
327 18 2
180 324 1
148 388 3
449 345 2
297 419 1
322 305 1
67 37 3
385 387 3
18 22 4
248 105 1
288 377 3
437 414 3
230 19 4
250 37 1
117 362 3
356 218 1
247 298 3
379 286 1
128 419 1
343 82 4
441 211 2
407 74 1
51 301 2
224 298 2
61 195 4
292 234 4
56 198 2
381 47 1
135 20 1
359 78 2
166 296 2
214 3 1
214 247 2
350 357 3
436 263 2
318 211 2
101 210 3
346 174 1
151 103 1
446 196 4
25 228 2
153 382 2
394 267 1
364 349 1
430 18 1
301 2 4
408 167 1
125 359 3
367 396 4
402 76 1
452 141 2
239 56 1
274 262 3
27 111 4
378 93 4
383 354 2
316 109 2
292 253 3
381 306 3
64 427 4
38 251 2
393 410 3
70 43 3
168 176 2
209 168 2
217 183 4
358 178 3
92 315 3
286 449 1
115 252 1
74 146 4
156 366 1
49 187 4
238 248 2
33 115 2
318 357 4
58 425 2
313 428 1
154 307 4
71 432 3
285 125 1
165 267 2
449 76 1
149 380 4
392 164 4
207 400 2
54 4 3
444 199 2
136 45 3
374 126 4
87 129 2
299 429 2
353 178 3
88 221 1
283 74 3
352 342 1
259 341 1
9 64 1
321 215 1
122 355 3
327 303 2
434 116 1
12 288 2
195 131 4
379 51 4
398 246 3
172 227 1
150 170 4
201 85 1
294 268 4
14 183 2
70 336 2
108 143 2
20 323 1
444 33 4
68 165 1
261 66 1
167 215 3
275 116 4
312 135 2
133 54 3
268 453 4
51 256 2
206 273 3
201 207 1
169 194 1
391 249 3
102 96 1
172 286 1
180 87 3
225 47 4
195 247 4
360 47 4
380 120 3
187 12 1
255 118 1
67 34 2
21 32 2
261 304 3
228 224 3
438 261 3
341 236 3
350 157 2
166 14 2
127 254 4
158 271 3
101 237 3
27 93 4
117 6 3
95 164 1
212 141 3
100 166 4
416 78 3
67 63 4
23 85 1
432 415 1
298 245 2
378 174 2
396 293 4
301 241 1
307 142 3
340 440 3
381 190 4
255 245 2
393 444 4
167 197 3
51 321 2
6 350 3
23 98 3
341 16 3
180 346 3
246 47 2
444 248 3
14 237 1
421 161 1
291 24 3
357 259 2
413 376 3
118 168 2
167 124 3
187 288 2
268 121 1
364 83 2
223 23 2
109 132 3
389 195 3
6 332 1
293 210 4
197 193 4
6 176 1
447 200 3
74 280 1
348 154 4
37 228 4
349 442 1
43 40 3
193 189 3
87 1 3
377 413 1
98 157 3
332 2 1
416 336 1
89 4 4
315 357 3
446 35 3
41 31 2
140 144 3
39 65 3
401 238 1
306 150 3
10 174 1
126 305 2
11 147 3
77 48 3
207 344 1
452 172 2
302 146 2
345 295 4
385 191 4
225 325 4
369 444 2
383 54 2
197 205 1
251 164 4
135 1 3
227 282 4
384 121 3
242 362 3
422 347 1
188 82 4
279 215 3
83 158 2
102 58 1
337 303 3
390 174 3
151 410 2
67 142 4
264 175 2
414 257 2
80 374 1
356 373 4
414 100 2
381 167 1
342 38 3
392 17 1
233 5 4
373 166 3
402 354 1
15 36 4
146 249 2
429 448 2
193 435 4
221 43 2
211 387 1
107 120 3
66 238 2
306 313 2
117 21 2
30 99 4
113 438 2
162 326 3
301 287 2
55 187 3
41 331 1
31 156 3
321 329 2
19 143 2
263 45 2
82 348 3
250 43 2
89 281 3
447 260 3
199 360 2
43 299 3
216 127 4
128 132 1
437 248 1
369 23 4
280 125 4
62 442 1
304 406 3
129 133 4
414 420 1
315 22 3
222 451 4
331 38 2
29 361 3
226 85 3
447 235 1
374 358 1
432 162 3
216 137 4
336 375 3
199 202 2
114 254 3
274 316 3
352 381 4
136 37 2
206 372 3
10 215 3
168 206 3
391 258 3
346 317 2
418 279 1
49 307 3
400 116 2
16 142 3
130 146 4
182 382 2
282 53 1
258 396 3
413 242 1
267 27 1
427 349 1
354 146 3
372 398 4
387 147 1
173 32 2
9 433 3
334 373 3
277 267 2
6 44 1
29 434 4
129 50 3
158 17 1
297 58 2
84 276 3
323 50 2
323 77 4
152 236 2
157 118 3
86 96 1
28 37 1
368 420 2
443 344 2
122 344 1
281 214 2
415 312 3
2 54 3
422 429 4
435 271 4
432 410 2
135 25 3
231 352 1
369 360 2
230 118 4
238 277 2
107 335 1
312 333 1
176 35 4
30 40 2
129 199 3
424 124 4
124 35 3
7 429 4
424 260 4
385 368 3
263 384 2
58 244 2
106 386 3
149 21 2
192 370 2
137 185 4
220 33 1
184 230 2
9 106 2
316 84 2
300 297 4
116 393 3
118 126 2
60 241 1
243 352 1
191 218 3
375 256 4
305 441 4
435 292 3
296 411 4
218 374 4
283 373 4
324 275 4
86 451 3
319 358 3
428 93 3
266 31 2
110 423 1
31 299 3
430 56 2
117 156 1
98 196 1
69 271 1
418 20 1
393 252 4
314 257 3
347 90 2
293 192 4
46 255 4
197 164 3
47 154 3
416 4 4
233 84 4
215 282 4
193 54 2
236 346 1
425 350 1
156 168 2
180 37 4
264 98 1
238 89 2
430 106 3
405 333 2
318 20 4
391 191 3
378 277 4
372 22 1
220 15 1
320 132 3
438 184 3
8 219 2
363 324 4
269 142 4
253 103 4
385 289 1
189 37 4
368 446 2
222 164 4
223 115 1
21 395 2
355 196 3
230 238 2
203 188 1
87 53 1
124 244 2
418 250 1
242 402 3
139 335 2
416 210 4
347 222 1
333 388 3
255 104 1
250 282 2
140 139 4
419 298 3
175 395 3
237 76 3
254 13 3
333 387 1
350 246 2
435 415 1
72 62 2
358 418 2
357 113 2
412 296 4
340 43 3
333 83 3
413 36 4
451 56 3
214 100 3
76 273 4
375 137 1
421 318 1
37 16 4
426 20 1
116 415 2
228 370 2
264 240 4
12 103 3
387 185 3
453 124 4
202 176 3
206 16 3
266 67 4
306 429 3
217 65 2
449 211 1
5 81 4
223 128 1
106 283 2
300 440 1
447 54 1
341 422 2
280 70 4
295 202 2
433 348 2
157 59 1
380 300 1
60 348 1
268 421 1
366 274 2
283 353 2
190 397 3
185 39 3
384 356 4