549 3719 8 415 34 
1 0 6
2 1 7
3 1 8
4 1 2
5 0 8
6 1 8
7 3 5
8 3 7
9 3 2
10 7 8
11 7 2
12 7 6
13 0 7
14 4 8
15 9 3
16 12 8
17 2 1
18 14 3
19 15 7
20 13 8
21 3 4
22 17 1
23 21 1
24 11 7
25 1 7
26 1 4
27 26 6
28 6 4
29 7 4
30 2 7
31 23 2
32 26 5
33 26 2
34 19 4
35 15 7
36 26 4
37 9 2
38 25 2
39 31 8
40 15 2
41 3 3
42 30 7
43 41 5
44 6 6
45 39 5
46 19 4
47 43 3
48 37 3
49 33 5
50 48 4
51 41 6
52 51 3
53 36 6
54 39 7
55 14 7
56 38 5
57 3 3
58 41 6
59 55 1
60 35 7
61 10 2
62 25 8
63 2 3
64 53 1
65 39 8
66 41 4
67 19 1
68 51 7
69 49 3
70 56 5
71 12 3
72 5 2
73 29 6
74 28 8
75 1 4
76 57 5
77 18 5
78 2 2
79 25 4
80 38 4
81 54 6
82 1 4
83 47 7
84 11 8
85 71 2
86 43 2
87 34 2
88 68 2
89 46 3
90 68 2
91 47 1
92 24 2
93 65 7
94 70 6
95 87 6
96 44 2
97 75 1
98 60 8
99 31 8
100 43 5
101 100 8
102 91 8
103 51 3
104 15 5
105 21 8
106 61 2
107 94 7
108 94 1
109 55 7
110 20 1
111 41 3
112 61 7
113 111 3
114 72 5
115 6 5
116 9 7
117 116 1
118 6 2
119 15 4
120 13 2
121 88 2
122 103 3
123 31 4
124 100 5
125 123 1
126 122 2
127 0 5
128 34 3
129 59 5
130 103 2
131 45 2
132 54 8
133 42 8
134 129 3
135 76 4
136 30 3
137 125 1
138 96 1
139 102 3
140 108 6
141 54 7
142 77 2
143 115 6
144 41 3
145 97 6
146 105 7
147 61 6
148 84 1
149 143 5
150 135 6
151 3 8
152 54 3
153 118 8
154 143 4
155 94 7
156 38 2
157 25 2
158 147 2
159 107 8
160 42 8
161 94 2
162 65 7
163 94 7
164 163 5
165 28 1
166 79 6
167 132 6
168 45 6
169 164 8
170 155 8
171 50 3
172 29 3
173 68 3
174 139 4
175 8 8
176 11 7
177 60 7
178 11 3
179 145 7
180 49 5
181 166 7
182 139 7
183 4 5
184 18 3
185 157 7
186 142 8
187 180 2
188 0 5
189 129 7
190 11 2
191 177 1
192 134 2
193 23 2
194 13 7
195 136 1
196 90 1
197 33 7
198 86 8
199 28 6
200 4 3
201 125 1
202 58 3
203 200 7
204 103 1
205 70 5
206 78 7
207 192 7
208 23 4
209 171 7
210 192 7
211 111 7
212 107 6
213 53 3
214 75 1
215 93 3
216 146 2
217 186 3
218 2 3
219 104 7
220 125 5
221 186 8
222 214 4
223 197 5
224 100 8
225 131 5
226 96 6
227 10 8
228 88 6
229 159 1
230 204 7
231 113 7
232 78 5
233 130 3
234 136 1
235 184 4
236 99 7
237 163 8
238 4 7
239 113 7
240 204 3
241 148 6
242 49 4
243 230 4
244 137 4
245 241 2
246 41 2
247 136 4
248 76 4
249 84 2
250 141 4
251 225 4
252 230 3
253 80 5
254 66 2
255 8 5
256 74 7
257 182 6
258 127 2
259 26 4
260 89 4
261 124 1
262 201 6
263 49 5
264 192 7
265 59 7
266 101 7
267 244 5
268 55 1
269 87 6
270 55 3
271 159 1
272 269 5
273 72 7
274 126 1
275 251 7
276 124 6
277 78 6
278 5 3
279 176 4
280 205 5
281 6 4
282 112 8
283 76 3
284 14 4
285 187 7
286 27 7
287 263 7
288 20 5
289 127 1
290 10 4
291 136 6
292 99 2
293 214 2
294 48 3
295 80 1
296 20 6
297 44 8
298 147 2
299 107 2
300 117 5
301 147 2
302 134 1
303 249 2
304 271 5
305 180 8
306 213 8
307 222 1
308 2 8
309 177 2
310 131 8
311 281 8
312 274 4
313 208 7
314 41 3
315 35 4
316 41 7
317 88 6
318 240 2
319 24 7
320 95 3
321 196 7
322 266 2
323 314 6
324 297 6
325 54 6
326 322 2
327 146 7
328 28 2
329 164 6
330 166 1
331 234 8
332 278 1
333 15 3
334 235 1
335 16 1
336 210 5
337 248 3
338 99 8
339 167 5
340 238 5
341 259 1
342 233 8
343 307 2
344 258 6
345 302 4
346 272 4
347 323 6
348 229 2
349 343 3
350 158 5
351 46 3
352 186 8
353 188 7
354 285 7
355 287 1
356 164 5
357 291 4
358 29 6
359 22 4
360 268 6
361 354 5
362 317 6
363 109 3
364 29 8
365 286 2
366 329 8
367 341 4
368 322 2
369 240 3
370 173 4
371 250 2
372 78 2
373 372 8
374 19 4
375 150 1
376 79 2
377 221 4
378 253 8
379 104 1
380 164 7
381 338 4
382 346 3
383 0 1
384 79 2
385 222 6
386 336 8
387 55 7
388 369 5
389 45 1
390 227 8
391 90 8
392 163 3
393 70 5
394 150 1
395 340 4
396 210 5
397 134 8
398 208 3
399 67 6
400 183 7
401 18 6
402 243 7
403 265 2
404 228 1
405 403 8
406 57 2
407 285 4
408 302 5
409 1 1
410 188 8
411 378 3
412 7 7
413 208 7
414 251 8
415 177 4
416 371 7
417 244 2
418 392 2
419 211 3
420 282 1
421 339 6
422 44 7
423 32 6
424 339 7
425 396 5
426 116 7
427 230 6
428 332 2
429 21 6
430 15 1
431 340 1
432 339 6
433 231 3
434 82 3
435 29 4
436 91 1
437 46 1
438 147 6
439 234 7
440 157 5
441 402 4
442 424 7
443 245 4
444 431 1
445 121 2
446 239 6
447 84 8
448 120 3
449 422 8
450 405 1
451 249 7
452 37 7
453 309 1
454 378 1
455 18 2
456 384 7
457 32 1
458 193 4
459 346 4
460 419 5
461 451 4
462 84 2
463 318 1
464 392 6
465 19 3
466 279 6
467 265 8
468 202 2
469 194 2
470 467 5
471 105 7
472 252 7
473 364 4
474 392 6
475 115 1
476 158 6
477 238 2
478 3 6
479 352 5
480 394 6
481 356 1
482 15 6
483 105 4
484 327 3
485 188 4
486 27 5
487 230 1
488 473 4
489 99 3
490 355 8
491 171 4
492 15 6
493 397 3
494 458 2
495 97 4
496 92 4
497 35 5
498 74 2
499 441 3
500 250 1
501 415 7
502 468 4
503 335 4
504 55 7
505 366 1
506 5 3
507 429 6
508 231 4
509 383 4
510 17 7
511 400 7
512 336 6
513 191 3
514 9 7
515 166 1
516 106 4
517 3 7
518 334 2
519 396 2
520 348 1
521 482 8
522 323 3
523 141 6
524 207 7
525 415 8
526 283 8
527 298 3
528 432 8
529 430 8
530 181 4
531 121 4
532 242 7
533 455 8
534 515 7
535 27 5
536 219 3
537 143 3
538 504 8
539 381 6
540 338 1
541 348 7
542 247 6
543 122 2
544 306 2
545 230 8
546 434 5
547 153 3
548 125 7
502 269 8
472 479 1
402 497 2
145 268 6
65 294 7
425 356 3
339 402 8
382 50 4
15 482 5
216 451 2
213 112 4
40 238 3
333 453 7
326 372 7
430 360 1
113 224 7
22 93 8
500 60 4
189 120 3
168 329 3
18 470 7
486 128 8
444 216 8
201 242 4
271 486 2
134 429 2
307 58 8
323 339 8
480 358 1
229 284 6
522 248 4
379 309 4
74 514 3
440 34 5
548 366 8
101 160 5
25 265 3
20 57 7
367 47 5
537 165 7
202 367 1
291 205 2
56 40 5
183 278 7
143 307 8
4 492 2
168 388 4
228 46 5
143 22 6
169 242 6
100 197 3
197 320 2
9 296 4
350 194 2
431 458 5
118 455 6
15 165 6
531 449 3
291 543 1
98 523 7
448 547 5
487 491 7
543 163 7
306 229 8
129 342 3
509 222 8
123 540 6
374 385 2
389 414 7
262 225 7
336 307 5
346 381 5
533 480 5
25 275 1
89 39 8
330 188 5
124 308 8
513 258 1
449 476 5
361 108 4
373 132 8
299 358 2
72 337 5
187 313 3
548 108 7
133 248 7
301 394 7
236 521 5
71 251 8
153 103 2
44 363 7
26 47 1
413 22 8
376 49 3
411 197 3
429 320 8
156 247 1
303 260 6
494 467 4
300 383 8
280 80 4
406 541 6
81 443 7
393 403 7
315 278 2
140 545 7
476 487 8
495 65 5
179 148 7
493 503 3
421 322 2
135 343 8
113 349 7
16 169 1
153 275 1
422 196 5
141 301 7
76 391 7
499 42 1
513 547 6
386 92 7
165 46 6
448 531 5
332 518 8
493 383 6
235 522 7
463 359 6
520 6 6
546 221 4
66 484 8
462 63 6
332 223 8
86 97 6
118 535 1
156 320 6
106 219 6
222 108 6
218 320 4
309 117 5
1 174 1
174 180 2
220 184 4
403 527 2
415 452 2
320 283 4
13 442 1
114 515 6
217 466 2
229 319 5
56 301 5
84 420 3
311 331 5
131 536 4
63 30 2
75 113 6
129 239 8
368 128 5
372 420 7
65 300 2
56 166 2
198 57 8
355 114 1
160 204 4
302 515 8
306 29 6
513 190 7
81 359 3
536 36 1
156 506 5
10 206 2
493 357 4
246 456 4
380 53 4
3 262 7
330 277 2
206 370 4
319 426 4
125 426 3
238 127 4
68 479 2
312 469 4
125 478 8
224 216 6
369 346 6
16 466 6
367 284 5
67 393 6
160 484 3
505 132 6
249 160 5
372 19 1
24 341 6
449 481 6
149 410 8
350 218 4
400 332 1
293 405 3
389 159 1
178 485 2
473 73 8
548 381 2
499 29 8
381 214 4
470 319 2
158 48 7
311 513 8
186 326 1
111 451 8
279 351 8
211 396 7
490 190 1
212 346 3
184 191 4
325 280 1
517 237 8
369 429 7
71 99 7
208 444 7
548 7 4
285 24 3
464 185 1
135 407 1
239 249 2
515 382 4
97 467 6
409 289 3
154 356 7
426 274 6
80 476 3
361 121 8
524 183 7
243 155 5
349 538 1
51 86 5
203 195 6
262 321 1
130 345 3
52 428 4
93 253 2
131 36 3
415 105 1
294 325 5
317 35 7
171 158 5
129 404 3
539 310 2
15 508 2
204 366 5
464 132 4
109 253 1
391 216 7
264 381 5
6 512 3
172 362 4
279 204 8
437 61 2
204 389 3
168 92 6
406 318 3
288 483 5
214 284 2
514 59 4
488 333 4
448 32 6
201 168 3
543 87 4
364 207 7
547 250 7
271 528 1
548 152 2
408 259 3
106 342 4
189 184 4
437 60 5
128 194 6
240 495 6
289 484 3
99 188 5
115 23 6
54 366 5
430 518 5
352 30 4
442 287 7
160 284 6
45 27 8
52 141 3
428 373 2
199 30 7
218 477 5
460 442 2
443 359 3
68 537 7
439 197 1
26 324 5
396 476 8
68 500 1
151 32 3
538 336 7
47 539 1
138 340 1
148 414 7
158 10 7
92 149 1
348 176 1
204 440 7
528 450 7
109 68 1
282 176 5
457 290 4
528 449 6
56 269 4
237 316 7
52 330 4
147 488 6
543 70 7
341 234 1
379 11 6
472 303 4
376 199 1
425 435 6
154 338 2
119 170 4
479 447 3
60 471 2
469 492 7
263 505 3
368 263 1
533 476 2
261 101 1
180 104 5
176 478 4
32 499 2
154 521 3
192 371 2
537 290 7
446 298 8
541 114 3
382 333 6
430 281 6
129 388 8
528 77 7
462 111 3
297 140 4
121 518 4
270 97 7
40 475 7
505 70 2
284 417 3
100 65 8
372 423 3
336 352 3
412 26 1
474 2 4
503 386 4
138 76 5
168 215 6
25 111 4
276 457 6
374 305 1
493 494 2
135 321 1
30 106 7
349 361 4
433 246 8
121 58 5
21 134 2
109 481 1
254 198 6
438 274 6
284 76 2
485 342 7
499 364 1
114 59 6
70 89 8
250 298 3
356 78 6
425 287 7
434 449 7
78 121 7
109 96 6
498 384 8
186 173 8
458 142 5
173 88 2
365 213 2
56 365 4
487 218 1
242 68 2
185 239 3
455 369 5
513 43 8
307 136 8
325 278 6
5 457 5
392 229 1
535 318 8
473 471 7
102 145 6
179 434 6
248 351 4
97 186 4
147 258 4
162 46 5
16 137 4
414 415 4
414 342 7
313 448 4
372 351 6
464 306 4
533 478 8
224 213 1
76 351 8
155 68 8
148 168 3
488 54 7
483 390 1
387 474 1
520 134 3
58 463 7
524 355 4
2 362 2
381 469 6
439 304 7
399 14 7
274 265 5
80 207 4
21 539 8
177 124 3
213 535 2
285 453 7
111 368 1
231 351 4
329 486 2
365 138 7
540 470 6
168 314 3
38 14 7
67 161 6
353 392 1
11 492 2
222 281 7
292 364 5
360 246 5
64 345 8
251 405 4
93 513 1
360 332 5
178 422 4
428 450 2
263 237 4
463 387 1
425 24 4
317 328 5
187 12 2
462 333 2
452 118 6
152 484 1
543 381 7
112 29 1
204 486 6
344 12 5
137 379 6
19 297 8
108 479 3
180 56 1
470 51 6
207 435 7
217 437 6
265 121 3
477 69 3
347 501 3
426 359 2
232 371 5
207 498 5
459 193 2
545 209 6
14 522 2
137 178 7
376 171 3
191 206 5
166 331 8
377 86 4
297 535 5
42 313 2
383 267 4
537 369 7
275 12 2
372 63 5
256 280 4
350 76 7
463 294 7
477 407 1
411 229 1
321 137 1
250 272 7
544 429 7
414 102 4
152 410 4
324 337 3
373 203 4
64 240 4
207 538 1
267 85 7
371 100 1
419 90 1
260 178 6
61 255 4
218 56 3
479 277 4
447 436 2
15 409 7
158 197 7
225 198 8
130 141 7
540 136 8
234 242 8
187 424 5
478 67 1
399 211 3
29 270 5
373 170 3
245 265 6
305 85 5
360 243 8
128 49 5
146 157 4
255 227 3
520 377 6
278 306 7
65 260 4
468 226 3
15 454 3
305 408 7
428 503 5
361 217 5
203 422 6
245 138 4
230 486 5
104 471 4
78 307 3
83 475 4
210 537 3
365 322 4
189 141 6
524 335 7
507 524 8
544 398 4
436 350 5
39 79 7
545 364 6
471 521 5
238 412 1
286 79 2
263 35 2
111 262 7
269 454 7
421 243 4
303 78 4
83 184 1
159 71 7
22 427 7
176 365 8
488 41 7
123 208 3
460 291 7
19 255 8
195 331 2
319 545 3
48 191 6
498 412 1
333 259 4
333 225 6
386 461 1
57 262 7
29 477 3
224 501 4
81 433 1
279 182 1
35 220 4
497 433 3
21 446 8
437 449 5
275 170 7
238 185 5
62 96 4
128 114 3
415 371 2
214 298 6
237 19 6
402 487 4
275 169 6
235 360 7
57 307 3
161 275 3
535 282 5
201 377 2
420 46 2
126 537 2
525 139 3
240 79 2
335 465 3
181 143 6
111 190 4
159 458 2
170 310 4
47 534 8
447 406 8
491 203 6
99 4 7
135 229 4
7 108 1
477 81 5
480 300 8
423 161 2
524 405 4
463 360 5
145 202 1
544 240 5
422 39 2
514 299 6
155 86 2
308 486 7
373 95 7
428 219 2
457 220 8
279 242 4
129 304 1
485 452 3
270 362 5
499 360 4
446 444 4
269 157 6
160 25 2
506 163 5
313 332 2
196 92 1
443 388 5
179 103 6
331 211 7
283 178 7
285 458 8
505 448 8
171 215 2
19 384 3
306 220 7
179 381 2
23 165 3
133 234 2
547 359 1
315 383 1
319 234 2
398 270 7
394 5 3
118 168 6
125 196 7
377 457 8
89 341 3
335 130 2
467 434 8
403 72 7
269 2 2
33 227 5
37 325 3
433 127 5
418 183 7
534 230 4
135 413 2
298 497 7
108 47 2
470 496 4
252 20 5
198 23 1
423 377 4
8 176 2
59 177 7
167 508 8
52 432 3
48 41 7
533 141 3
447 341 4
129 266 1
448 454 1
252 170 3
379 386 8
44 169 2
425 464 6
410 62 7
168 53 8
138 540 4
257 127 3
210 402 4
315 237 8
260 478 4
332 482 3
387 88 3
451 393 4
113 259 2
450 371 7
208 154 8
250 276 1
392 380 3
331 445 6
206 92 1
43 460 4
254 504 3
114 113 1
48 116 5
198 490 5
525 178 4
216 388 5
146 483 2
349 502 8
174 390 8
366 77 2
537 116 5
204 444 2
345 408 7
108 189 3
72 501 7
248 288 1
134 300 3
127 533 4
82 280 1
178 332 4
343 478 3
205 303 2
11 523 4
142 380 2
518 151 3
295 240 1
32 238 2
305 352 4
369 414 4
304 533 6
383 435 1
306 228 4
253 46 4
360 20 1
243 141 6
430 546 3
215 24 8
272 121 4
440 308 3
112 460 5
517 476 2
532 286 1
484 388 2
212 116 4
284 342 2
191 385 4
341 328 3
24 107 8
543 399 6
2 231 1
365 277 3
6 492 7
426 171 7
173 15 6
234 50 2
434 42 6
235 336 5
135 355 7
151 231 4
113 538 4
5 198 2
404 471 7
155 528 4
213 67 8
203 328 3
230 488 7
414 257 5
326 69 8
112 125 1
265 53 6
99 128 7
284 85 8
196 488 3
93 348 2
335 379 4
191 438 5
81 346 4
329 251 1
419 345 3
527 516 2
236 125 6
536 173 5
301 304 6
458 349 7
465 69 5
299 151 7
368 253 3
333 393 7
318 330 3
338 373 4
51 15 8
39 462 7
208 167 8
208 19 6
424 426 4
409 62 7
28 142 7
160 342 2
325 6 7
150 185 2
245 441 1
506 203 6
398 347 6
29 40 4
85 221 3
533 100 5
135 156 8
361 272 8
365 42 2
461 150 3
375 357 4
198 375 2
496 203 4
12 76 1
237 124 1
502 472 4
183 479 7
59 271 1
408 545 6
41 335 2
254 52 4
210 450 8
464 260 1
256 254 3
217 468 6
234 33 6
224 275 5
94 534 5
250 415 5
464 172 8
342 311 3
187 273 8
460 135 6
258 204 5
486 45 7
485 123 6
157 196 5
319 511 7
463 374 3
323 358 7
474 418 3
527 397 5
438 319 2
77 384 3
182 31 2
422 288 2
436 541 1
31 521 8
537 362 4
402 155 3
477 420 4
189 504 8
424 300 5
484 535 7
20 208 4
241 476 4
212 206 8
203 530 4
81 17 6
453 196 5
486 362 6
180 218 3
116 357 3
374 148 2
414 366 3
521 304 4
5 94 3
305 353 1
309 353 1
537 309 2
268 307 4
23 442 1
189 355 4
499 291 2
233 81 5
536 287 2
341 232 3
227 424 1
450 403 8
149 426 7
295 466 3
106 355 4
106 229 5
86 33 1
180 399 8
360 337 2
311 230 1
492 12 2
291 51 3
0 97 5
161 361 8
114 451 5
133 502 7
360 104 8
350 413 3
419 115 7
364 393 2
97 357 7
68 415 7
494 174 6
235 124 1
542 438 5
495 140 6
308 280 4
487 234 4
174 311 6
446 133 7
172 384 3
459 324 2
508 465 6
337 2 8
465 448 5
202 362 1
428 46 5
489 210 8
304 122 6
1 3 3
441 145 6
365 188 5
147 231 8
233 228 7
11 279 2
446 175 3
245 309 4
461 101 2
111 254 6
358 532 4
28 267 6
171 411 5
502 437 8
171 315 1
418 423 6
71 115 6
373 20 7
256 334 6
461 280 4
58 288 8
182 397 3
487 341 3
362 9 3
76 482 5
521 363 7
87 542 6
2 324 1
114 15 5
230 91 8
164 279 5
170 383 4
227 515 5
3 118 4
539 492 5
446 100 6
115 379 2
294 364 2
320 23 6
494 185 3
235 257 7
227 215 5
3 218 4
29 538 1
193 511 8
132 217 7
353 207 3
169 448 4
207 6 6
505 227 5
139 345 6
90 160 6
5 296 6
321 127 5
317 524 3
482 178 2
403 9 7
274 130 5
478 177 8
315 169 2
342 141 1
378 401 1
417 502 7
56 94 3
535 100 5
281 219 5
74 519 2
390 137 6
367 133 5
515 517 3
177 461 3
408 30 6
426 22 3
175 537 7
448 208 2
166 323 2
148 209 8
302 404 3
432 508 8
204 310 6
520 491 3
180 294 2
117 200 6
153 297 7
513 337 8
430 123 6
477 78 1
416 240 1
42 243 8
140 445 6
222 314 7
15 150 3
214 258 3
321 96 3
527 500 4
311 1 1
73 302 2
105 221 5
233 249 1
126 393 5
245 353 1
1 442 5
290 382 3
70 143 6
416 229 8
21 98 4
264 310 8
548 411 1
19 464 1
340 57 5
93 519 4
258 150 4
365 175 4
145 378 6
463 499 1
207 320 8
133 173 6
189 390 4
304 448 6
486 336 5
260 108 3
517 389 6
243 310 8
287 387 4
39 493 5
538 323 8
242 474 4
364 186 4
362 18 5
196 15 8
393 344 3
422 522 2
169 344 2
393 471 3
159 202 4
400 518 2
197 442 6
409 493 5
373 364 4
342 93 5
371 348 8
345 82 7
213 39 5
520 157 6
547 373 6
387 346 3
142 509 4
35 292 7
461 62 6
50 548 8
26 128 6
133 44 6
305 127 5
22 148 7
500 157 3
387 354 8
520 107 4
388 312 7
467 337 8
256 33 3
162 400 3
445 252 5
237 488 4
432 204 4
468 464 5
407 185 4
288 102 4
226 384 1
54 56 1
25 416 5
316 495 8
211 401 8
56 261 8
373 259 4
8 297 6
369 513 7
1 187 3
139 515 5
54 360 5
156 433 3
104 319 7
461 281 3
329 477 1
290 275 4
406 240 6
424 137 8
196 541 2
253 432 6
359 75 5
424 17 7
334 423 2
440 405 1
473 330 8
273 238 8
398 279 1
385 33 7
298 542 4
67 77 5
461 289 6
547 366 5
528 532 6
36 171 8
441 306 1
208 476 7
241 96 5
505 176 6
355 342 4
230 107 4
545 116 2
66 56 6
213 546 4
338 333 1
198 27 2
151 107 2
109 308 4
251 237 5
270 96 3
477 15 3
222 428 2
499 190 5
403 470 6
341 119 6
97 229 7
453 238 5
417 433 8
129 437 5
35 403 2
279 361 5
376 311 7
345 301 3
268 333 3
479 397 6
437 48 6
220 321 4
414 304 4
489 259 4
381 267 7
341 335 7
471 242 8
358 341 1
171 89 4
328 257 6
11 516 6
159 350 4
230 437 1
243 362 4
230 69 8
107 12 3
263 370 1
107 409 8
34 142 2
7 187 4
337 368 7
238 155 6
122 476 1
337 198 8
52 379 3
198 206 3
416 335 7
304 249 5
167 157 8
118 406 1
102 255 6
5 504 3
482 320 3
213 541 2
371 117 1
100 41 7
355 468 2
184 548 4
389 229 6
379 533 8
5 319 2
391 344 5
62 195 1
3 482 1
467 315 7
431 278 2
459 76 7
60 421 5
106 193 2
460 193 4
519 260 2
55 508 6
404 180 5
26 346 2
366 452 8
54 511 5
102 308 5
313 108 3
492 430 1
381 73 5
326 248 1
103 425 1
169 97 5
53 71 2
508 210 4
175 257 4
105 62 2
417 354 6
387 113 8
277 28 7
383 472 7
371 33 8
107 22 5
107 254 8
394 61 6
231 134 6
270 449 6
414 392 5
273 172 2
540 26 2
176 405 8
521 115 7
286 0 1
36 193 4
142 342 7
122 455 6
474 347 1
496 401 5
421 500 3
244 312 2
260 230 2
12 333 5
135 10 8
320 357 6
291 274 1
388 378 2
202 538 7
497 224 2
375 333 3
227 384 6
288 378 3
302 217 4
117 376 2
458 538 3
206 499 8
396 301 7
293 427 5
32 102 3
159 220 2
435 49 6
61 500 2
257 11 6
278 359 3
52 481 6
375 354 8
201 241 7
384 447 5
90 375 2
385 138 5
337 441 1
442 207 1
34 252 1
170 191 5
264 144 4
206 451 8
120 155 7
54 57 3
166 204 7
237 41 2
322 515 4
169 268 2
259 53 4
165 219 4
375 51 8
231 273 5
202 528 7
287 197 2
303 193 2
351 52 2
396 538 1
187 125 8
176 445 5
294 379 8
137 87 3
288 218 4
7 90 4
17 138 3
345 71 3
246 543 3
232 130 8
326 213 7
299 59 3
481 516 1
170 349 8
211 246 5
255 142 3
446 441 7
105 164 4
101 515 1
438 143 6
343 261 7
286 349 1
51 272 1
357 65 7
131 527 1
130 507 7
20 525 1
365 69 4
544 153 2
255 253 1
528 214 5
386 456 5
164 494 1
167 279 3
348 369 2
506 73 4
194 176 1
25 150 8
190 50 2
385 98 3
271 234 3
173 532 8
68 123 1
221 376 1
121 394 2
3 207 1
27 95 3
497 318 5
150 30 6
112 237 2
139 374 7
288 305 1
435 133 4
305 517 4
144 212 3
390 127 5
264 259 3
110 392 5
117 74 3
203 90 2
96 117 1
135 427 6
148 538 6
66 490 7
375 369 2
12 315 4
282 120 1
41 89 4
220 18 8
539 468 5
209 547 7
327 416 7
407 99 5
351 429 6
494 91 1
368 536 8
301 542 8
158 122 1
381 68 8
265 222 5
379 339 2
16 78 7
54 517 7
13 481 2
314 205 8
384 240 5
145 455 5
372 65 7
524 145 1
466 57 2
453 59 4
11 308 2
29 350 5
187 380 5
203 96 4
238 160 2
325 86 6
31 206 8
404 52 6
331 367 2
415 536 3
405 385 1
336 405 5
436 401 7
373 303 4
347 466 4
496 174 6
187 84 1
466 293 7
512 409 4
143 358 1
158 356 6
1 298 3
162 107 5
263 215 5
292 215 8
164 543 3
350 461 2
481 365 3
319 371 1
274 169 5
14 527 7
251 206 3
155 536 8
11 21 7
165 160 8
235 405 2
60 123 2
111 403 1
512 428 4
419 328 4
467 387 2
548 135 8
365 494 7
9 106 1
282 535 4
287 431 1
159 447 8
175 157 5
163 116 1
293 198 1
510 96 7
519 411 1
396 487 4
185 167 5
496 387 7
449 150 8
330 139 7
137 77 3
214 294 2
467 105 3
117 457 4
111 133 7
422 238 8
516 35 5
122 447 8
270 293 5
391 53 5
530 543 2
523 11 4
77 292 1
403 259 8
257 36 1
378 224 5
378 520 7
262 412 8
424 1 3
353 311 3
447 248 5
312 52 3
525 157 1
428 309 6
36 108 6
468 527 6
394 13 5
84 511 6
339 194 6
10 503 3
108 226 6
224 397 8
230 422 3
214 112 5
185 122 4
336 284 4
364 1 7
130 437 4
102 382 8
47 406 5
204 167 3
474 106 3
392 25 5
381 157 4
102 143 2
132 270 7
186 197 2
10 192 2
395 447 5
335 263 6
424 61 1
270 363 2
65 297 6
492 152 3
457 311 2
198 269 1
212 40 2
215 181 7
152 34 8
255 256 1
370 125 3
258 363 1
271 485 4
227 359 7
94 424 4
79 480 4
151 13 8
192 214 6
415 228 3
204 544 4
102 38 6
300 146 5
194 486 5
122 348 4
427 2 7
87 26 6
303 238 1
253 86 4
113 250 6
545 406 4
249 303 2
242 10 5
31 182 6
510 314 1
305 523 6
472 468 7
199 72 8
20 184 1
6 408 2
416 510 1
103 544 2
214 118 5
428 27 6
218 13 7
185 491 3
447 472 8
402 485 1
164 500 1
27 106 7
57 147 7
7 348 4
91 333 1
177 150 2
16 527 3
54 294 3
428 379 7
237 486 8
274 310 8
425 165 6
218 393 8
526 372 7
0 529 8
447 233 7
390 311 8
398 165 8
76 502 3
104 123 7
77 367 3
353 376 5
259 392 5
184 436 6
91 325 3
71 323 2
421 350 7
294 300 3
60 12 5
154 14 3
174 289 1
298 377 4
74 291 6
281 541 4
422 339 4
171 398 5
278 262 1
51 228 2
442 7 1
501 522 1
137 246 7
526 93 5
423 154 8
540 174 6
515 379 6
118 3 4
82 195 6
397 264 8
434 77 2
53 161 8
358 120 6
297 453 1
280 290 5
257 347 2
12 504 1
198 476 5
258 404 7
512 384 4
429 281 8
548 134 1
155 359 6
349 127 2
178 14 1
114 333 2
79 88 1
301 169 6
143 344 6
418 61 5
515 234 7
64 462 1
533 467 3
243 531 5
354 483 7
368 136 1
87 408 6
163 314 7
204 510 4
103 487 1
399 113 3
28 186 8
317 303 8
92 113 6
143 478 8
47 399 5
188 42 5
460 366 8
218 223 1
131 509 1
113 395 6
397 69 6
308 258 4
150 297 6
86 297 8
209 515 5
347 355 4
236 73 5
238 400 5
473 443 5
467 490 6
545 300 8
138 108 3
177 61 7
160 393 5
288 506 3
87 410 6
195 51 4
379 222 3
267 265 6
416 113 7
423 194 5
326 518 4
72 94 7
448 162 8
240 351 1
461 276 6
325 478 8
536 479 3
78 24 1
522 77 3
67 80 4
284 245 5
468 305 2
127 87 8
49 510 7
301 209 3
211 479 2
231 40 4
335 231 4
470 95 7
501 181 1
199 26 8
290 133 4
483 487 6
357 331 6
49 298 6
0 448 5
18 429 6
306 118 5
308 524 7
434 304 2
269 156 8
467 338 4
163 319 3
72 528 1
523 116 1
123 396 1
65 436 3
116 440 8
297 62 1
143 170 1
185 311 3
329 232 8
68 181 6
454 282 6
264 375 7
534 180 3
184 284 5
373 169 3
202 512 3
152 466 2
354 345 5
177 532 8
84 233 6
503 84 3
292 33 8
406 296 2
426 187 1
415 282 7
136 427 2
57 544 1
463 460 7
86 360 4
281 300 3
75 513 5
405 295 3
220 173 7
542 60 1
398 210 5
194 399 2
211 289 2
90 208 1
492 388 5
348 171 3
216 218 8
347 341 3
395 460 1
95 444 2
81 388 7
253 238 8
334 501 1
55 143 4
237 334 7
103 204 8
358 460 8
479 389 2
411 385 2
189 190 4
185 418 1
404 83 8
196 485 8
292 394 2
530 36 8
478 187 5
364 461 3
502 477 3
13 280 2
466 11 1
191 297 5
433 399 6
513 524 2
166 71 8
500 484 2
81 324 1
475 217 4
165 103 4
505 5 7
243 106 4
34 475 6
232 493 8
8 106 1
491 314 3
372 79 5
370 429 5
66 361 5
514 527 6
198 353 1
148 313 5
423 501 6
312 136 5
434 262 1
487 254 1
235 501 5
510 73 8
354 372 7
146 165 1
178 276 8
467 193 2
60 151 4
278 246 7
413 290 7
126 382 4
161 224 5
3 200 8
284 95 2
422 245 1
508 214 4
323 545 7
542 468 8
406 140 3
408 418 1
515 271 4
419 429 8
360 451 8
276 99 1
288 337 5
107 499 5
416 114 7
302 409 1
108 401 3
63 235 2
331 452 8
470 421 6
479 427 5
339 189 3
122 322 8
338 300 4
59 41 2
256 466 1
493 100 4
107 228 1
105 274 6
308 540 1
1 511 7
308 451 6
121 519 1
284 196 6
272 241 8
541 530 5
355 196 2
183 511 7
88 177 2
487 104 2
527 395 6
517 166 3
358 353 4
257 237 6
217 542 3
248 196 1
351 410 5
486 341 2
186 170 7
433 172 3
369 128 6
470 86 3
377 381 4
377 152 1
284 521 2
271 86 7
424 434 7
9 112 3
279 32 4
483 311 2
225 161 3
251 523 3
15 235 1
345 60 7
129 372 3
346 139 6
339 63 8
460 502 3
94 529 4
434 456 4
531 156 3
377 479 6
399 429 4
190 161 5
289 43 5
396 264 8
63 472 3
57 449 4
167 80 4
80 346 2
113 269 4
40 127 8
362 363 3
116 446 2
442 301 5
526 409 1
41 342 4
365 306 3
167 510 6
356 347 6
216 505 2
5 341 8
292 474 3
151 229 3
44 467 7
461 529 5
377 513 2
326 316 1
504 119 4
125 160 6
456 12 7
108 360 2
339 436 5
393 137 8
108 307 5
441 79 5
159 87 4
206 193 2
535 448 6
539 85 1
337 167 5
53 211 6
310 416 4
68 188 6
544 255 8
32 257 6
267 371 4
380 192 1
229 487 7
450 400 3
220 286 2
544 341 8
225 352 5
237 500 2
4 506 2
538 531 4
107 417 7
277 35 4
141 156 4
203 308 3
3 389 6
178 307 1
278 405 3
107 191 5
214 60 5
281 288 2
217 546 7
149 401 3
385 496 7
310 289 1
172 338 7
141 246 6
449 144 4
307 164 1
188 180 6
139 329 7
331 409 5
365 162 5
152 351 4
262 273 8
62 123 7
199 163 3
447 310 7
231 104 1
277 341 3
297 264 2
289 244 1
501 524 6
99 463 6
17 212 2
266 27 1
139 197 7
11 391 2
279 84 6
90 310 3
105 34 8
364 463 2
212 164 7
57 506 1
147 544 5
411 481 4
534 114 4
293 11 3
323 164 5
418 102 7
416 413 2
533 271 3
454 507 6
306 189 4
77 501 5
389 544 6
366 204 5
265 8 7
427 319 6
238 430 2
354 68 2
275 350 7
81 488 3
205 443 2
398 495 5
269 61 3
195 32 1
469 261 8
543 259 8
268 516 6
79 321 5
402 324 6
209 207 1
224 260 2
256 376 2
74 6 5
150 2 2
39 243 5
196 276 1
370 405 1
463 67 7
394 237 4
236 199 5
61 185 4
81 216 6
27 245 8
32 21 6
348 203 1
51 461 4
325 44 5
393 295 2
69 415 4
278 502 8
184 402 7
401 404 8
381 85 5
249 0 4
252 476 4
273 5 3
23 301 3
96 400 1
347 141 4
413 83 6
99 305 6
7 24 5
198 182 5
511 193 6
345 373 1
176 390 1
505 535 2
313 456 4
47 460 2
264 276 5
246 2 2
500 95 3
180 156 4
431 514 6
386 349 8
48 263 1
49 489 5
464 68 1
285 4 4
528 183 1
345 331 4
438 506 1
101 463 8
307 150 2
502 275 3
512 41 6
155 327 3
297 528 2
467 263 1
95 152 6
303 426 1
55 165 1
27 84 3
280 407 1
172 214 8
126 272 7
203 16 1
199 434 1
393 77 2
186 469 2
533 67 8
103 200 5
451 438 1
402 547 8
241 265 7
402 75 5
107 127 6
265 400 1
415 76 1
13 23 4
416 266 1
243 53 5
436 291 6
203 214 5
94 518 6
274 338 7
445 411 1
495 431 7
226 87 5
284 326 7
442 360 6
247 71 3
2 216 8
113 380 1
380 12 8
7 190 5
10 207 6
525 327 6
109 545 4
383 121 8
111 102 7
274 349 6
189 335 8
118 360 8
263 17 4
99 103 1
69 176 6
409 217 8
512 301 3
160 229 3
422 52 8
514 459 7
373 500 5
540 530 6
50 198 5
462 13 4
485 189 8
520 386 8
287 45 2
216 401 4
67 264 2
131 181 6
114 159 4
448 195 6
59 474 3
344 422 5
388 288 4
190 178 6
423 232 6
534 158 4
330 161 3
325 248 5
494 390 1
369 167 3
546 66 2
436 396 2
61 190 3
183 284 1
172 498 6
159 24 7
109 160 3
52 162 7
279 345 5
535 374 4
23 467 5
133 381 7
445 30 5
512 124 5
458 136 8
66 22 5
86 21 7
462 191 2
214 114 8
346 141 8
496 172 8
9 283 1
452 386 4
270 44 7
336 265 8
307 172 7
252 16 3
398 431 1
504 83 7
470 174 5
222 98 8
514 488 7
412 544 6
337 510 6
217 535 3
137 201 1
539 456 2
205 133 8
484 496 3
463 187 8
293 445 1
184 500 8
326 363 7
447 398 4
109 14 5
248 118 6
79 5 3
67 358 3
303 28 6
101 277 8
54 506 3
332 527 6
370 117 5
547 309 4
176 378 2
420 537 1
451 458 5
346 214 8
15 397 2
95 236 8
526 271 5
229 472 8
29 89 6
309 14 1
102 364 1
318 181 4
545 429 7
95 51 3
437 310 2
402 470 6
3 113 7
528 280 2
27 470 8
174 76 2
233 145 6
118 236 6
130 240 5
155 37 8
297 317 1
343 270 8
506 546 5
241 488 4
249 4 2
527 274 1
257 157 7
12 529 8
228 186 2
541 277 3
270 50 3
191 294 8
3 346 2
43 152 6
307 303 8
28 38 2
10 167 8
438 333 1
353 319 5
123 430 4
379 392 1
157 542 1
132 519 8
516 69 2
504 40 7
173 284 1
46 123 8
58 487 2
248 80 6
100 351 6
64 227 5
489 292 4
125 358 2
179 126 3
108 277 4
385 318 5
115 322 6
46 442 2
349 317 6
504 494 3
166 414 6
540 93 6
264 82 4
425 258 3
304 392 2
201 334 6
234 148 3
300 276 5
142 275 2
216 124 2
422 60 1
354 525 3
376 446 8
27 127 3
111 452 7
221 180 6
95 493 7
240 366 6
248 62 3
23 542 7
189 204 8
516 201 2
449 298 1
199 98 1
289 143 6
90 286 8
513 525 6
97 102 6
94 38 2
358 76 3
204 102 3
358 23 8
317 459 3
12 347 2
350 294 3
523 277 6
252 158 8
223 84 4
341 254 8
185 145 2
286 95 4
290 22 6
528 416 4
184 238 1
87 370 8
94 505 7
456 470 1
454 289 8
371 486 1
109 250 2
343 249 5
61 70 3
31 442 4
494 501 5
340 417 2
537 252 4
220 322 2
337 133 4
56 359 6
259 104 1
398 470 1
441 171 6
452 22 4
65 230 6
542 10 8
534 490 8
501 459 6
290 498 8
340 494 6
462 27 3
198 154 5
94 122 5
344 342 2
300 187 8
206 90 8
161 36 4
100 512 6
523 117 6
140 525 7
109 519 4
36 434 3
509 436 8
83 342 5
246 337 7
79 204 7
438 64 1
405 488 5
59 543 3
463 320 8
316 65 7
401 17 7
145 481 6
437 292 1
72 349 5
509 243 6
224 547 4
103 530 3
30 241 7
457 357 8
101 496 7
306 453 1
38 184 8
51 434 1
208 297 6
445 377 7
539 409 5
227 394 1
528 41 4
46 122 8
502 475 3
293 282 5
529 396 5
417 366 8
135 231 7
514 547 6
7 8 2
244 95 5
288 45 5
326 14 3
228 174 4
471 222 6
253 453 8
508 8 1
418 53 8
189 31 4
425 412 7
23 56 4
523 139 4
28 4 8
66 314 6
54 71 1
334 17 3
390 379 4
123 183 3
163 140 4
69 179 2
2 515 5
151 311 3
73 263 4
126 29 7
256 533 3
237 223 5
272 3 6
386 152 1
266 315 1
334 68 8
36 268 7
173 253 8
371 65 7
206 290 8
123 376 7
386 301 5
42 292 5
101 242 8
65 286 4
361 216 2
148 46 2
133 358 1
192 400 7
464 148 4
298 452 7
227 17 7
59 158 7
138 319 1
111 6 2
526 308 2
429 251 1
32 117 6
266 488 5
124 258 5
57 423 5
408 201 2
299 100 5
261 544 3
423 405 5
316 521 4
37 108 6
432 143 2
39 143 4
25 210 3
311 102 4
161 384 2
505 379 6
98 259 4
47 154 7
297 500 7
519 163 5
495 524 5
421 97 5
8 457 8
452 250 3
205 476 7
141 413 5
315 241 5
382 118 6
254 432 2
294 398 5
169 281 6
512 497 5
29 309 3
337 271 3
475 389 8
189 197 3
288 531 5
327 77 2
91 49 4
334 440 4
543 217 4
290 492 1
332 32 3
340 39 2
351 416 1
429 437 2
24 447 6
416 162 2
185 341 5
59 31 8
351 22 6
397 240 6
177 533 8
231 144 6
460 208 2
507 271 6
402 148 5
406 499 6
135 178 4
45 293 4
10 6 6
35 138 8
354 497 4
269 466 5
36 277 5
391 378 2
104 504 8
414 275 8
289 343 4
155 116 5
15 246 8
406 515 4
304 189 4
546 158 2
224 335 5
241 172 3
500 240 4
351 299 8
399 529 7
266 490 2
459 546 6
99 156 8
518 292 1
164 371 6
384 194 3
528 541 6
434 266 5
417 219 4
535 486 8
137 82 1
241 413 1
313 126 6
396 536 6
66 439 2
532 292 4
310 538 8
420 352 2
0 413 5
163 515 3
450 362 7
444 151 8
369 184 7
307 111 1
51 479 2
406 293 1
369 201 5
76 473 6
329 465 3
4 427 7
82 424 1
355 507 1
110 323 2
230 160 3
123 59 1
101 526 4
373 402 5
410 498 2
108 78 8
315 307 2
151 220 3
13 303 6
422 157 1
314 12 6
19 267 2
56 534 5
9 197 3
19 347 5
118 499 2
19 113 8
166 279 3
227 305 5
166 317 1
35 177 6
230 162 6
115 313 7
291 425 6
439 420 5
411 484 1
436 15 1
461 265 3
426 177 7
373 97 8
55 375 8
423 215 8
173 408 3
288 0 7
358 323 5
320 201 8
244 385 7
224 439 3
543 106 3
26 164 5
417 61 7
28 495 6
388 144 8
225 354 2
321 44 5
518 284 1
21 47 6
304 39 6
380 39 1
372 358 3
401 483 6
422 139 5
197 170 7
547 480 1
500 186 2
526 269 6
215 412 5
136 181 4
340 506 5
449 242 2
502 315 6
69 480 4
134 262 1
388 48 3
134 90 7
34 424 8
518 13 1
80 269 4
281 431 5
456 84 4
0 349 8
113 58 8
338 530 3
434 255 7
196 106 3
138 253 8
473 197 7
439 62 2
264 128 5
143 526 3
188 29 8
127 170 3
200 150 3
58 264 6
10 156 3
432 8 3
543 479 2
77 113 1
51 292 3
379 162 5
101 487 2
5 29 4
90 350 2
463 516 3
473 117 2
7 452 7
240 411 8
501 329 3
503 352 4
331 275 4
498 257 3
149 428 4
339 501 4
45 255 3
506 511 2
82 165 2
302 56 4
368 171 8
165 501 4
212 493 1
204 469 1
314 495 7
317 507 7
435 446 8
438 200 1
0 181 4
291 374 6
400 387 5
33 146 6
152 77 6
445 529 5
64 260 7
14 491 2
296 468 1
459 306 8
369 80 8
123 384 5
461 301 4
337 363 2
248 395 7
183 254 1
343 196 8
305 94 1
254 228 3
89 434 7
115 460 1
285 303 1
527 430 8
350 385 6
384 163 7
3 351 2
429 522 4
540 33 5
69 203 6
324 69 7
520 440 1
77 472 2
540 354 6
119 74 2
2 430 4
180 408 7
271 302 8
157 69 3
384 129 6
43 173 4
146 27 3
350 375 1
153 44 5
334 117 1
270 281 8
66 158 6
541 306 1
276 466 3
434 396 7
110 127 7
26 280 3
8 94 3
508 428 2
55 367 1
151 142 6
401 494 3
171 114 8
245 380 5
2 3 3
434 173 7
312 117 5
198 527 1
409 31 8
312 310 6
264 548 8
514 2 5
101 547 1
57 441 5
515 106 2
205 165 5
374 216 6
198 508 2
341 195 2
137 534 7
30 226 1
262 29 3
467 514 8
233 302 8
349 227 3
10 100 6
466 351 7
74 221 5
244 485 6
520 236 8
88 133 3
98 539 3
318 373 1
198 504 6
103 277 4
285 300 4
270 504 8
363 81 8
78 89 1
55 217 2
345 383 6
457 6 6
95 64 6
156 306 3
23 159 1
269 380 5
275 336 1
346 336 4
338 354 3
471 267 5
432 52 8
35 184 5
312 78 6
274 474 6
518 11 7
10 160 7
466 380 4
235 7 2
514 500 4
333 186 8
390 451 5
150 418 4
200 310 1
79 87 3
193 517 7
127 428 8
358 268 2
533 547 2
437 363 3
331 370 2
364 221 8
403 474 7
105 311 5
99 423 4
472 500 8
259 270 8
533 282 2
422 493 4
317 106 8
242 484 3
503 305 2
370 350 8
141 143 8
278 279 8
521 117 5
45 204 6
91 543 1
519 207 2
79 76 2
59 464 1
459 254 3
545 191 6
468 15 7
126 321 7
186 100 5
509 440 4
34 521 3
382 452 7
324 443 6
323 246 4
354 162 2
415 81 6
119 444 5
245 487 6
326 406 3
327 328 2
341 99 5
80 206 4
129 226 3
133 497 6
423 195 8
228 205 3
388 88 8
428 439 5
415 139 2
224 398 7
412 396 5
289 292 8
321 266 2
27 284 6
68 137 8
49 60 2
360 545 7
431 145 8
209 531 1
200 434 5
48 530 4
371 543 8
268 13 2
292 151 3
484 139 5
436 493 6
451 133 6
18 378 2
344 48 1
525 215 3
163 227 5
118 48 5
469 397 7
416 352 4
499 152 6
226 367 5
17 449 1
138 475 5
314 321 5
392 385 1
481 205 3
390 128 2
243 389 4
327 116 8
439 122 6
219 385 1
201 356 5
209 296 7
440 400 7
180 390 7
322 394 5
343 445 1
459 137 8
9 184 2
112 301 4
85 249 1
365 262 7
532 419 6
231 538 8
459 54 4
213 259 1
416 330 5
331 510 1
171 165 6
210 216 3
240 375 1
327 464 6
398 274 3
432 430 2
403 255 1
298 369 1
20 413 3
161 209 5
479 21 1
528 267 1
548 268 7
76 289 8
146 156 8
102 73 8
357 510 2
75 159 6
72 469 8
355 527 4
23 472 1
354 426 4
429 399 2
110 309 3
452 520 5
214 99 5
188 306 2
216 163 3
262 102 2
179 260 8
130 492 7
17 288 2
136 120 3
19 243 2
230 460 2
54 46 3
394 330 1
7 51 5
366 43 8
396 36 5
203 286 8
36 403 3
303 30 5
356 63 4
449 31 8
265 176 7
463 149 2
107 328 7
444 348 4
118 486 7
13 316 4
13 37 8
323 276 8
329 15 7
429 257 8
367 206 7
147 458 2
442 241 3
79 541 6
211 124 2
248 477 6
179 468 6
9 31 5
501 209 4
255 515 5
522 56 8
47 311 8
212 527 7
53 277 8
143 405 4
124 475 7
111 339 1
441 168 8
513 381 2
433 66 8
185 214 1
258 252 8
142 511 7
18 526 3
247 330 2
166 547 1
268 521 2
486 498 1
424 318 5
435 520 6
115 283 8
11 454 2
249 294 3
497 531 4
303 83 3
132 122 8
111 336 1
106 340 2
204 287 4
488 45 4
56 328 6
99 160 2
122 267 8
171 35 8
408 433 4
327 16 1
384 374 3
264 217 2
434 503 2
57 324 8
376 146 3
313 155 5
13 490 3
471 120 8
468 2 8
157 8 4
391 404 7
141 93 8
152 289 4
452 244 4
166 39 1
446 357 8
321 158 5
236 75 6
284 121 5
71 375 6
406 279 1
110 213 3
231 398 1
463 455 1
347 420 3
243 427 8
159 513 7
163 243 7
232 161 8
512 11 1
342 384 6
249 318 5
396 353 6
433 254 4
414 129 1
19 226 5
77 448 2
349 253 6
171 102 3
58 97 6
276 0 6
1 290 3
337 535 8
226 461 6
326 521 5
390 176 5
341 279 8
157 376 7
190 461 3
470 167 7
518 228 6
316 290 2
508 48 6
137 500 2
119 255 8
79 320 6
440 467 8
256 547 5
269 320 8
10 400 1
418 250 4
497 49 6
1 380 7
171 63 5
275 452 2
339 147 3
213 460 5
423 203 3
89 431 4
78 524 1
105 272 3
467 388 2
50 95 6
514 344 4
523 275 3
316 394 1
295 61 3
113 195 6
188 9 2
145 122 6
300 136 2
62 479 2
335 137 5
445 392 4
435 33 3
227 335 1
412 137 6
175 374 2
540 476 6
137 175 1
84 31 8
89 537 1
220 361 7
65 169 4
424 119 6
87 487 3
323 441 2
25 115 8
548 421 2
454 367 1
191 129 6
24 461 2
509 161 6
414 242 4
148 395 2
190 101 3
352 139 7
510 428 1
254 236 8
441 349 3
546 451 3
50 437 3
269 278 1
332 122 8
534 287 4
380 300 5
395 130 4
274 528 7
45 469 1
232 208 3
37 345 3
64 76 3
424 401 2
148 164 2
419 501 5
510 95 1
219 12 4
215 402 6
52 490 1
462 11 3
342 364 7
122 48 1
213 295 5
175 103 1
270 299 7
273 478 8
442 262 4
90 178 3
285 498 5
258 380 5
536 88 6
480 450 8
507 489 2
126 58 5
300 130 7
214 292 7
207 328 3
337 258 3
70 153 4
444 177 7
478 520 8
208 55 2
503 411 3
257 262 8
12 35 4
317 444 4
188 179 5
78 128 5
335 64 7
466 275 5
49 521 3
267 18 6
481 194 1
37 540 4
173 43 5
364 175 3
337 90 2
247 31 8
281 82 2
462 349 1
278 449 1
207 1 5
132 509 1
266 241 1
193 172 2
127 123 8
376 138 6
151 540 5
260 153 1
479 144 7
433 44 5
44 314 7
230 100 2
282 538 2
400 282 8
322 369 8
192 296 6
488 348 6
379 172 5
203 290 6
72 457 3
102 263 2
40 13 1
248 269 1
448 391 7
374 69 2
60 10 6
481 214 7
0 495 3
242 45 4
323 424 1
391 310 8
160 180 2
24 221 4
284 475 7
170 427 3
193 490 7
281 170 5
314 184 1
239 430 5
97 83 7
386 121 7
131 64 3
101 14 8
189 348 3
178 475 4
330 435 2
222 18 5
342 257 1
496 99 1
89 419 7
275 441 5
441 525 2
22 384 5