979 6534 7 393 790 
1 0 1
2 0 1
3 1 5
4 1 7
5 2 1
6 4 2
7 2 1
8 1 7
9 7 6
10 7 4
11 7 4
12 10 6
13 7 2
14 1 2
15 4 2
16 6 7
17 0 4
18 10 6
19 15 3
20 17 5
21 15 1
22 0 4
23 4 5
24 5 1
25 18 6
26 1 1
27 16 5
28 18 5
29 9 3
30 11 3
31 21 3
32 2 6
33 11 5
34 18 5
35 31 6
36 26 1
37 30 7
38 7 1
39 20 4
40 37 6
41 1 6
42 27 3
43 0 7
44 43 2
45 18 7
46 28 4
47 30 3
48 4 7
49 24 5
50 5 7
51 28 3
52 37 4
53 35 5
54 34 5
55 1 3
56 39 4
57 49 5
58 23 6
59 40 1
60 19 7
61 32 6
62 4 6
63 14 3
64 15 5
65 35 3
66 14 1
67 28 2
68 24 6
69 0 6
70 3 7
71 33 5
72 2 1
73 4 5
74 71 7
75 71 1
76 54 5
77 68 6
78 27 4
79 0 6
80 54 6
81 13 4
82 36 7
83 23 1
84 10 2
85 10 7
86 54 5
87 32 2
88 60 1
89 22 6
90 43 1
91 81 2
92 39 1
93 75 7
94 64 2
95 49 5
96 72 2
97 38 5
98 56 3
99 71 5
100 34 6
101 79 6
102 60 6
103 47 2
104 23 7
105 52 6
106 63 7
107 29 5
108 12 1
109 48 1
110 99 2
111 94 2
112 55 3
113 100 3
114 61 1
115 111 6
116 19 2
117 92 5
118 102 1
119 80 6
120 78 5
121 40 2
122 78 5
123 81 5
124 112 1
125 103 1
126 58 5
127 51 2
128 50 5
129 33 4
130 51 3
131 126 3
132 86 3
133 86 5
134 128 6
135 49 4
136 131 7
137 39 4
138 24 1
139 82 5
140 116 6
141 30 6
142 7 1
143 38 3
144 139 3
145 85 5
146 137 7
147 28 2
148 20 5
149 75 1
150 56 5
151 136 7
152 6 6
153 32 5
154 26 7
155 3 5
156 115 1
157 116 2
158 134 4
159 1 4
160 123 4
161 36 5
162 116 5
163 56 2
164 124 6
165 56 1
166 138 6
167 45 3
168 148 7
169 8 1
170 32 5
171 95 2
172 129 4
173 58 1
174 9 3
175 67 1
176 73 3
177 9 4
178 75 6
179 75 1
180 128 6
181 55 4
182 82 1
183 165 1
184 75 6
185 96 4
186 19 3
187 22 4
188 24 5
189 140 7
190 106 1
191 31 6
192 34 2
193 191 5
194 65 7
195 31 2
196 84 5
197 152 7
198 115 5
199 17 7
200 0 2
201 40 3
202 55 4
203 36 1
204 125 4
205 145 5
206 170 2
207 126 5
208 178 5
209 146 7
210 8 5
211 124 3
212 198 5
213 13 5
214 54 6
215 120 7
216 111 6
217 200 4
218 170 1
219 85 3
220 57 7
221 103 1
222 0 4
223 160 1
224 222 5
225 66 3
226 81 3
227 176 1
228 114 1
229 203 6
230 206 4
231 43 1
232 214 7
233 124 3
234 3 7
235 41 3
236 23 7
237 38 1
238 130 7
239 231 2
240 46 6
241 208 5
242 66 3
243 228 2
244 209 1
245 242 3
246 21 6
247 150 7
248 13 4
249 13 3
250 158 5
251 155 2
252 47 4
253 46 3
254 43 3
255 20 4
256 110 1
257 215 4
258 237 2
259 110 4
260 12 5
261 131 3
262 156 7
263 213 3
264 173 6
265 39 6
266 123 5
267 259 3
268 187 5
269 8 4
270 79 4
271 246 1
272 173 6
273 99 4
274 81 5
275 209 5
276 44 7
277 65 2
278 31 6
279 248 2
280 55 1
281 207 2
282 153 6
283 139 3
284 283 3
285 251 5
286 160 7
287 242 3
288 121 5
289 1 3
290 190 1
291 193 5
292 48 7
293 211 6
294 253 3
295 242 7
296 246 2
297 65 2
298 230 6
299 152 6
300 198 1
301 103 7
302 211 3
303 66 4
304 182 1
305 16 4
306 274 1
307 220 4
308 40 2
309 119 3
310 181 6
311 210 1
312 104 5
313 125 1
314 120 6
315 225 1
316 83 5
317 311 2
318 32 4
319 234 5
320 149 1
321 141 5
322 101 3
323 292 2
324 323 4
325 169 1
326 64 2
327 63 6
328 113 5
329 284 7
330 217 6
331 211 4
332 221 4
333 199 4
334 49 1
335 114 1
336 318 3
337 22 4
338 311 5
339 13 3
340 154 6
341 274 7
342 104 3
343 7 3
344 52 6
345 121 7
346 258 4
347 88 5
348 248 6
349 177 6
350 299 2
351 266 3
352 80 1
353 92 1
354 169 1
355 144 6
356 111 4
357 28 7
358 274 3
359 73 5
360 98 4
361 336 3
362 347 3
363 3 5
364 93 4
365 252 3
366 153 7
367 95 7
368 254 3
369 276 4
370 355 6
371 339 4
372 171 5
373 158 3
374 175 1
375 349 4
376 256 4
377 124 7
378 234 7
379 241 3
380 174 3
381 116 7
382 320 5
383 228 7
384 104 2
385 27 4
386 109 6
387 128 2
388 61 4
389 379 4
390 17 6
391 347 4
392 117 7
393 31 4
394 251 7
395 27 7
396 46 4
397 218 7
398 388 6
399 269 1
400 129 6
401 270 2
402 82 2
403 305 7
404 141 6
405 205 5
406 401 3
407 348 1
408 183 5
409 239 7
410 66 7
411 304 5
412 146 4
413 380 6
414 14 4
415 126 4
416 299 5
417 386 1
418 69 4
419 184 7
420 164 6
421 273 6
422 175 3
423 103 5
424 77 2
425 24 7
426 402 5
427 43 4
428 74 6
429 252 5
430 285 3
431 43 4
432 59 6
433 403 7
434 166 1
435 71 5
436 87 2
437 2 6
438 37 2
439 12 6
440 382 3
441 25 1
442 431 3
443 107 5
444 79 6
445 372 2
446 221 6
447 420 3
448 13 6
449 294 2
450 119 2
451 335 2
452 152 5
453 147 3
454 175 5
455 69 2
456 39 4
457 104 1
458 26 7
459 283 3
460 358 5
461 441 2
462 346 4
463 39 4
464 202 7
465 329 5
466 79 7
467 459 2
468 419 1
469 131 7
470 427 6
471 394 2
472 267 3
473 95 6
474 112 6
475 405 3
476 475 3
477 134 4
478 447 4
479 461 6
480 135 5
481 20 6
482 146 5
483 45 6
484 424 4
485 296 2
486 159 5
487 470 7
488 19 4
489 14 1
490 98 5
491 67 1
492 418 2
493 283 5
494 425 7
495 377 7
496 411 7
497 463 6
498 432 7
499 338 4
500 313 4
501 365 5
502 398 3
503 95 5
504 20 2
505 401 6
506 248 2
507 56 1
508 441 5
509 487 6
510 176 6
511 60 4
512 1 4
513 297 4
514 295 5
515 168 3
516 175 5
517 169 7
518 467 1
519 508 5
520 508 2
521 339 2
522 291 6
523 437 2
524 317 3
525 60 1
526 514 4
527 38 5
528 288 6
529 157 1
530 41 3
531 504 5
532 315 3
533 521 7
534 29 2
535 507 7
536 461 2
537 163 5
538 362 7
539 400 7
540 363 5
541 435 4
542 391 3
543 259 5
544 377 7
545 402 5
546 533 3
547 388 4
548 7 3
549 21 2
550 493 3
551 124 4
552 425 1
553 134 6
554 240 4
555 134 3
556 382 2
557 147 6
558 341 1
559 39 2
560 159 4
561 105 6
562 490 3
563 527 3
564 403 7
565 377 7
566 292 4
567 78 2
568 306 6
569 293 4
570 150 3
571 1 2
572 171 7
573 418 5
574 523 4
575 63 7
576 418 3
577 201 4
578 124 5
579 281 2
580 128 6
581 173 4
582 284 5
583 38 3
584 555 5
585 246 7
586 93 1
587 18 3
588 220 1
589 246 3
590 268 7
591 68 6
592 136 2
593 367 7
594 574 1
595 318 6
596 88 2
597 235 7
598 582 1
599 313 6
600 561 7
601 136 6
602 161 3
603 436 2
604 449 1
605 223 6
606 100 2
607 180 2
608 323 3
609 294 7
610 417 5
611 205 7
612 74 7
613 512 1
614 146 5
615 289 5
616 282 6
617 143 3
618 163 2
619 244 4
620 348 2
621 235 2
622 155 2
623 222 6
624 341 4
625 264 2
626 515 7
627 406 7
628 100 6
629 282 2
630 218 3
631 198 6
632 407 5
633 74 5
634 158 5
635 566 7
636 375 4
637 169 5
638 94 3
639 288 5
640 137 1
641 449 4
642 102 5
643 397 3
644 218 4
645 515 2
646 294 4
647 551 7
648 136 1
649 623 1
650 81 2
651 576 1
652 614 1
653 241 2
654 391 6
655 46 2
656 155 5
657 384 2
658 223 5
659 435 1
660 98 1
661 264 3
662 68 1
663 233 2
664 428 7
665 499 6
666 343 2
667 315 3
668 262 5
669 66 5
670 304 1
671 28 2
672 202 5
673 311 6
674 636 3
675 591 7
676 517 3
677 58 4
678 453 3
679 290 5
680 542 1
681 415 1
682 281 5
683 24 1
684 550 3
685 437 3
686 277 1
687 154 6
688 93 4
689 632 3
690 201 1
691 543 1
692 125 7
693 200 2
694 664 5
695 287 1
696 188 2
697 303 5
698 375 4
699 18 6
700 94 7
701 414 2
702 369 2
703 10 5
704 235 7
705 37 1
706 575 1
707 668 4
708 65 3
709 403 4
710 608 6
711 41 7
712 299 6
713 189 4
714 283 7
715 389 2
716 10 1
717 96 7
718 692 5
719 543 7
720 215 2
721 15 3
722 543 5
723 337 2
724 62 7
725 250 2
726 327 5
727 509 1
728 682 7
729 562 1
730 111 2
731 362 4
732 27 1
733 334 6
734 716 5
735 376 2
736 446 1
737 54 2
738 224 6
739 213 2
740 567 5
741 597 6
742 609 1
743 8 3
744 319 1
745 595 6
746 521 2
747 221 1
748 48 4
749 158 2
750 580 6
751 420 2
752 133 4
753 529 7
754 646 6
755 404 2
756 140 7
757 562 7
758 338 6
759 322 6
760 348 5
761 608 7
762 468 4
763 644 3
764 435 6
765 511 7
766 83 2
767 468 1
768 282 6
769 56 2
770 630 4
771 144 1
772 52 5
773 261 7
774 607 5
775 535 4
776 757 1
777 37 7
778 570 3
779 185 5
780 376 7
781 390 3
782 372 7
783 95 4
784 668 3
785 154 6
786 162 7
787 464 1
788 108 6
789 94 1
790 76 3
791 753 5
792 525 5
793 764 1
794 760 4
795 539 7
796 379 6
797 137 6
798 593 5
799 545 2
800 421 6
801 783 3
802 354 7
803 750 5
804 91 3
805 60 6
806 601 2
807 279 6
808 511 4
809 788 6
810 581 1
811 162 4
812 504 3
813 482 6
814 38 5
815 791 4
816 119 5
817 774 3
818 15 6
819 183 6
820 749 6
821 773 4
822 614 2
823 716 6
824 371 7
825 695 6
826 715 3
827 385 7
828 511 2
829 225 4
830 709 3
831 193 7
832 448 4
833 513 2
834 781 4
835 344 5
836 713 4
837 627 1
838 512 2
839 324 5
840 458 2
841 47 5
842 430 3
843 47 3
844 661 3
845 775 7
846 39 3
847 846 7
848 60 6
849 432 3
850 711 2
851 171 6
852 325 4
853 835 5
854 271 1
855 171 7
856 802 3
857 161 1
858 648 6
859 230 6
860 562 1
861 601 2
862 748 2
863 222 7
864 812 3
865 613 6
866 775 7
867 222 1
868 536 7
869 770 3
870 552 3
871 527 5
872 746 7
873 522 1
874 350 5
875 828 4
876 110 6
877 777 3
878 202 2
879 163 3
880 312 3
881 234 2
882 108 1
883 193 5
884 346 6
885 644 4
886 62 6
887 881 3
888 72 2
889 679 4
890 43 1
891 335 7
892 563 2
893 106 7
894 480 1
895 231 1
896 204 7
897 639 5
898 657 5
899 157 6
900 822 7
901 31 6
902 41 7
903 583 6
904 717 2
905 585 1
906 155 6
907 302 4
908 381 2
909 527 1
910 632 5
911 9 4
912 728 3
913 215 4
914 68 5
915 842 3
916 291 3
917 260 3
918 648 5
919 914 3
920 365 3
921 716 5
922 42 2
923 593 1
924 620 7
925 23 6
926 296 6
927 893 5
928 195 1
929 431 6
930 81 5
931 605 7
932 91 7
933 301 2
934 170 5
935 233 3
936 384 2
937 51 6
938 394 3
939 25 2
940 840 5
941 507 3
942 177 2
943 438 4
944 250 7
945 488 3
946 717 2
947 193 2
948 393 4
949 417 6
950 515 7
951 549 5
952 639 1
953 226 5
954 394 1
955 444 3
956 213 4
957 640 3
958 245 4
959 105 1
960 871 1
961 475 1
962 494 2
963 694 6
964 233 5
965 940 4
966 376 6
967 463 4
968 284 5
969 213 7
970 200 6
971 931 3
972 389 4
973 627 6
974 112 3
975 893 3
976 163 5
977 848 6
978 591 6
400 196 3
798 314 7
266 747 7
230 226 1
230 239 1
778 229 7
558 640 6
336 821 6
676 333 7
748 288 2
124 891 6
228 108 6
836 457 2
544 60 2
478 368 1
617 178 2
534 483 5
976 868 6
778 386 7
155 450 6
202 556 6
952 378 7
491 947 4
978 90 3
133 247 3
158 113 6
326 613 1
637 47 2
145 476 1
835 817 4
28 814 4
914 471 1
307 702 1
810 525 6
132 690 7
446 541 3
74 910 1
465 512 3
696 959 2
107 404 4
645 535 2
546 931 2
829 152 1
822 124 4
525 766 1
37 693 6
330 345 5
977 440 3
945 334 7
485 718 4
211 693 7
732 902 2
506 898 7
153 114 5
278 539 1
332 572 3
69 511 1
82 579 2
584 897 5
434 383 3
693 755 5
801 792 4
263 427 5
0 303 2
512 79 3
458 938 4
414 523 1
887 540 2
494 121 5
330 165 1
193 542 2
111 936 7
661 52 4
486 113 2
26 973 5
718 142 1
676 339 7
236 679 7
310 183 7
247 303 4
679 475 4
330 131 5
776 423 4
957 196 4
75 761 3
751 714 4
452 737 6
870 816 2
681 219 7
306 616 6
434 646 1
62 802 7
540 16 1
750 244 5
169 254 3
462 424 2
898 748 3
91 928 2
788 264 2
794 821 7
883 103 3
729 278 1
47 280 7
295 31 6
550 407 1
974 731 4
372 649 5
312 575 3
601 344 4
45 599 2
774 378 3
816 790 2
487 526 3
180 238 3
617 421 1
960 40 3
882 312 4
729 894 3
129 925 7
630 228 1
66 111 4
148 978 7
151 723 4
239 20 5
493 535 4
498 514 3
605 875 4
767 437 7
537 94 4
76 415 5
150 595 6
105 635 7
645 171 4
116 151 4
589 123 4
397 462 1
504 691 5
3 779 1
649 52 6
248 761 2
286 893 4
297 702 1
652 858 7
777 546 6
931 9 3
275 348 2
571 597 5
552 62 7
116 434 2
22 921 4
202 633 2
948 664 7
105 264 6
211 566 3
612 431 6
569 766 7
976 518 4
549 641 7
273 836 6
512 92 4
922 425 7
662 101 7
797 305 5
38 695 2
258 860 1
239 779 5
612 842 1
863 10 2
243 257 6
780 115 2
420 382 2
511 4 5
58 897 5
804 304 2
566 257 4
912 309 5
253 1 1
135 177 5
262 718 5
357 643 2
225 554 4
211 282 4
298 755 7
127 192 7
198 804 2
712 809 7
445 851 2
632 100 4
213 51 6
592 796 3
261 171 1
479 472 6
411 903 1
738 520 2
73 331 6
249 181 5
35 862 5
802 20 3
923 866 2
115 834 3
52 401 4
707 826 1
825 968 6
310 441 4
82 555 5
744 554 1
227 643 1
389 137 2
195 927 5
596 842 6
388 885 7
27 604 6
935 651 5
575 939 1
408 109 3
555 457 7
889 61 6
129 337 7
722 398 7
417 931 7
802 426 4
393 696 3
256 330 7
502 34 4
300 942 4
261 787 1
230 139 7
560 200 7
858 786 1
504 699 3
369 546 5
471 690 5
719 409 6
319 686 5
10 317 6
889 66 1
269 623 6
571 572 1
919 14 5
172 690 7
12 816 3
10 81 4
379 221 1
300 372 3
773 111 2
201 154 5
113 652 2
435 225 4
657 972 6
576 65 4
500 611 2
928 591 2
931 461 2
249 490 4
167 900 2
869 936 6
962 175 3
896 549 2
415 430 1
756 174 3
375 56 5
849 363 6
502 687 3
833 244 3
731 656 5
75 615 1
290 582 4
828 956 6
784 212 4
627 354 5
208 65 4
622 506 3
10 309 4
606 188 2
259 141 3
471 638 4
262 298 3
119 798 3
523 698 2
12 510 2
613 163 4
281 274 5
926 81 6
310 931 6
249 61 1
713 928 5
964 137 6
523 383 1
823 480 1
266 163 5
425 892 1
965 411 2
859 732 7
423 910 1
694 693 6
588 590 7
795 738 1
740 26 1
908 189 7
798 779 4
636 724 6
656 165 1
633 500 3
902 775 1
445 405 3
951 331 3
278 909 3
306 542 4
304 959 2
816 615 2
187 233 2
688 868 7
253 537 7
780 800 3
257 522 2
972 374 4
732 508 1
600 677 4
764 689 6
5 381 4
356 280 5
575 644 1
130 402 5
19 288 1
257 426 1
934 697 1
191 84 6
535 394 5
730 256 2
766 401 1
70 833 3
27 389 5
882 261 1
133 923 4
956 276 3
551 248 1
93 177 1
857 876 1
32 668 3
567 455 2
903 327 1
938 681 2
803 859 4
142 977 7
851 874 7
875 637 1
472 178 3
95 855 4
903 760 5
120 483 7
884 902 1
450 209 7
402 950 6
283 542 4
418 525 4
798 480 3
184 283 7
234 255 7
212 235 2
329 251 5
974 678 2
541 170 7
326 962 2
275 396 4
862 760 6
706 840 2
960 170 3
764 855 2
164 746 2
726 183 7
410 594 1
51 576 3
90 254 3
640 732 5
850 663 1
832 617 2
118 29 5
681 603 1
60 818 7
320 132 4
922 214 6
884 109 4
56 688 5
113 469 6
389 787 1
175 694 5
739 223 2
612 323 7
530 309 4
395 557 6
606 36 1
691 227 6
650 850 2
25 626 1
82 568 6
778 907 3
384 408 2
846 920 5
140 473 2
285 630 7
817 468 5
764 449 5
330 81 2
959 322 6
392 655 4
139 751 3
14 540 5
211 768 4
151 189 7
43 359 1
965 717 5
733 466 2
586 890 4
866 768 7
158 654 6
742 745 4
670 927 7
529 31 2
894 778 2
138 263 3
287 127 1
437 359 2
47 0 7
825 170 3
337 792 4
967 850 6
102 531 6
332 653 3
110 809 7
833 346 3
320 956 4
695 326 5
662 350 3
93 555 4
222 106 1
121 189 6
777 385 6
830 782 6
88 354 5
290 551 5
244 267 3
956 210 4
234 506 7
950 225 1
126 914 4
786 884 5
293 700 5
563 25 7
171 359 4
876 712 1
791 125 6
281 122 4
66 724 1
752 432 4
547 60 2
226 55 5
230 301 5
577 318 3
531 74 3
362 562 1
679 716 5
100 775 2
271 301 3
850 500 4
172 513 6
356 651 6
591 593 3
6 633 1
827 726 2
261 248 2
969 700 4
330 893 6
459 461 7
589 240 3
237 146 5
71 59 7
589 377 7
974 3 7
231 107 4
5 824 4
802 602 2
193 399 7
808 341 3
189 964 1
859 550 2
132 557 3
690 828 3
543 941 5
636 838 7
494 339 5
164 600 2
301 198 4
175 303 5
731 600 3
545 290 1
467 20 1
919 11 6
883 810 3
444 786 6
639 700 1
261 44 5
650 977 5
433 593 5
281 20 3
782 743 4
213 671 7
647 151 5
715 585 6
451 790 2
308 705 5
832 22 6
19 892 4
739 785 1
439 376 2
565 85 2
280 391 4
790 503 5
114 112 7
3 947 5
241 346 7
463 699 4
657 554 7
945 399 4
971 666 6
119 493 7
213 707 4
656 369 5
418 51 2
572 817 7
187 93 2
873 80 7
957 975 7
75 80 4
145 671 7
864 579 7
283 209 4
19 495 2
604 631 4
772 280 2
776 866 4
91 578 1
538 426 1
862 188 7
767 158 1
466 501 6
750 796 4
36 796 7
634 189 2
785 630 4
754 785 1
459 944 6
546 441 5
891 701 2
374 951 5
617 484 1
363 161 6
317 798 4
128 475 5
22 176 5
743 655 5
632 669 6
799 730 3
412 298 3
33 112 4
930 370 6
665 53 1
171 118 3
218 228 6
169 456 1
255 561 5
365 57 5
807 883 6
805 173 7
915 271 4
263 58 3
890 467 6
48 813 7
437 203 4
683 914 7
679 500 6
353 594 6
591 823 7
320 387 5
92 187 7
955 612 6
75 522 6
969 555 5
61 966 6
971 298 1
308 487 1
496 640 5
136 633 3
371 247 1
978 81 2
184 685 2
843 132 2
857 774 2
164 260 1
228 53 3
692 343 3
877 766 1
526 102 1
165 731 5
885 214 4
26 660 4
876 409 5
556 667 6
637 425 1
306 201 3
548 487 4
419 766 1
753 393 7
507 31 5
919 619 3
61 845 4
249 456 4
283 460 6
86 426 3
178 568 2
424 686 7
858 581 5
756 242 3
370 587 1
500 138 4
850 318 1
608 293 1
172 492 1
385 454 6
109 912 6
914 977 2
975 589 7
585 181 7
209 713 7
946 164 7
821 512 5
701 784 4
18 82 2
171 47 4
92 329 4
867 142 3
414 63 7
128 394 2
690 520 2
567 17 7
495 656 4
88 702 3
73 399 7
410 954 1
30 728 4
764 609 4
402 560 4
282 319 2
498 809 1
738 87 5
76 59 6
674 36 2
442 705 2
954 31 4
572 557 1
247 974 1
585 153 7
14 650 1
177 912 7
59 172 1
40 267 2
544 18 1
30 737 3
623 819 5
595 596 1
759 167 2
245 435 3
522 727 6
293 298 7
607 466 6
816 34 2
739 224 4
524 539 4
636 131 6
756 170 1
498 195 1
239 75 7
946 450 2
630 79 4
259 828 5
962 374 2
880 403 7
850 852 6
220 967 1
108 812 1
343 163 5
963 205 1
408 859 5
271 640 6
866 182 7
445 870 7
51 415 6
164 351 6
409 124 4
611 797 3
50 503 6
146 381 6
311 805 7
916 476 5
408 155 6
16 412 2
925 574 1
157 287 7
926 399 4
53 562 5
866 889 3
540 417 5
646 958 4
65 496 4
968 701 7
498 107 5
232 253 6
226 978 2
454 346 5
140 98 5
762 360 4
267 558 1
765 879 1
182 573 3
272 49 3
610 868 2
787 908 4
120 652 4
341 801 5
856 160 2
157 91 3
410 240 7
326 147 2
911 952 3
454 465 4
215 654 1
404 303 7
288 752 5
58 346 6
305 937 4
197 58 4
928 511 6
508 543 1
76 132 7
600 903 6
504 263 6
354 318 4
35 790 2
938 285 7
598 633 7
209 564 1
426 548 1
442 45 1
771 514 4
68 513 3
436 746 7
157 406 5
347 122 3
435 761 5
961 661 5
839 975 5
703 465 1
334 699 3
22 562 6
426 116 3
794 82 3
274 291 5
606 204 1
647 666 4
463 635 1
827 93 1
691 101 2
58 434 4
112 413 3
537 755 2
856 290 3
616 380 6
491 282 1
419 211 3
35 643 1
618 279 2
186 617 1
660 362 3
367 464 3
309 448 1
941 646 1
410 429 3
376 557 2
591 334 1
58 569 5
452 103 1
770 127 4
719 325 4
654 708 2
8 88 7
906 197 6
189 705 7
645 519 1
571 312 4
821 399 2
495 815 3
765 145 7
11 553 1
484 875 4
121 255 1
447 774 5
184 762 7
341 741 3
124 165 2
175 780 1
632 793 5
450 270 5
949 948 6
0 579 1
325 223 5
92 511 5
136 428 7
529 653 2
362 586 1
500 297 4
876 80 2
547 284 6
768 777 7
39 906 7
445 691 3
224 223 4
498 76 6
434 830 1
373 799 1
733 498 6
130 968 4
585 373 7
297 239 7
13 653 2
911 839 4
427 930 4
262 49 5
1 14 5
34 98 3
421 878 1
97 873 6
543 377 5
422 657 6
306 771 5
425 542 3
595 566 6
823 603 1
694 447 1
251 954 5
896 930 7
785 403 6
237 131 5
671 200 4
764 351 1
926 128 6
261 220 7
298 237 5
958 611 4
245 805 7
416 795 4
210 472 2
415 47 1
815 163 1
376 206 4
381 17 2
813 835 5
422 530 7
261 461 1
903 304 6
189 944 3
272 11 7
543 496 2
373 865 4
469 64 7
191 878 7
262 7 3
643 24 3
71 443 5
918 444 5
894 761 7
240 204 1
854 398 7
857 386 2
627 252 4
316 789 4
789 749 4
807 464 7
900 253 6
6 823 1
832 61 2
56 83 7
163 507 4
630 512 6
387 577 4
387 701 1
213 340 7
702 544 2
881 464 1
760 601 3
78 289 5
323 213 2
541 818 4
787 355 2
321 714 6
648 156 3
434 499 6
367 772 7
159 369 4
348 279 4
932 413 4
969 855 3
539 338 2
689 845 2
263 74 5
523 557 6
953 97 6
566 828 4
890 160 6
529 945 7
417 593 2
498 882 5
951 38 2
862 178 4
225 315 3
182 9 5
433 590 6
136 628 3
843 230 2
681 151 1
80 582 7
497 616 2
634 655 4
749 539 2
748 872 3
293 63 1
137 578 4
67 900 7
939 249 2
712 892 2
93 211 3
4 512 6
42 366 4
753 865 6
288 132 4
42 534 6
445 792 3
345 248 4
720 959 7
238 567 2
339 777 2
142 435 3
558 184 2
627 814 2
115 330 6
514 609 2
625 230 1
579 730 7
294 134 5
689 170 7
890 900 2
641 98 1
519 437 7
213 377 1
146 777 1
818 831 1
871 162 1
924 705 1
629 286 1
362 525 5
119 57 3
154 155 1
586 404 6
484 900 3
595 413 4
830 392 6
333 975 7
454 320 4
367 344 2
186 283 2
722 824 4
743 924 5
919 250 6
127 725 7
405 662 4
552 723 3
235 562 7
322 95 2
401 15 7
479 87 5
806 373 6
323 844 7
602 311 7
654 672 1
306 463 1
35 231 7
204 473 7
680 282 4
682 180 1
617 80 1
119 647 4
237 241 4
538 312 4
167 239 2
162 10 4
13 152 3
742 139 3
747 749 6
533 801 1
280 712 4
690 507 7
654 947 4
114 560 1
502 24 5
192 721 3
589 601 7
171 498 5
672 630 4
706 685 4
301 362 4
679 33 5
910 676 3
528 191 5
59 162 6
858 846 3
798 349 7
93 728 2
228 821 4
823 447 7
92 268 6
904 267 1
164 677 3
118 363 7
479 535 7
600 1 2
433 296 3
504 409 2
527 275 1
219 748 6
572 673 1
768 917 5
719 649 6
660 177 2
857 126 2
322 931 7
556 434 4
8 189 1
869 687 3
701 816 4
351 33 7
841 413 4
404 742 7
118 977 1
683 593 5
489 336 7
195 752 3
248 445 3
727 282 4
918 156 3
176 653 2
493 968 7
673 43 6
69 953 3
575 28 7
59 51 2
477 756 6
152 881 2
339 636 1
788 101 1
422 770 6
734 870 7
819 501 6
82 245 1
324 405 1
867 811 4
835 780 1
360 541 6
523 826 6
475 235 1
584 205 1
43 577 3
260 846 7
256 974 3
164 298 5
259 843 6
197 833 6
349 326 1
299 414 3
707 267 4
909 330 4
326 583 5
854 672 3
892 734 2
657 898 3
753 87 3
176 627 2
698 961 6
813 649 7
169 845 3
315 12 7
809 99 6
608 464 7
256 322 7
346 913 3
882 817 7
290 513 5
816 341 1
742 120 1
689 353 3
421 444 1
599 346 7
766 491 4
624 195 5
820 110 4
482 40 2
630 36 7
895 723 2
437 683 2
662 274 2
29 531 6
727 31 4
877 659 1
205 708 2
72 784 6
27 914 7
257 405 6
831 812 7
661 509 6
965 222 3
89 241 7
792 301 7
173 664 3
10 631 6
191 623 4
478 330 7
293 349 4
936 456 2
153 124 4
194 45 1
776 253 6
942 173 5
684 451 1
300 82 5
47 290 2
192 427 2
307 176 3
620 494 2
637 299 3
350 740 3
59 678 6
365 809 2
789 226 1
161 433 6
122 639 6
766 258 6
77 220 4
357 863 4
317 627 2
831 938 3
625 135 4
883 758 7
679 546 5
25 875 4
611 821 6
127 528 5
483 257 5
747 341 1
416 345 4
299 129 4
483 879 5
944 46 6
291 176 2
238 61 4
171 465 5
543 601 6
658 845 5
851 901 4
424 459 1
96 581 5
381 185 2
2 34 6
237 756 5
82 707 1
306 559 2
1 270 2
934 754 4
909 65 7
15 430 6
379 79 4
681 319 7
943 575 2
32 436 2
867 565 2
178 622 2
516 885 1
257 968 6
882 953 4
613 796 6
806 415 2
889 391 4
608 426 4
661 7 5
520 299 2
663 285 5
457 713 6
470 93 7
596 294 7
21 372 4
934 282 4
501 561 7
187 300 6
464 911 4
94 113 1
580 37 6
508 436 2
207 604 2
411 800 1
143 444 4
258 967 3
720 129 2
630 159 5
427 286 1
30 124 7
204 515 1
858 526 4
723 630 1
200 686 7
484 62 7
624 257 7
898 303 4
641 637 3
574 91 1
89 338 3
515 338 4
498 825 2
239 291 5
387 710 7
870 201 1
504 85 1
306 376 7
666 231 1
65 203 7
353 374 4
760 835 4
182 595 2
912 497 7
278 249 5
446 166 6
379 21 7
251 933 1
734 431 1
460 758 7
12 496 6
769 833 7
258 481 7
593 473 1
87 859 7
470 362 1
510 63 7
908 282 3
456 120 2
564 32 2
974 544 3
788 244 3
70 184 7
113 200 4
424 939 6
405 78 7
728 768 7
543 233 6
403 541 2
818 840 7
721 544 1
596 233 2
415 791 1
436 507 3
706 532 5
472 75 4
239 849 3
490 675 3
713 800 4
845 876 7
9 523 5
722 155 2
976 207 2
718 246 5
614 743 5
303 721 5
76 678 7
119 325 1
213 188 7
115 745 4
545 230 6
793 242 2
76 619 2
288 521 3
226 945 4
794 719 4
411 121 6
834 145 3
554 795 1
230 523 2
631 832 6
524 536 2
574 468 3
658 31 5
890 440 2
257 439 5
82 23 2
54 288 4
290 177 3
231 840 3
275 311 7
16 370 2
765 594 1
430 151 5
972 941 3
947 291 2
238 371 3
321 417 6
615 177 4
113 564 6
163 396 3
152 690 1
852 348 2
619 964 6
911 574 7
549 75 7
65 801 2
353 861 6
383 909 1
223 604 6
388 63 4
439 838 6
434 210 5
561 108 4
449 579 4
876 421 5
589 755 7
412 803 7
864 698 6
620 150 3
516 814 4
688 944 2
113 634 7
629 620 5
590 564 7
881 153 3
138 921 2
75 519 6
80 428 7
596 406 6
825 42 7
942 560 1
505 832 5
461 490 5
472 970 1
871 683 4
696 319 6
825 890 2
817 286 5
639 308 6
517 492 4
670 866 1
253 761 3
302 975 4
254 573 5
371 318 4
545 696 7
373 130 6
161 672 3
719 853 6
518 58 7
815 704 4
147 88 3
646 845 7
196 535 3
797 383 6
193 154 3
509 533 2
266 420 3
840 665 6
248 939 2
975 102 4
97 290 3
551 780 2
840 353 6
261 832 5
905 582 4
612 81 5
960 52 7
286 13 5
353 680 5
389 629 4
662 720 1
895 387 5
518 488 1
805 944 6
562 495 2
532 521 2
668 891 7
571 133 4
324 289 1
821 915 7
95 384 2
59 410 1
345 112 2
219 337 1
583 389 2
243 590 4
297 677 2
151 44 6
101 139 2
141 167 2
866 892 6
880 727 1
815 845 5
305 754 2
379 709 3
470 945 6
956 836 6
372 587 7
469 703 7
286 235 7
4 161 2
493 350 4
426 84 6
5 296 5
402 32 7
506 116 5
518 351 5
22 880 6
645 885 6
975 635 4
383 477 4
915 691 5
308 956 3
499 889 3
331 164 3
52 179 1
114 580 5
179 446 1
176 195 1
320 344 5
729 665 1
690 326 6
6 763 2
608 471 3
367 444 2
171 709 4
964 609 3
185 126 2
45 504 4
183 576 2
194 572 6
544 598 4
413 944 5
826 139 3
379 559 1
262 136 6
746 328 4
418 546 2
525 404 7
256 145 7
9 293 2
315 925 5
536 816 3
325 870 6
45 865 7
911 683 5
422 495 6
771 632 2
187 460 5
220 788 7
885 710 3
556 621 5
860 135 2
740 115 7
862 811 6
849 599 7
138 423 1
18 712 6
420 619 5
952 141 4
457 865 2
508 834 2
724 254 5
225 256 3
864 506 5
659 730 7
143 612 3
764 256 3
874 945 2
703 472 1
122 176 7
374 343 6
595 902 4
483 344 7
805 504 6
168 825 4
478 117 6
623 851 5
566 602 7
370 28 1
256 512 6
395 974 2
870 704 3
948 843 4
949 247 3
770 547 5
200 736 2
500 130 2
800 28 3
302 314 2
966 528 5
179 681 3
762 9 1
336 428 5
693 790 3
49 157 3
199 200 5
711 658 1
597 455 4
479 758 4
772 302 3
376 118 1
777 416 5
875 616 4
539 793 3
590 530 6
408 341 6
295 743 2
799 706 1
838 470 4
402 863 1
347 339 5
532 549 1
644 628 2
739 255 4
543 476 6
158 905 3
85 165 3
150 741 7
504 363 4
710 561 6
153 133 7
465 312 4
654 707 5
402 568 7
407 822 7
639 813 1
552 819 2
550 189 7
437 217 2
393 125 7
701 14 3
627 382 6
820 748 7
67 155 1
494 336 1
107 133 4
357 507 5
867 426 6
884 46 2
372 118 5
321 362 3
632 651 4
935 416 3
202 855 3
124 835 3
625 778 3
157 240 7
567 383 2
381 67 7
414 494 5
75 240 6
666 502 3
906 936 5
174 555 2
269 873 7
688 792 7
576 753 2
86 854 6
798 78 6
353 630 3
456 798 3
320 327 6
420 966 3
588 382 5
68 20 6
777 768 4
199 739 3
770 315 7
50 157 7
62 365 7
311 407 2
444 838 5
976 417 2
45 148 7
805 386 3
161 609 7
45 872 4
709 274 1
19 959 3
961 625 3
213 463 5
537 794 2
33 529 2
861 469 5
952 764 7
829 406 5
306 909 2
178 863 5
165 760 5
459 759 2
607 593 2
45 606 6
688 522 3
197 598 4
102 331 5
49 153 5
197 423 2
450 98 1
136 932 6
123 613 2
7 753 3
420 134 4
182 15 2
318 154 4
515 432 7
950 676 3
428 629 7
960 362 6
821 683 3
104 173 7
35 901 7
78 292 3
572 956 3
781 111 3
96 47 2
54 890 5
788 914 7
772 99 4
721 498 6
382 399 6
655 102 6
135 210 2
810 319 3
732 265 1
777 455 1
280 262 1
213 689 3
114 642 6
658 496 1
743 100 1
372 935 3
567 481 4
114 590 6
601 166 4
73 357 6
508 690 5
955 512 5
579 596 7
241 382 2
824 702 6
948 573 1
138 254 6
509 682 1
492 902 6
421 652 1
412 512 2
961 562 2
709 229 1
167 872 3
153 180 5
342 408 5
14 938 7
557 534 6
668 745 4
695 860 7
800 375 1
36 200 4
608 159 6
963 675 6
446 324 5
211 539 5
75 221 3
767 246 6
244 316 7
634 844 2
653 304 1
496 173 3
517 256 4
353 856 1
97 633 2
558 933 7
901 600 3
852 407 7
728 541 2
904 42 6
881 248 4
588 473 1
232 880 1
2 274 3
642 615 4
677 954 2
355 186 7
579 343 4
166 663 7
788 107 1
163 12 7
278 606 3
385 892 7
976 315 5
592 582 6
781 766 5
881 733 3
244 286 1
138 778 1
394 169 6
875 690 2
521 228 5
550 914 4
664 299 6
51 604 7
873 687 2
100 139 5
246 288 3
318 249 3
48 15 3
885 873 5
842 923 3
797 764 3
604 69 6
486 675 7
490 171 7
204 165 4
198 390 5
457 763 5
282 533 3
425 825 6
730 130 2
531 786 1
5 462 6
425 864 3
651 580 5
238 262 3
746 834 6
561 590 7
320 80 6
902 964 3
877 271 6
115 197 3
52 83 7
165 500 6
352 923 7
48 453 5
61 163 3
514 774 2
364 116 6
708 461 7
20 795 5
944 229 4
387 556 1
744 388 7
468 716 7
461 650 6
547 620 5
409 934 7
104 681 2
396 845 1
748 84 2
242 115 3
224 892 3
295 211 2
899 879 3
96 256 5
673 840 4
202 378 3
320 418 7
589 795 7
45 520 3
543 653 2
43 370 4
10 618 2
316 838 3
307 799 2
469 782 3
651 620 2
120 97 6
930 872 7
664 582 4
946 520 4
16 55 7
226 435 5
883 562 2
244 798 6
170 752 1
519 716 5
425 28 7
28 836 2
39 847 1
867 864 4
140 875 7
471 266 1
547 456 5
710 36 2
570 599 7
408 779 3
572 734 4
691 256 1
937 841 4
127 774 5
140 147 7
638 308 6
800 949 1
906 268 5
947 168 1
778 587 7
286 772 2
380 274 4
473 144 1
747 627 2
450 602 1
715 913 2
481 430 6
819 771 2
109 491 3
859 421 3
408 259 5
567 837 6
146 792 7
696 433 5
640 77 4
761 303 2
109 60 2
965 616 3
703 669 1
626 912 1
959 92 1
643 691 1
853 664 6
246 132 4
899 916 4
121 639 3
691 59 4
853 419 1
880 40 3
204 632 5
748 165 5
4 252 1
517 105 5
593 604 3
504 452 6
936 710 6
236 960 7
888 645 5
321 360 7
691 207 5
781 613 3
330 601 6
973 20 4
536 671 7
346 633 6
617 733 1
390 487 1
514 51 5
807 467 5
125 75 5
335 690 2
351 969 4
141 34 6
805 664 1
964 888 7
641 362 2
17 237 6
120 873 7
510 214 5
70 36 7
565 331 4
565 2 3
373 137 2
100 853 6
282 961 3
230 46 5
642 382 7
927 471 3
344 712 2
604 179 3
195 281 1
288 594 1
54 501 4
606 205 3
562 564 2
321 486 3
866 351 5
218 921 4
747 121 3
891 385 2
594 728 4
329 510 3
887 732 1
851 62 2
768 965 3
575 769 2
480 580 7
722 371 6
3 258 7
600 58 2
301 662 3
17 965 5
394 756 1
169 615 3
203 276 1
883 412 3
222 887 6
23 156 2
443 70 6
829 477 6
683 342 7
328 910 5
786 734 5
464 463 7
604 908 4
696 138 6
687 328 1
540 227 2
817 363 2
754 831 3
148 423 6
1 380 1
313 26 5
820 651 6
570 373 7
174 569 5
872 63 6
735 407 4
387 869 7
112 380 1
924 607 4
240 799 3
64 822 5
597 666 7
498 674 2
538 641 4
280 596 2
223 680 7
244 136 5
892 811 2
18 159 5
774 522 4
828 432 3
221 228 3
872 925 7
172 465 3
52 710 3
68 424 5
929 664 7
532 250 6
790 531 1
59 368 5
481 946 2
111 116 4
406 241 4
293 938 7
187 512 4
462 654 4
288 867 2
2 162 5
218 937 6
754 653 3
763 235 7
664 889 3
114 772 3
782 333 7
371 291 1
837 415 1
727 355 7
517 268 6
548 118 5
802 155 3
217 168 1
132 12 6
593 429 4
910 977 2
542 740 5
523 858 1
285 56 4
806 138 1
439 441 2
430 531 7
26 915 2
868 348 7
344 127 2
14 912 7
20 459 5
762 893 5
37 12 3
162 5 6
159 27 2
709 893 4
911 281 2
543 220 1
959 373 2
341 625 2
688 852 4
619 437 4
4 455 2
74 366 2
64 722 3
724 418 2
643 779 1
212 518 5
761 625 6
452 887 2
505 760 2
64 219 7
895 736 2
782 798 4
346 236 6
395 154 1
239 908 4
406 634 2
445 837 2
263 480 3
133 828 2
147 869 7
331 538 4
87 842 7
923 636 2
247 32 2
943 643 5
453 218 6
343 96 1
447 828 5
660 260 6
905 481 4
46 923 1
325 531 6
105 900 7
671 976 2
885 698 7
342 16 1
567 888 1
506 894 4
80 928 3
954 87 2
781 763 7
822 549 3
847 643 5
548 40 5
485 360 6
699 785 6
86 789 2
356 566 5
748 788 6
402 255 6
714 394 4
187 928 5
440 820 2
798 329 2
522 261 4
741 690 1
492 0 3
529 25 2
98 901 6
634 497 3
552 359 4
679 456 5
722 667 7
142 30 4
623 219 6
134 220 7
744 184 2
547 20 4
696 121 1
177 283 1
225 710 7
203 915 1
454 146 6
197 488 7
492 787 3
752 346 6
610 349 4
825 503 4
285 365 4
653 363 7
69 554 2
865 977 6
656 627 7
783 764 6
872 5 2
216 217 1
922 610 3
697 73 7
61 288 3
196 548 1
426 724 6
764 705 2
395 397 6
242 730 7
159 22 6
525 934 5
897 762 6
337 561 2
821 727 1
820 288 3
293 815 5
688 41 5
73 964 4
765 67 3
299 943 1
120 864 2
513 742 6
71 445 3
652 235 3
476 590 1
845 869 5
822 702 5
93 362 3
498 584 1
567 735 3
279 350 3
155 342 1
436 110 5
169 502 4
616 239 2
326 45 1
484 43 3
230 878 5
522 772 2
105 856 5
882 778 3
517 438 5
360 786 2
151 205 2
799 611 5
165 495 5
358 642 4
417 335 1
312 234 1
925 372 3
334 926 3
753 641 5
919 546 7
190 501 1
873 647 2
131 202 5
454 443 2
797 188 6
714 916 2
473 653 7
459 857 1
897 415 5
756 860 1
550 375 6
529 548 2
204 881 7
308 909 7
646 489 1
130 524 2
272 84 1
65 385 6
799 338 3
27 116 7
640 371 4
514 181 2
469 441 7
691 945 1
571 335 3
146 400 2
474 430 5
445 65 6
862 283 7
329 873 2
960 764 3
474 148 1
546 106 3
549 759 7
110 967 3
239 856 6
95 515 7
537 806 4
230 350 5
477 622 6
701 458 7
422 660 1
831 888 1
369 174 1
565 592 3
483 361 6
363 323 5
807 888 7
77 591 7
209 663 5
275 450 4
662 858 5
529 439 7
659 907 4
935 260 1
160 937 5
133 552 5
147 581 1
563 576 2
182 861 2
318 62 2
892 603 2
420 901 2
384 655 1
788 233 2
342 637 7
262 579 7
443 439 2
933 692 3
21 360 7
409 36 2
733 399 7
519 555 4
100 648 7
360 179 7
677 363 5
976 33 3
470 301 7
544 429 2
313 483 1
781 891 6
953 183 7
612 671 2
620 376 7
660 603 6
406 381 2
270 357 7
490 692 5
418 10 5
907 783 2
44 970 1
809 63 1
674 721 6
491 82 6
370 311 6
288 614 1
25 7 1
833 565 6
360 457 4
675 888 4
747 948 3
540 816 7
151 763 1
182 842 5
766 392 3
511 911 7
551 624 3
168 807 6
40 168 3
727 211 5
75 143 2
829 707 4
287 612 2
468 191 3
436 400 4
525 566 4
706 712 4
241 803 1
913 200 7
208 908 6
842 437 6
363 349 2
262 188 5
820 150 6
182 297 5
465 249 2
913 796 6
178 61 1
853 446 5
772 706 2
647 723 1
80 59 5
495 280 5
781 487 4
384 386 4
584 643 2
609 573 2
760 98 7
528 384 3
755 142 3
113 332 7
369 248 3
296 622 4
528 212 7
161 369 1
405 316 2
933 526 1
403 280 4
626 193 4
66 341 7
457 518 1
139 12 3
173 93 6
949 630 5
773 897 7
534 321 2
127 778 1
377 592 6
99 557 1
189 58 4
724 302 7
88 516 6
711 929 6
427 434 4
343 404 4
768 539 7
282 757 5
406 500 2
95 791 7
821 901 3
771 841 1
29 184 1
571 502 7
476 103 6
190 653 7
264 752 4
234 713 2
900 458 1
225 684 7
151 354 2
790 188 3
674 580 3
778 303 7
269 556 2
351 521 5
788 587 7
867 52 2
193 422 2
742 407 3
928 237 1
346 347 3
602 701 4
856 761 2
752 436 1
358 600 5
33 511 5
689 134 5
390 803 2
824 645 1
332 354 2
641 508 7
346 544 4
143 896 6
828 264 5
429 779 7
913 233 2
201 646 1
197 422 7
790 869 1
124 865 4
562 570 3
91 305 5
929 387 7
444 813 5
457 143 3
903 160 7
95 128 3
52 349 3
881 165 4
213 845 6
325 800 4
282 174 3
316 612 1
46 146 7
562 253 7
722 701 6
553 555 5
437 524 6
896 520 3
533 320 7
372 135 1
670 776 3
735 300 5
932 481 6
871 802 1
664 479 4
624 728 5
707 549 5
139 640 3
778 477 3
543 597 6
911 912 1
179 450 3
386 626 6
12 709 4
150 514 6
472 763 3
346 570 3
520 831 2
268 636 4
753 841 6
680 414 1
907 247 4
757 830 4
209 207 6
545 888 5
49 541 5
966 969 3
490 748 6
286 332 3
198 298 5
799 932 1
358 139 3
425 38 7
863 215 4
685 857 2
942 537 5
720 614 1
842 379 2
62 52 3
270 192 6
807 41 2
645 288 3
353 721 3
717 891 6
27 484 7
457 810 3
81 396 7
20 734 5
383 132 6
923 565 2
952 833 4
540 468 4
848 880 6
878 112 2
72 718 4
563 182 2
514 515 6
97 123 3
264 224 2
299 613 2
412 548 4
745 539 6
787 460 2
410 11 3
716 467 3
362 190 5
187 805 5
705 569 7
715 243 2
486 462 2
327 229 3
774 965 5
339 256 3
698 123 4
715 598 5
792 804 7
785 925 3
211 506 7
49 467 5
951 351 2
429 567 2
878 233 7
656 12 5
583 458 2
223 959 6
394 273 4
433 367 3
216 74 4
932 849 4
359 609 4
295 392 6
566 205 7
181 253 7
533 655 5
876 570 1
266 970 4
613 320 6
788 345 3
100 378 4
243 161 2
66 401 6
816 893 1
191 165 2
104 601 6
786 747 1
538 29 7
137 881 6
414 265 6
677 668 6
101 513 1
119 947 2
113 814 5
720 139 2
942 405 3
636 77 2
180 951 3
793 396 4
596 617 2
774 386 6
126 323 2
193 818 2
73 751 3
301 309 6
84 32 2
156 898 1
18 896 1
669 255 6
800 651 4
94 123 3
237 498 4
678 126 7
315 769 6
247 858 2
509 463 4
63 528 3
943 705 5
812 656 7
507 786 1
739 775 4
256 468 1
171 8 1
782 813 3
334 68 6
180 86 3
900 829 6
617 35 3
548 202 3
870 681 6
800 192 2
747 65 2
659 740 5
35 135 2
106 374 2
539 269 4
682 114 1
579 915 5
516 964 5
613 619 7
891 267 6
859 778 2
463 564 5
361 437 7
574 644 5
249 53 2
759 450 2
816 976 7
160 15 5
846 36 5
202 547 5
294 497 5
2 231 5
539 621 4
104 548 5
496 877 3
223 224 2
222 775 5
282 591 6
500 230 3
405 299 7
544 729 6
325 500 7
573 700 5
837 846 4
40 723 7
72 831 3
734 847 4
152 1 3
27 140 7
866 294 3
135 917 3
16 751 3
887 526 7
325 386 7
842 630 3
820 373 7
776 971 4
42 382 2
508 885 5
114 182 1
791 113 3
324 768 4
950 747 5
585 618 3
385 764 3
694 428 3
922 516 6
331 232 6
163 216 2
208 354 2
964 695 3
702 719 7
144 305 7
960 316 7
746 234 2
249 826 4
588 910 4
634 455 5
821 30 1
22 770 5
440 81 6
504 110 4
129 937 4
139 32 6
138 481 2
686 190 2
49 321 7
156 909 6
805 932 5
245 529 2
753 381 6
833 755 2
239 592 7
872 672 3
726 708 6
186 393 3
698 86 2
464 171 3
564 345 5
173 750 5
482 637 1
432 515 2
566 596 6
271 555 4
780 741 2
285 663 1
324 850 5
637 549 3
848 826 3
202 297 2
174 538 7
617 242 1
514 585 2
797 281 7
906 674 6
509 410 5
53 797 5
140 468 1
734 593 7
204 779 5
385 309 1
13 290 2
241 266 1
561 540 1
862 271 3
191 695 2
901 548 6
72 306 7
907 874 1
735 570 4
222 21 5
754 314 6
712 585 4
441 404 4
944 653 6
827 736 3
153 253 6
588 846 1
54 151 5
109 662 1
865 927 1
87 744 7
59 47 3
304 819 5
441 179 5
199 901 7
537 73 4
316 332 7
688 125 5
970 938 5
217 519 2
456 353 3
111 168 7
64 684 5
4 522 4
477 744 4
727 796 5
93 385 3
35 395 5
498 620 4
847 526 6
142 241 2
784 692 4
507 502 1
629 341 1
443 494 6
103 393 2
606 325 7
616 896 7
771 751 5
385 493 6
322 302 5
904 803 6
693 901 3
440 5 6
888 113 6
169 477 1
964 612 6
718 846 2
284 219 5
186 795 3
283 215 5
98 35 4
39 503 3
887 612 3
519 647 3
275 82 2
641 830 1
489 383 2
703 806 7
798 351 6
818 86 3
106 81 2
947 514 2
782 439 7
947 849 3
262 357 7
149 63 5
405 652 4
227 473 4
462 888 2
77 773 5
367 747 5
642 965 7
547 813 5
555 232 4
558 379 5
748 777 7
117 421 2
99 682 1
667 486 2
252 579 6
375 386 2
839 425 6
630 673 1
18 277 2
619 891 1
430 19 1
243 332 4
875 390 4
313 536 4
291 635 4
280 748 2
597 102 7
913 456 5
490 101 2
259 365 2
780 489 7
338 640 4
625 303 6
207 773 7
690 298 1
653 690 4
292 371 2
810 61 7
611 685 6
155 487 2
382 932 1
845 559 3
881 250 4
461 769 3
506 438 7
828 746 3
722 839 3
937 335 4
54 212 6
544 946 5
128 182 4
878 627 3
258 780 2
117 834 4
60 901 3
200 576 5
703 769 3
374 195 4
586 813 7
911 520 3
494 568 4
200 715 5
67 510 6
373 682 3
66 217 7
452 253 5
771 762 7
379 746 3
130 372 5
224 275 7
829 721 2
388 928 4
654 813 7
778 758 1
303 521 2
815 497 3
897 906 2
192 546 2
834 528 4
501 617 5
470 913 6
236 45 2
769 58 2
555 647 6
646 312 6
37 73 1
872 275 3
224 115 7
92 249 4
138 232 2
772 880 3
247 17 3
851 905 6
324 325 1
724 406 7
645 493 3
185 317 1
966 206 3
863 756 3
802 24 4
752 651 2
316 525 4
691 831 6
321 547 4
103 609 6
277 701 7
358 647 6
261 575 4
87 788 5
142 868 1
937 368 1
670 898 3
978 173 3
847 629 1
237 753 6
64 526 6
905 244 3
727 618 2
294 725 2
577 892 2
215 183 6
163 79 5
47 231 2
186 254 2
587 724 4
266 791 3
360 678 4
559 70 2
196 850 7
668 577 7
383 605 6
240 703 1
616 796 2
401 523 5
675 721 2
603 473 2
771 897 6
330 423 2
338 674 7
222 345 2
214 850 6
926 164 1
196 3 2
968 867 7
884 486 3
261 235 4
463 645 4
570 560 5
128 437 7
504 319 1
347 829 1
63 772 7
284 353 4
663 660 2
669 454 7
534 219 5
212 909 2
715 757 6
443 279 5
798 600 2
506 911 6
661 157 5
740 421 3
878 877 5
780 671 6
396 416 5
574 83 6
5 117 4
638 382 5
634 657 4
440 2 4
433 161 2
3 124 5
521 400 7
631 496 6
522 370 1
748 858 5
224 769 4
574 792 1
650 51 3
627 764 6
217 864 1
478 418 6
562 688 2
956 534 7
46 89 4
303 570 5
370 326 3
523 359 5
308 798 4
21 560 7
244 877 7
196 881 1
202 842 3
317 474 1
52 545 5
140 844 4
680 925 7
835 690 6
857 713 3
276 548 4
620 821 6
147 282 4
572 113 3
529 619 4
206 552 2
683 137 7
88 903 2
123 343 1
593 703 4
232 118 5
687 332 7
950 835 5
878 364 6
667 350 7
685 250 3
11 469 1
972 835 5
690 749 3
899 737 2
442 43 4
261 104 6
308 198 1
937 752 3
869 494 3
505 590 6
632 759 3
634 108 1
625 550 3
724 679 5
454 5 6
153 736 5
646 128 7
564 801 4
166 293 6
24 33 5
689 809 7
887 943 7
876 265 1
275 897 3
478 586 4
672 209 3
230 530 5
319 160 5
207 288 2
809 4 1
667 169 2
846 493 1
465 873 4
684 462 6
218 87 7
229 186 6
545 922 2
642 4 2
848 50 5
79 926 4
66 912 2
255 829 4
481 590 2
763 490 4
216 834 3
229 279 4
946 924 4
64 11 6
331 341 1
374 547 4
780 743 1
188 709 1
958 827 7
23 913 6
517 962 7
707 432 6
613 453 1
247 962 1
489 150 6
367 700 1
942 335 6
966 651 4
682 229 4
587 254 6
386 532 5
898 557 7
116 87 1
805 179 1
226 737 3
918 680 1
848 272 1
862 35 4
767 918 1
177 701 1
324 378 4
369 935 4
106 582 5
100 623 3
88 191 6
83 514 6
710 658 6
905 250 5
189 221 5
867 109 2
952 125 7
28 433 7
590 514 4
372 595 4
120 174 3
536 496 1
848 81 5
633 446 5
866 915 6
92 676 1
130 944 2
139 676 6
767 824 2
55 463 1
29 576 5
707 768 5
958 924 2
862 329 6
546 130 3
689 252 5
343 854 3
707 2 6
238 96 6
736 183 6
331 38 2
606 699 4
873 355 5
800 596 4
271 734 3
419 376 2
888 503 3
544 441 7
625 832 2
881 797 1
40 142 3
323 719 7
198 809 1
360 680 1
916 947 5
444 64 4
935 626 4
135 303 6
846 860 5
129 236 7
83 855 6
940 845 6
153 557 1
907 765 5
918 928 7
56 399 7
745 804 7
76 347 6
222 551 1
698 150 6
72 190 4
112 394 5
865 619 2
174 167 2
948 327 2
964 628 1
700 937 4
112 144 7
728 396 5
337 797 5
266 205 4
617 264 2
33 300 3
482 485 3
587 450 3
734 364 1
310 633 2
681 762 4
937 484 2
504 361 7
235 22 6
660 159 4
571 734 4
817 845 1
811 897 6
107 329 1
842 333 1
366 853 4
720 511 6
851 776 1
270 636 5
368 170 3
936 167 5
173 673 5
27 509 5
877 261 6
958 932 6
217 957 6
552 214 7
57 685 4
654 214 5
950 125 6
884 538 5
970 868 1
645 808 2
551 952 1
44 726 1
764 818 3
375 968 2
515 157 5
704 817 5
134 636 1
103 290 4
581 473 1
439 772 7
588 322 3
59 918 5
795 137 3
678 224 7
570 181 7
684 61 2
36 384 4
748 590 1
801 174 4
431 359 1
398 623 2
513 651 7
612 737 1
365 587 7
455 902 2
183 881 5
219 599 2
182 364 6
258 975 5
426 563 1
782 632 5
725 377 1
850 960 2
635 798 2
177 506 5
21 807 6
969 21 3
914 55 3
119 464 1
572 606 5
642 220 5
196 769 5
741 961 1
346 375 7
467 78 5
978 100 1
400 432 1
861 702 4
69 342 3
477 750 1
412 415 7
169 860 4
119 797 4
214 741 7
195 346 5
522 24 4
359 433 1
434 485 3
260 500 4
45 176 1
944 710 2
373 967 3
83 951 6
37 355 5
93 409 4
246 29 6
244 749 2
914 125 2
74 775 1
15 924 2
122 555 6
162 221 5
841 799 7
200 629 5
487 500 6
15 950 5
724 794 6
946 732 7
75 45 1
372 39 3
399 665 6
680 893 6
847 889 2
468 685 4
760 746 2
675 929 2
555 525 5
289 138 7
99 810 4
342 676 3
500 461 3
299 944 3
268 556 1
773 950 2
632 399 4
798 909 4
56 537 6
115 955 7
909 462 6
800 669 3
32 292 1
770 721 1
956 318 4
169 625 2
960 154 3
771 31 1
186 75 6
249 668 1
395 392 7
839 829 7
231 67 5
366 929 1
4 971 1
832 537 2
80 708 7
670 311 5
763 478 2
452 799 2
708 838 5
825 839 2
825 753 3
744 394 2
762 449 6
526 397 4
4 828 7
768 782 4
562 862 7
821 457 3
244 539 6
777 299 5
934 17 1
857 573 7
31 462 2
434 716 6
585 558 7
857 621 3
342 107 1
34 745 4
327 245 7
244 975 1
103 677 5
642 395 6
23 557 5
391 653 7
93 204 1
709 23 4
940 354 3
572 634 5
966 801 7
404 600 5
148 288 7
325 710 3
215 886 3
7 247 3
360 965 1
871 610 7
557 666 6
865 150 5
330 658 7
176 459 6
551 653 2
701 348 2
591 282 6
249 601 1
828 204 6
136 837 4
521 723 4
783 913 2
724 676 4
24 289 1
21 620 3
43 130 4
135 255 1
156 487 3
110 103 1
654 516 3
771 747 6
270 704 1
397 246 5
413 928 6
704 938 7
80 875 2
347 938 2
939 190 6
218 259 7
333 568 2
642 420 6
894 722 6
630 411 3
638 31 1
459 58 6
128 734 2
956 21 5
601 29 3
686 653 5
187 670 5
74 807 4
318 711 5
843 73 3
672 740 4
749 610 1
323 8 7
399 637 4
663 721 1
764 247 5
448 501 7
190 8 4
350 41 5
59 20 4
391 268 3
742 836 6
897 778 1
169 942 3
714 762 1
540 270 4
178 590 1
647 933 6
815 515 1
961 201 4
948 40 3
875 160 4
480 307 7
81 615 5
683 443 1
424 210 5
213 129 6
2 885 5
829 333 2
412 595 6
565 800 6
130 301 5
165 73 2
482 772 2
178 410 6
522 741 1
303 92 4
308 800 6
463 700 5
291 887 5
510 164 1
785 518 3
482 937 2
16 756 3
119 817 3
381 448 4
661 69 1
889 511 4
175 194 6
397 670 4
722 902 3
273 425 5
646 96 6
452 723 1
351 98 3
734 386 1
410 20 5
95 537 2
586 683 5
378 570 3
811 134 2
779 594 1
586 444 2
412 428 2
18 53 6
152 913 6
110 566 4
84 797 1
38 33 7
3 885 6
760 662 6
185 764 1
654 399 3
535 73 5
95 274 7
858 523 6
201 392 6
592 706 5
402 148 6
111 113 7
264 17 5
777 583 4
248 20 4
88 773 2
200 696 7
275 125 4
476 486 4
489 853 6
760 776 3
975 847 4
43 345 5
284 318 4
754 586 1
370 37 6
692 106 6
358 276 2
586 618 6
192 541 4
13 237 4
520 221 6
98 253 2
284 969 2
940 331 4
586 259 5
366 787 3
20 588 4
717 832 3
933 395 1
648 74 1
954 503 2
673 921 3
855 369 7
118 414 1
866 896 6
793 552 7
490 274 6
875 564 7
153 482 3
767 595 2
457 695 7
207 778 7
595 664 6
351 712 5
185 358 2
972 330 3
795 734 5
33 245 5
885 625 7
189 535 5
927 641 3
548 297 3
25 8 1
14 301 4
324 543 4
310 394 1
79 939 4
679 111 4
747 842 1
600 256 6
560 349 3
693 954 1
149 236 3
492 329 5
72 357 3
363 602 5
377 438 4
353 358 2
281 376 5
639 608 7
660 784 1
117 719 7
913 96 4
60 120 5
570 589 2
433 642 1
728 65 4
404 201 7
62 827 6
61 595 3
963 821 5
684 322 6
975 333 5
656 844 6
179 693 5
840 593 7
479 797 7
105 165 3
699 728 6
278 262 6
830 965 7
104 473 7
651 245 5
70 304 5
286 433 1
756 128 4
897 164 1
284 581 7
536 189 3
355 10 1
631 796 7
411 326 7
570 705 6
638 723 1
797 933 5
219 756 4
572 789 4
701 365 1
33 75 1
588 727 5
946 279 1
724 92 7
663 171 7
885 425 7
540 400 5
687 535 3
96 693 5
848 174 1
295 881 5
536 628 5
282 723 4
586 356 6
534 477 3
827 567 7
306 423 3
471 407 5
942 493 3
890 300 6
50 129 7
175 93 5
460 505 3
367 725 1
564 625 6
832 864 4
767 78 6
196 662 7
831 394 1
430 189 7
213 178 3
829 52 4
898 832 6
827 319 6
40 547 1
931 882 2
173 543 5
299 436 6
939 347 2
778 311 3
867 214 6
888 734 6
945 344 7
729 230 3
408 577 3
686 69 5
674 10 5
539 792 3
836 414 7
211 528 4
500 739 2
861 840 4
617 300 1
736 681 6
3 476 3
921 427 7
581 558 2
235 837 5
544 67 7
709 337 7
956 184 1
128 571 6
600 339 7
183 674 2
174 927 6
477 372 6
362 63 1
94 866 6
90 706 5
879 805 1
783 309 2
136 27 1
16 595 7
574 262 5
849 513 4
739 31 1
908 862 3
634 437 6
55 952 4
493 546 4
935 224 6
74 232 4
53 399 5
838 195 6
807 610 6
327 478 4
655 974 3
624 296 1
616 34 4
465 260 6
596 16 2
854 101 1
892 283 7
306 132 1
459 306 1
157 432 7
124 581 5
901 156 3
408 229 3
587 533 4
591 808 3
488 637 7
445 853 1
966 692 1
113 366 6
978 782 7
475 250 2
552 266 4
567 200 4
801 76 1
829 458 7
814 667 1
8 761 4
577 821 6
946 710 4
805 766 2
27 98 3
614 500 6
217 681 2
387 521 4
256 853 4
442 672 5
478 444 5
221 838 4
358 884 6
655 328 2
676 246 1
68 363 7
691 582 4
375 890 7
857 407 3
83 978 1
279 582 3
440 663 1
436 185 7
333 504 3
962 591 2
612 759 2
824 497 1
848 570 5
164 912 5
107 507 1
912 378 4
569 489 4
575 237 4
76 220 3
574 533 4
104 92 1
574 22 4
363 303 6
136 94 4
438 591 1
231 341 3
742 777 6
339 794 3
95 351 6
900 101 3
301 202 6
467 820 5
364 410 3
232 250 7
71 588 3
449 337 4
553 679 3
124 63 2
628 306 1
592 82 5
392 384 6
148 528 6
276 450 3
7 308 7
548 213 3
950 678 6
737 967 7
947 299 5
796 250 6
309 715 3
931 295 3
511 281 4
883 234 7
958 4 1
942 874 6
760 252 7
452 16 1
828 838 6
786 255 4
211 152 2
129 612 5
755 673 3
62 401 4
679 305 4
976 372 6
185 211 3
436 658 3
604 770 5
263 69 2
442 889 4
202 812 3
643 25 3
44 533 5
888 216 5
588 869 1
93 898 6
91 58 4
300 110 6
592 842 4
655 48 7
191 284 4
284 447 4
372 748 1
306 142 6
948 277 5
140 824 4
605 645 7
916 467 5
303 362 1
824 575 5
358 547 7
813 517 7
257 113 4
236 237 7
205 105 6
234 371 4
915 403 2
967 132 3
500 161 5
216 446 3
716 52 3
30 379 2
244 55 4
572 598 6
385 433 5
760 894 4
825 374 4
219 546 5
448 95 3
886 811 4
244 583 2
872 99 7
682 182 2
138 767 3
40 43 2
62 390 7
808 646 4
619 537 6
686 576 6
809 927 1
906 50 6
117 121 3
189 742 2
508 353 1
286 625 1
817 501 3
552 557 2
309 163 4
908 268 3
840 59 2
485 118 6
215 752 2
805 102 2
650 695 5
673 872 6
687 591 1
783 446 4
139 758 5
84 799 4
274 631 1
513 941 4
620 872 5
453 930 5
290 474 6
644 421 1
878 193 2
101 755 4
279 278 1
966 921 6
311 503 6
870 142 4
762 928 6
184 786 6
749 876 2
309 22 3
501 828 3
5 131 2
904 869 2
967 9 2
771 310 3
370 65 5
750 784 7
227 804 3
739 952 3
358 668 6
16 401 2
706 746 1
879 178 2
94 627 2
279 110 5
309 490 7
197 938 1
305 593 1
520 615 6
932 972 3
900 843 4
823 28 2
742 873 5
895 900 3
481 713 7
381 313 3
637 915 2
40 215 1
723 959 6
71 667 6
952 212 4
207 972 6
110 339 7
44 472 7
507 188 7
494 747 7
111 342 4
348 612 5
851 720 5
843 284 5
27 131 6
445 159 4
965 105 6
593 861 2
35 649 1
554 476 4
265 891 5
24 977 4
401 931 3
430 566 4
795 370 3
494 209 6
803 950 3
260 404 6
215 831 4
230 694 1
799 50 1
146 809 1
483 845 2
384 205 4
35 871 3
452 581 6
707 464 3
456 55 3
408 839 2
971 177 7
957 517 2
276 733 6
896 211 3
664 797 2
853 542 6
410 44 5
237 521 7
302 768 1
139 137 5
694 141 7
502 905 3
360 330 5
544 13 1
687 616 2
0 153 4
415 830 3
773 415 2
152 287 6
139 122 7
547 219 6
353 423 2
701 660 2
403 555 3
776 837 7
679 108 1
373 916 6
773 241 4
513 876 7
554 66 1
658 384 6
819 752 7
736 319 4
596 91 2
721 190 1
928 64 2
739 449 1
252 46 2
92 90 7
272 695 4
175 602 3
688 814 1
756 453 7
545 0 7
825 891 7
63 689 4
721 182 3
761 133 7
793 956 7
855 221 3
731 96 1
210 570 6
228 129 2
643 973 6
485 147 4
806 125 7
232 762 4
202 188 3
783 222 3
333 147 2
93 640 1
766 674 2
370 117 2
591 866 5
70 728 2
909 167 5
460 570 3
567 643 7
381 588 6
741 91 7
238 733 4
430 642 1
158 909 5
741 217 1
269 499 4
791 758 2
481 746 7
944 906 3
851 579 1
763 205 1
273 178 6
310 879 2
157 834 6
321 312 5
782 816 2
88 369 1
192 505 6
341 887 7
901 680 6
835 612 7
477 775 3
875 464 7
316 371 4
788 190 1
32 378 6
429 2 3
926 591 4
970 290 4
622 925 2
800 292 1
250 828 6
672 708 7
721 737 3
219 80 2
76 228 5
371 354 7
869 923 1
479 122 7
217 270 2
635 205 7
919 607 4
304 956 4
538 177 1
635 755 6
787 543 6
391 94 1
494 270 7
576 166 5
778 41 6
233 58 1
554 44 3
430 674 4
763 783 4
573 281 6
744 441 3
375 900 1
282 268 1
142 179 4
15 344 1
928 150 6
581 950 4
197 809 5
78 773 6
119 454 2
440 764 7
248 6 6
866 118 4
96 354 1
277 712 5
358 514 6
859 263 6
347 911 6
642 337 2
800 437 3
709 156 6
455 429 7
636 791 2
721 592 3
400 739 2
623 946 3
63 232 7
523 590 6
577 645 3
484 659 7
45 645 3
89 724 5
807 386 2
750 970 1
79 758 3
695 674 3
696 288 5
647 533 6
326 548 2
122 819 2
778 518 2
725 692 7
949 658 7
1 660 4
877 574 7
546 150 7
841 156 4
532 15 6
93 877 6
175 8 6
904 730 3
102 728 3
127 696 3
556 960 7
381 817 4
232 867 2
774 882 4
572 935 5
239 139 2
81 437 6
780 661 7
182 407 2
397 313 4
462 752 6
197 302 4
148 90 7
686 214 2
932 246 2
372 654 3
821 823 5
304 957 2
207 128 4
904 26 1
58 418 3
279 170 6
957 574 5
20 335 2
550 14 7
938 830 4
703 361 6
212 891 5
146 289 7
310 583 5
944 19 2
760 378 2
678 627 7
311 379 7
671 350 2
669 617 5
846 967 7
842 629 3
746 875 3
597 703 1
157 1 6
753 39 3
170 92 7
659 506 4
771 785 5
137 164 6
185 17 7
149 71 2
434 16 1
654 314 5
171 584 5
397 520 4
5 619 3
701 890 3
942 136 3
134 162 1
300 448 6
649 864 5
544 856 2
327 280 6
341 147 4
931 179 1
46 494 3
469 719 6
494 819 6
854 602 5
648 846 7
653 828 4
315 403 7
406 197 3
297 198 3
940 256 3
304 265 7
223 204 5
711 455 2
773 314 1
148 155 5
754 316 2
265 195 7
670 278 5
301 868 3
403 238 5
708 425 3
705 71 6
855 525 6
59 23 2
905 742 4
521 83 7
251 63 2
885 721 2
482 86 1
508 688 6
109 256 5
512 291 5
495 32 1
831 776 2
822 708 7
435 892 4
647 185 7
532 390 1
727 518 4
4 270 1
624 700 1
680 598 1
818 612 4
26 5 4
636 511 2
536 916 4
467 826 2
357 140 4
493 280 7
217 637 4
417 774 3
490 652 1
809 108 6
14 375 1
971 677 2
824 305 7
113 513 3
346 912 4
520 764 2
443 651 4
76 524 3
254 24 1
639 235 7
940 486 5
317 77 4
364 742 5
282 399 1
263 923 2
217 797 1
240 603 3
562 664 1
170 257 7
535 537 6
648 65 7
129 517 1
697 493 6
518 891 5
380 261 7
519 849 4
96 456 6
623 393 3
837 122 2
442 806 5
325 886 2
388 881 6
747 386 1
130 510 6
458 475 4
705 425 1
539 225 1
284 88 5
344 626 7
941 886 2
76 297 7
567 707 2
913 25 7
625 554 3
221 42 5
437 284 1
271 827 2
303 843 6
35 599 4
529 596 5
532 77 1
631 614 4
265 6 5
644 706 1
432 976 3
854 470 6
886 232 2
223 689 6
807 1 4
732 936 4
259 833 5
953 74 3
370 949 7
661 685 3
405 819 5
919 827 1
427 156 5
797 854 5
40 612 6
392 52 6
39 961 1
894 966 4
364 280 4
422 753 7
758 455 6
215 794 4
168 544 2
82 755 7
648 608 6
625 929 4
373 381 1
152 330 4
645 191 7
875 122 4
783 488 4
781 940 4
2 128 3
294 946 2
900 505 7
282 135 4
598 862 6
66 181 3
759 249 4
270 510 2
710 760 3
736 103 4
71 65 6
768 373 4
433 438 6
918 969 2
531 361 5
752 67 4
792 544 2
380 722 2
449 562 6
92 799 1
892 464 2
238 277 3
236 224 2
210 711 1
645 843 3
636 672 5
868 907 2
607 969 4
657 497 5
735 99 5
930 208 3
750 523 1
89 301 2
146 806 2
124 225 1
522 107 7
948 591 4
416 584 6
917 275 5
923 724 5
886 661 2
340 828 6
215 139 5
276 685 3
124 519 4
655 71 5
576 356 1
558 284 5
838 362 4
313 851 3
587 974 2
361 951 6
103 259 5
282 789 3
327 803 2
319 614 3
159 793 6
60 340 6
760 410 5
854 411 5
540 793 4
44 39 3
216 332 1
8 320 4
185 301 4
741 152 3
958 617 5
458 833 4
658 400 2
438 856 1
211 724 2
705 745 4
336 933 7
330 102 5
261 915 4
225 594 5
488 375 1
935 849 1
523 827 3
809 722 7
465 575 6
455 633 4
298 477 7
963 351 1
656 950 2
460 398 4
762 856 7
143 414 1
91 569 7
846 469 7
942 489 4
461 485 5
729 756 5
893 706 4
208 715 4
654 694 3
258 541 1
800 660 1
891 191 1
896 927 3
9 499 2
630 582 6
835 401 5
772 923 4
789 937 1
333 127 4
88 161 4
344 60 6
37 385 5
365 241 6
716 76 1
475 858 4
29 54 6
74 569 1
941 202 1
877 214 3
624 175 2
54 458 4
455 841 1
472 843 5
355 583 6
241 858 7
823 297 7
53 790 6
621 201 3
36 579 5
283 954 7
589 603 7
231 269 4
870 977 6
693 446 7
81 185 4
89 306 2
660 37 1
366 693 5
648 884 5
525 672 5
911 776 3
275 585 2
905 348 3
942 852 4
692 674 5
360 297 1
194 251 2
672 925 4
913 275 2
136 289 7
591 19 4
852 849 4
203 639 5
331 874 5
199 606 5
708 240 4
685 116 6
951 445 6
812 409 3
465 798 2
664 765 3
216 370 1
378 398 1
383 259 3
870 868 2
121 209 6
6 257 6
496 23 6
663 945 6
651 114 4
147 262 3
498 102 2
123 706 3
837 414 3
445 665 5
650 710 2
291 465 7
384 20 5
951 803 5
422 229 6
26 551 4
28 680 3
454 907 2
858 619 1
440 967 6
529 624 7
618 713 5
169 294 2
894 133 1
448 778 3
545 877 2
897 593 3
531 129 5
440 169 7
954 57 4
746 943 2
733 461 4
444 659 3
412 177 6
170 481 7
196 108 1
749 267 3
559 194 5
804 84 1
635 533 1
627 868 6
48 54 2
277 955 5
916 505 3
272 278 6
917 899 3
12 706 5
827 388 4
724 379 1
320 907 4
768 183 5
573 885 3
727 557 5
697 764 6
876 535 4
388 793 5
898 759 4
314 45 7
139 102 1
499 699 4
63 231 4
695 441 1
286 602 4
646 356 6
569 322 5
119 835 6
819 923 4
167 234 1
235 674 3
465 937 5
449 287 7
568 266 4
82 711 4
810 414 1
192 900 1
383 890 1
241 582 1
112 379 7
578 705 4
118 555 6
228 307 2
211 662 6
378 676 6
230 287 2
352 657 7
86 656 1
426 314 4
95 53 3
190 165 5
915 770 5
349 851 3
39 55 7
51 418 6
632 169 5
116 558 1
481 404 7
796 946 7
78 815 7
643 161 7
180 358 7
521 340 5
248 727 1
838 317 6
208 832 3
366 835 5
701 265 4
32 923 3
905 347 2
353 641 6
915 369 6
12 346 6
606 306 3
944 768 7
384 582 2
943 147 7
128 726 2
235 152 7
909 394 1
756 584 7
255 809 5
382 603 6
591 748 2
818 696 1
768 543 1
169 791 5
766 490 7
410 771 4
477 520 6
395 394 6
855 825 1
730 933 5
686 894 5
175 336 6
683 714 4
343 846 2
107 25 6
358 471 2
236 887 3
878 161 2
111 754 6
139 110 1
255 570 5
688 543 7
714 285 4
606 351 1
576 522 3
900 977 5
182 667 3
675 762 7
266 889 3
563 743 4
72 51 4
48 480 1
450 395 7
826 483 3
852 566 2
759 757 6
851 863 4
580 210 2
257 79 1
46 318 4
655 629 7
682 163 6
12 948 6
44 681 3
42 66 6
350 836 4
718 381 4
964 34 3
301 964 2
368 494 5
317 150 3
493 597 3
963 450 4
95 753 6
517 310 2
265 440 2
292 168 2
613 136 3
265 311 1
126 870 4
189 27 3
48 822 6
396 610 2
779 543 6
793 444 6
54 137 6
623 454 5
802 393 3
736 510 7
121 909 4
726 505 3
14 8 2
589 546 1
554 136 6
604 52 4
382 211 2
902 741 7
701 205 6
458 920 5
127 155 6
618 478 2
61 249 6
235 939 4
320 676 2
914 196 3
605 436 6
618 842 3
212 234 4
658 107 6
694 201 6
769 793 2
681 616 6
315 10 5
320 695 3
211 484 2
157 134 3
928 414 7
517 933 3
406 87 1
32 510 5
276 955 2
425 328 7
552 797 3
845 217 2
232 353 7
619 356 2
558 924 5
64 775 3
448 796 6
406 750 4
775 356 6
450 340 3
703 153 3
109 104 3
607 427 4
435 473 3
839 508 3
25 812 1
292 832 1
535 550 2
164 50 5
652 595 1
878 51 6
154 388 4
334 468 5
353 307 6
16 92 3
873 90 5
413 128 5
925 953 7
379 736 3
34 960 5
151 217 7
392 441 3
642 209 2
648 521 2
339 531 5
915 972 1
215 747 3
847 524 1
576 377 1
845 339 6
216 251 6
402 395 1
132 361 1
116 204 3
383 423 2
197 786 7
763 143 6
738 135 4
94 710 6
812 469 2
547 853 6
528 841 7
595 636 5
705 147 3
577 210 7
798 543 6
278 875 7
727 461 5
896 571 2
146 284 3
843 519 7
126 819 2
354 483 2
230 975 1
250 501 6
410 163 6
1 454 2
622 14 1
711 465 1
898 831 5
952 541 1
831 389 3
255 303 3
285 509 2
70 790 6
965 465 4
135 339 3
968 624 2
262 541 7
865 100 3
417 348 1
521 435 4
108 836 6
17 425 1
815 272 1
63 411 4
194 879 3
19 644 6
450 415 6
759 140 7
631 602 1
327 265 4
338 335 5
944 354 2
648 476 5
94 23 2
679 918 2
365 519 7
327 647 1
45 459 7
508 791 3
454 908 4
663 906 2
22 948 5
937 542 5
25 243 5
188 297 4
91 59 6
882 782 6
569 413 4
725 38 5
178 794 5
31 810 6
816 663 3
928 564 6
159 29 2
613 190 4
420 318 6
605 856 1
257 921 6
375 177 7
769 545 3
461 185 2
936 520 3
95 895 3
401 48 3
78 639 5
163 435 5
718 233 3
302 406 5
57 763 1
923 738 6
875 307 4
192 89 5
374 335 4
253 658 1
978 938 3
102 705 6
520 303 3
389 702 7
866 8 5
214 377 5
886 436 5
162 418 3
324 87 2
816 703 3
530 254 5
337 852 5
617 580 1
16 305 5
923 457 4
747 902 1
250 466 1
75 930 3
181 224 7
834 527 6
825 375 2
587 517 2
454 471 3
27 913 5
425 430 3
826 650 5
138 139 5
315 730 3
270 149 2
823 950 5
818 542 7
35 436 4
37 313 1
43 369 3
135 257 3
817 777 7
770 879 5
804 770 4
395 768 7
738 31 2
27 154 2
23 923 1
957 974 3
101 821 6
394 491 4
532 470 6
45 449 7
608 581 1
53 253 5
666 278 7
672 426 1
238 896 4
453 922 6
54 402 2
162 733 1
609 336 7
761 885 4
82 172 1
451 753 3
91 568 2
48 746 6
308 208 7
648 865 1
462 704 1
808 793 6
686 650 4
511 703 7
226 304 1
241 884 5
633 655 2
760 806 6
347 957 7
852 386 2
392 130 1
721 150 5
562 952 4
879 132 5
107 32 7
630 168 7
793 101 6
897 506 6
206 481 6
485 644 7
469 589 5
810 552 6
220 173 7
956 178 6
490 31 3
581 63 4
152 222 7
231 820 1
52 952 3
709 38 4
896 390 4
964 629 7
412 970 4
972 570 4
885 857 2
304 497 4
481 389 2
860 558 2
337 705 5
447 477 2
227 538 5
41 719 4
349 862 2
377 722 4
625 74 4
927 478 4
60 701 3
548 467 2
105 395 6
641 964 4
495 31 7
867 738 2
865 428 4
912 186 7
119 889 3
730 551 2
47 775 6
577 317 7
17 354 1
576 287 4
446 237 1
361 969 7
370 483 6
756 85 4
50 779 7
325 51 5
456 954 6
633 665 1
715 807 3
333 562 5
123 723 2
729 566 2
11 704 6
556 163 3
347 672 4
898 946 5
378 98 7
715 459 4
83 809 5
389 460 5
624 45 2
357 444 2
620 241 1
465 519 2
331 393 7
976 324 2
309 811 2
916 370 1
104 345 3
968 262 4
438 149 5
884 321 5
379 684 6
608 940 5
791 704 7
619 157 1
620 377 2
869 790 2
102 869 2
487 469 4
888 287 4
580 24 3
152 588 3
818 387 4
851 170 5
906 65 6
653 624 7
337 133 4
1 324 6
519 708 1
492 152 1
686 959 4
236 148 2
545 776 6
111 476 3
322 39 7
466 941 4
665 323 6
578 858 3
119 136 7
492 93 3
589 949 1
737 722 7
439 94 1
864 593 5
937 765 4
953 604 6
155 350 3
831 262 3
717 82 4
865 525 5
375 667 2
595 419 7
228 510 4
6 919 1
111 909 2
336 457 1
114 168 2
193 554 7
881 276 5
563 963 4
465 779 4
278 821 5
37 272 7
752 412 2
314 415 7
538 415 5
847 5 1
594 34 4
586 807 4
446 72 5
101 902 3
460 628 4
600 50 7
490 480 5
97 76 1
454 415 3
787 79 1
611 113 7
587 24 7
949 379 3
101 309 7
278 945 3
239 490 2
485 668 2
280 219 3
857 225 5
182 550 1
133 217 7
181 90 4
204 239 4
718 390 2
624 567 7
550 656 7
844 562 1
773 955 5
755 700 6
908 869 6
896 868 4
137 58 1
960 200 5
972 834 6
399 174 7
827 710 1
274 735 5
456 688 3
426 284 2
465 638 1
82 565 1
389 674 1
325 906 4
388 105 1
971 73 4
619 56 5
532 379 7
307 483 7
817 744 3
780 88 7
719 745 4
385 546 7
7 823 5
306 818 5
499 612 7
92 890 3
632 323 7
710 433 7
547 514 1
662 80 5
298 657 7
602 390 4
943 545 4
934 863 3
22 282 5
187 278 3
383 689 7
18 58 2
912 663 3
660 889 1
659 666 4
802 137 3
123 803 2
214 511 4
494 320 6
857 747 5
362 565 5
830 320 5
488 9 7
143 125 3
642 369 6
818 402 1
939 513 2
181 96 2
467 719 4
411 850 2
571 285 3
181 665 1
942 497 6
340 123 4
233 705 1
339 77 6
623 602 6
700 393 6
590 306 4
585 735 5
454 922 6
54 425 4
277 477 1
888 126 4
90 803 7
592 108 7
832 510 3
220 492 2
964 452 2
870 929 5
627 227 6
299 870 4
477 784 1
767 178 2
924 25 1
206 96 4
506 379 3
582 545 1
796 528 5
659 944 4
148 693 2
447 887 1
416 912 7
0 188 3
435 689 1
657 549 7
676 672 2
85 555 7
113 256 6
728 574 7
428 205 7
677 470 2
442 414 6
523 17 3
654 787 7
106 352 5
923 381 7
88 766 1
783 660 2
944 789 1
279 183 1
113 549 1
26 709 6
751 554 2
503 496 1
385 349 6
375 789 3
113 406 3
114 819 1
482 337 6
696 968 1
715 862 7
962 424 2
410 511 4
67 937 1
850 933 7
904 289 2
904 920 7
649 467 3
477 554 6
524 477 7
888 55 3
645 4 7
484 14 7
723 625 3
439 158 1
237 710 7
847 373 6
415 730 1
622 870 1
170 35 1
119 792 1
625 112 4
532 792 7
391 478 5
375 403 4
849 851 4
582 532 7
783 329 5
149 74 6
398 856 6
525 52 3
726 192 3
978 803 3
892 618 2
641 731 2
399 273 1
878 492 5
372 211 6
336 239 7
286 141 5
829 712 7
24 530 4
13 651 3
50 134 1
913 790 5
635 124 6
932 193 1
939 280 1
786 965 2
715 504 3
257 415 2
46 383 7
413 788 6
153 382 3
86 695 7
166 466 5
467 687 2
210 227 5
11 162 7
61 516 7
172 432 5
132 320 5
7 441 2
287 757 7
331 420 5
200 793 1
137 238 5
426 729 7
843 34 2
130 702 7
953 369 4
616 977 5
21 882 3
736 101 3
530 240 1
832 360 5
421 372 1
812 172 2
808 243 4
683 26 4
205 685 7
100 153 2
446 955 1
157 812 3
376 914 3
736 771 4
212 75 4
460 671 3
36 166 5
167 504 3
522 757 2
413 729 3
701 208 6
940 186 3
569 2 6
891 481 3
546 803 4
115 723 3
476 553 5
171 25 2
341 555 1
781 392 5
126 694 1
442 31 6
52 851 4
122 212 2
102 823 1
446 280 4
833 729 2
682 778 2
343 770 2
515 431 1
780 358 3
64 213 3
271 343 3
403 845 3
377 366 1
476 636 2
500 316 3
64 734 5
358 311 7
182 870 6
39 303 6
317 537 4
253 179 3
394 172 5
261 369 4
931 80 7
13 696 7
685 502 1
477 258 3
450 404 5
843 214 7
866 247 6
944 371 1
248 658 4
56 388 4
391 537 7
423 646 7
489 90 2
891 726 6
464 117 4
336 600 7
540 255 5
384 289 1
464 136 6
245 781 6
285 575 2
925 101 5
125 541 3
193 258 6
427 253 3
623 313 7
87 119 1
594 684 3
624 505 4
651 46 4
686 319 1
51 469 2
298 589 7
850 179 6
819 899 7
548 325 3
480 497 3
120 737 5
230 857 6
500 823 2
947 727 5
317 136 2
502 879 4
563 659 3
484 193 3
854 460 1
611 459 3
882 752 1
184 163 7
751 463 3
152 508 6
100 636 1
855 895 7
529 170 6
605 792 6
623 875 3
241 941 1
602 49 2
856 358 2
618 849 1
651 612 5
631 336 1
259 260 2
158 340 5
652 816 1
645 909 5
154 316 7
638 433 3
544 244 3
597 403 6
286 848 3
448 713 2
241 103 1
312 481 3
790 939 1
277 232 4
969 668 1
563 304 6
503 568 2
469 476 1
58 873 6
88 495 7
650 759 7
349 889 2
640 869 2
188 223 3
637 228 6
752 362 1
597 902 2
278 843 1
616 84 4
527 446 6
566 941 4
905 771 5
224 508 4
224 736 5
363 519 7
567 596 3
285 104 6
377 180 6
226 564 7
462 866 3
962 33 1
194 927 4
415 961 5
432 287 4
261 279 5
194 55 5
358 848 6
61 647 1
64 163 7
557 722 3
231 750 5
484 731 3
641 161 4
419 112 1
500 498 2
343 863 4
476 397 1
849 120 4
692 259 1
915 418 3
597 240 5
974 695 2
818 757 3
886 739 1
410 16 7
692 837 5
865 659 7
801 515 5
487 754 1
364 322 5
739 840 6
467 526 3
542 290 1
32 0 1
75 13 2
943 341 7
157 593 5
617 191 5
883 278 1
693 930 5
223 447 2
74 468 7
438 299 6
285 589 4
570 640 5
196 570 1
661 270 3
961 99 4
679 218 7
193 352 5
881 500 3
323 185 1
808 524 5
604 156 1
965 652 4
182 219 5
560 768 6
488 477 2
344 942 5
59 307 4
863 597 3
123 714 2
741 922 6
505 339 7
700 860 2
572 553 7
708 731 4
785 596 6
842 458 7
522 824 5
261 86 5
400 356 3
666 34 7
789 530 3
87 353 3
235 590 5
404 369 6
694 784 4
209 109 3
271 473 5
261 611 4
165 158 2
423 805 7
864 89 2
250 339 1
204 520 6
400 749 5
183 256 1
432 186 7
740 53 4
888 693 4
137 661 1
26 93 6
32 300 6
721 875 4
315 761 7
200 565 2
81 174 6
141 970 3
864 440 5
428 582 7
312 259 3
838 160 2
533 501 2
462 510 4
971 403 7
842 571 3
725 386 5
660 187 7
914 209 1
123 529 5
683 135 7
25 396 7
130 908 2
516 575 7
52 843 3
260 744 5
342 297 2
251 746 7
587 356 4
79 86 4
775 791 3
511 743 4
429 146 5
838 606 6
837 26 2
471 586 1
459 690 7
221 253 5
713 574 5
942 29 4
805 246 5
312 623 6
897 497 5
567 441 6
93 241 5
584 562 1
714 855 6
474 542 7
537 674 1
754 200 4
225 370 1
475 112 7
1 174 6
856 314 3
15 870 6
686 667 7
5 522 7
656 84 1
65 946 6
682 422 2
481 90 7
122 940 7
517 615 1
707 971 5
269 417 1
130 668 1
524 187 3
630 750 5
740 56 6
507 120 2
735 761 7
832 508 1
532 510 5
441 238 7
432 418 5
431 920 2
439 195 3
103 278 2
892 924 5
836 622 4
285 14 5
495 16 7
783 162 5
808 441 5
173 217 2
592 690 7
109 661 4
496 491 5
341 284 5
961 977 1
523 712 5
234 686 3
572 590 2
246 338 6
89 870 1
707 529 3
145 512 7
602 704 7
113 272 4
690 895 3
218 131 6
144 958 1
779 21 6
233 975 5
857 351 3
770 353 6
447 775 1
250 589 1
3 5 3
627 619 6
328 173 7
852 881 6
876 643 5
233 38 2
898 618 1
269 924 3
513 537 5
515 187 2
571 539 4
470 898 3
957 813 2
108 514 7
256 364 4
890 871 7
568 220 5
57 856 7
815 283 7
267 790 7
467 134 5
445 650 1
136 327 5
940 956 3
231 417 2
812 634 2
651 681 4
628 962 4
353 338 5