906 7580 5 375 710 
1 0 3
2 1 4
3 2 3
4 2 1
5 1 3
6 0 4
7 1 5
8 0 1
9 2 5
10 1 3
11 9 1
12 10 3
13 9 5
14 4 3
15 13 4
16 4 4
17 5 1
18 3 2
19 5 2
20 8 3
21 11 3
22 18 2
23 5 4
24 12 4
25 8 3
26 16 4
27 22 1
28 1 1
29 0 4
30 26 1
31 23 1
32 6 1
33 23 2
34 12 1
35 16 1
36 10 4
37 12 1
38 16 5
39 16 1
40 19 2
41 24 1
42 13 2
43 24 5
44 17 3
45 26 4
46 9 2
47 14 3
48 26 2
49 9 2
50 27 4
51 2 5
52 34 1
53 23 5
54 7 5
55 48 3
56 21 1
57 55 5
58 0 5
59 8 5
60 51 3
61 40 1
62 45 1
63 45 5
64 14 5
65 15 2
66 47 3
67 65 3
68 20 3
69 26 1
70 49 3
71 9 3
72 19 4
73 20 1
74 6 4
75 74 1
76 31 5
77 68 2
78 48 5
79 22 4
80 44 2
81 80 5
82 17 4
83 53 5
84 12 3
85 65 4
86 19 3
87 73 2
88 67 5
89 11 5
90 22 3
91 72 1
92 56 2
93 6 4
94 17 5
95 13 1
96 79 4
97 90 5
98 9 2
99 62 2
100 7 2
101 22 3
102 58 1
103 4 3
104 28 5
105 7 2
106 44 1
107 37 5
108 49 1
109 87 5
110 15 4
111 38 5
112 14 2
113 109 2
114 61 3
115 50 5
116 101 3
117 40 1
118 87 3
119 38 5
120 49 5
121 65 2
122 117 4
123 79 4
124 60 5
125 78 1
126 116 1
127 34 1
128 59 4
129 20 4
130 80 3
131 43 3
132 107 4
133 47 1
134 66 2
135 90 2
136 26 1
137 22 4
138 99 3
139 132 3
140 45 4
141 68 4
142 70 2
143 117 5
144 0 5
145 45 3
146 113 1
147 95 5
148 73 3
149 130 4
150 7 3
151 70 3
152 147 3
153 123 2
154 6 1
155 97 4
156 61 4
157 55 4
158 75 5
159 53 5
160 23 4
161 104 1
162 67 5
163 4 4
164 95 5
165 51 4
166 73 2
167 92 1
168 30 2
169 129 4
170 45 2
171 46 2
172 31 1
173 103 1
174 81 1
175 42 2
176 136 4
177 7 5
178 32 4
179 161 4
180 88 5
181 106 3
182 133 1
183 24 4
184 115 1
185 20 4
186 59 5
187 45 3
188 36 2
189 46 5
190 43 4
191 121 3
192 4 3
193 23 2
194 180 2
195 86 2
196 134 3
197 58 1
198 8 1
199 173 4
200 105 5
201 193 3
202 14 4
203 31 3
204 159 4
205 66 3
206 192 4
207 10 4
208 84 4
209 82 4
210 126 1
211 11 4
212 106 2
213 144 5
214 62 4
215 150 3
216 151 5
217 61 5
218 175 3
219 95 2
220 2 4
221 176 1
222 58 4
223 139 1
224 109 3
225 115 1
226 197 5
227 135 1
228 112 3
229 128 2
230 208 5
231 118 5
232 193 2
233 95 1
234 218 3
235 17 5
236 134 2
237 81 2
238 171 3
239 130 1
240 204 5
241 236 3
242 10 1
243 178 1
244 148 1
245 133 4
246 41 3
247 141 3
248 11 2
249 167 4
250 248 3
251 250 2
252 195 4
253 206 3
254 0 5
255 243 5
256 194 1
257 253 2
258 243 4
259 1 3
260 93 5
261 247 5
262 156 5
263 178 5
264 13 1
265 262 4
266 76 4
267 175 2
268 149 3
269 212 5
270 57 1
271 15 3
272 122 4
273 48 2
274 106 5
275 19 3
276 2 3
277 164 4
278 59 2
279 228 2
280 36 5
281 104 1
282 72 2
283 129 1
284 225 2
285 121 2
286 108 1
287 190 3
288 100 3
289 177 3
290 188 2
291 185 5
292 105 4
293 38 3
294 202 1
295 86 1
296 55 2
297 160 3
298 203 1
299 263 4
300 67 1
301 144 3
302 79 5
303 66 5
304 297 1
305 29 2
306 288 4
307 129 2
308 213 5
309 53 5
310 91 3
311 62 4
312 153 5
313 292 3
314 91 4
315 217 4
316 33 1
317 137 2
318 133 2
319 303 3
320 242 4
321 177 1
322 99 4
323 247 2
324 21 1
325 182 4
326 82 3
327 211 5
328 47 2
329 170 4
330 153 5
331 278 3
332 52 2
333 209 1
334 246 5
335 311 2
336 335 5
337 34 4
338 23 4
339 304 3
340 95 2
341 123 3
342 72 4
343 67 5
344 235 4
345 256 4
346 236 5
347 170 5
348 140 3
349 49 4
350 315 5
351 225 2
352 48 3
353 101 5
354 118 5
355 250 3
356 346 4
357 106 4
358 195 1
359 49 2
360 347 4
361 39 5
362 210 5
363 222 5
364 117 1
365 177 1
366 162 4
367 280 5
368 332 4
369 89 5
370 336 1
371 341 5
372 304 2
373 231 5
374 113 3
375 363 4
376 175 3
377 213 4
378 24 5
379 218 5
380 273 3
381 249 3
382 205 3
383 102 5
384 130 5
385 314 1
386 269 5
387 118 2
388 338 1
389 363 3
390 347 1
391 121 3
392 273 5
393 381 3
394 347 3
395 167 3
396 235 2
397 223 3
398 269 2
399 306 4
400 373 3
401 353 5
402 366 5
403 354 4
404 204 2
405 178 2
406 260 3
407 346 1
408 125 5
409 172 2
410 45 1
411 390 5
412 279 1
413 308 5
414 115 1
415 178 4
416 48 3
417 302 4
418 198 4
419 205 4
420 147 2
421 398 2
422 93 3
423 382 5
424 417 5
425 194 1
426 248 4
427 378 2
428 248 3
429 127 2
430 328 2
431 179 1
432 33 1
433 176 3
434 197 5
435 425 3
436 365 3
437 436 2
438 121 4
439 283 3
440 85 4
441 401 5
442 236 3
443 73 3
444 115 1
445 333 2
446 392 4
447 184 2
448 434 2
449 375 3
450 405 4
451 210 5
452 347 5
453 253 5
454 69 4
455 308 1
456 203 5
457 356 2
458 306 4
459 310 4
460 367 5
461 433 2
462 360 5
463 19 1
464 357 1
465 98 5
466 403 3
467 447 3
468 72 5
469 221 2
470 135 5
471 204 1
472 136 4
473 401 5
474 247 1
475 81 1
476 257 3
477 328 2
478 96 1
479 106 4
480 265 5
481 428 5
482 90 1
483 271 2
484 90 5
485 242 3
486 229 3
487 38 2
488 246 4
489 402 3
490 286 4
491 470 5
492 128 3
493 40 5
494 76 4
495 324 4
496 418 2
497 216 3
498 202 5
499 282 4
500 387 5
501 145 2
502 354 2
503 358 5
504 320 2
505 26 2
506 232 4
507 38 5
508 166 1
509 216 1
510 337 4
511 50 2
512 267 3
513 429 3
514 348 4
515 19 1
516 377 1
517 167 2
518 423 1
519 412 1
520 293 3
521 334 4
522 493 1
523 300 3
524 205 5
525 0 4
526 59 5
527 156 3
528 316 2
529 500 1
530 288 1
531 41 2
532 288 4
533 279 4
534 533 5
535 416 2
536 70 1
537 411 1
538 295 3
539 491 4
540 311 4
541 110 3
542 147 2
543 249 2
544 16 2
545 124 2
546 370 2
547 123 5
548 501 2
549 469 2
550 442 5
551 208 4
552 300 4
553 98 5
554 382 3
555 396 1
556 398 3
557 463 3
558 215 5
559 51 2
560 260 4
561 85 2
562 427 3
563 318 1
564 109 1
565 279 4
566 61 3
567 381 2
568 391 3
569 213 5
570 387 1
571 82 5
572 450 3
573 211 2
574 232 2
575 319 1
576 33 1
577 466 2
578 483 2
579 359 5
580 54 5
581 509 1
582 99 5
583 289 4
584 226 3
585 469 3
586 236 5
587 132 3
588 56 2
589 301 4
590 48 5
591 99 4
592 545 5
593 396 1
594 450 3
595 112 1
596 148 2
597 114 5
598 399 1
599 229 3
600 267 1
601 391 3
602 390 3
603 314 5
604 84 5
605 230 3
606 460 5
607 209 2
608 470 3
609 45 5
610 355 1
611 550 2
612 111 2
613 106 2
614 61 3
615 300 5
616 186 4
617 355 2
618 510 1
619 419 1
620 499 3
621 243 5
622 413 2
623 178 1
624 133 5
625 376 3
626 22 1
627 379 1
628 172 3
629 549 2
630 573 4
631 323 5
632 84 3
633 472 4
634 623 4
635 450 5
636 477 4
637 126 3
638 411 2
639 571 3
640 283 3
641 238 2
642 398 1
643 16 2
644 466 1
645 128 1
646 94 1
647 155 1
648 610 4
649 89 4
650 370 5
651 414 5
652 584 2
653 335 1
654 158 1
655 571 4
656 431 5
657 481 5
658 247 4
659 184 5
660 545 4
661 447 3
662 391 3
663 17 3
664 563 1
665 664 2
666 223 1
667 460 3
668 553 2
669 77 2
670 97 4
671 26 4
672 23 4
673 124 4
674 67 3
675 564 4
676 520 5
677 531 5
678 555 3
679 520 3
680 631 1
681 583 1
682 109 3
683 329 4
684 328 5
685 246 3
686 644 2
687 263 2
688 633 2
689 267 2
690 504 3
691 247 3
692 188 1
693 224 2
694 666 2
695 429 5
696 299 2
697 241 3
698 156 4
699 31 4
700 93 1
701 23 4
702 102 3
703 322 1
704 326 3
705 378 3
706 636 4
707 216 4
708 645 2
709 698 3
710 80 2
711 254 2
712 355 3
713 455 5
714 61 1
715 403 3
716 3 1
717 408 4
718 253 5
719 643 4
720 549 2
721 75 4
722 646 5
723 668 1
724 676 5
725 91 1
726 458 5
727 662 4
728 464 1
729 297 3
730 720 5
731 155 3
732 665 5
733 197 3
734 54 1
735 406 2
736 691 3
737 703 3
738 628 1
739 278 3
740 393 5
741 554 2
742 431 3
743 149 3
744 247 2
745 558 5
746 714 3
747 620 1
748 543 1
749 714 5
750 595 3
751 463 4
752 242 5
753 272 2
754 717 2
755 551 5
756 577 3
757 431 1
758 100 2
759 50 2
760 617 3
761 307 5
762 259 5
763 29 4
764 44 5
765 70 5
766 222 2
767 616 2
768 763 4
769 570 2
770 142 4
771 635 4
772 454 4
773 382 4
774 87 5
775 618 2
776 392 5
777 361 3
778 580 3
779 1 5
780 466 5
781 251 3
782 220 1
783 343 5
784 176 3
785 322 4
786 1 3
787 21 2
788 51 3
789 292 1
790 504 5
791 157 5
792 395 4
793 661 2
794 430 1
795 469 4
796 306 1
797 283 1
798 53 2
799 477 1
800 722 5
801 161 2
802 365 5
803 658 4
804 669 3
805 709 5
806 476 3
807 220 2
808 566 4
809 506 3
810 10 4
811 653 1
812 37 3
813 582 1
814 240 4
815 672 2
816 741 4
817 569 3
818 654 1
819 707 1
820 175 4
821 113 5
822 740 3
823 730 4
824 696 3
825 9 2
826 470 1
827 149 1
828 497 1
829 596 1
830 100 3
831 828 4
832 458 3
833 601 1
834 110 1
835 396 5
836 330 1
837 114 4
838 277 3
839 598 1
840 295 2
841 192 1
842 709 4
843 118 2
844 32 1
845 607 5
846 323 4
847 422 5
848 115 1
849 287 2
850 537 1
851 125 4
852 506 5
853 729 5
854 269 3
855 728 1
856 192 1
857 613 5
858 230 3
859 731 4
860 10 5
861 236 2
862 830 4
863 539 1
864 580 5
865 564 5
866 342 5
867 94 1
868 428 3
869 839 4
870 794 5
871 755 3
872 563 1
873 495 3
874 208 2
875 151 3
876 71 2
877 731 4
878 376 5
879 120 3
880 498 2
881 808 1
882 109 1
883 253 1
884 92 4
885 660 2
886 718 4
887 826 1
888 336 2
889 1 3
890 751 2
891 277 4
892 850 1
893 809 5
894 320 1
895 232 2
896 421 4
897 631 2
898 830 5
899 360 3
900 424 5
901 6 2
902 393 4
903 829 1
904 805 1
905 86 4
307 788 4
773 648 5
405 474 5
730 80 3
376 516 2
412 659 1
662 654 2
604 221 5
521 440 5
258 467 2
12 879 2
646 793 2
154 16 4
737 599 3
468 871 2
287 633 4
608 758 5
252 254 2
835 413 5
753 498 1
666 366 2
819 901 3
132 320 2
27 617 2
357 371 5
498 610 3
218 790 1
504 204 1
507 674 4
86 395 5
513 183 5
73 413 1
903 575 2
95 65 4
382 168 1
813 673 2
57 150 5
124 429 3
39 43 5
198 762 5
897 301 2
311 223 4
233 66 3
789 755 3
152 604 2
313 415 5
689 545 1
62 127 1
167 340 1
496 351 3
529 803 5
285 214 3
400 527 3
186 10 2
266 446 4
59 280 2
306 274 2
594 702 2
340 482 5
227 400 5
613 401 5
159 427 4
39 440 3
388 880 3
389 882 5
750 659 1
333 663 1
8 240 1
623 162 5
624 300 3
115 500 2
703 518 4
181 494 1
570 3 5
620 704 2
81 742 4
776 668 3
692 819 1
833 186 1
517 280 1
795 287 1
570 452 4
522 99 2
708 193 3
833 7 2
511 732 1
711 467 5
625 290 5
877 30 4
698 790 5
193 649 3
784 169 4
376 394 4
483 872 3
580 730 1
839 689 3
225 382 1
394 3 5
667 748 3
610 795 3
737 657 4
538 136 3
180 329 5
485 436 5
445 260 4
644 828 5
390 63 1
376 284 2
592 95 1
858 479 5
284 795 4
437 439 5
111 367 2
647 125 4
711 164 1
217 813 4
350 805 1
635 505 1
428 503 5
849 385 5
655 145 1
427 406 4
364 314 5
517 487 3
799 870 3
446 654 4
242 122 1
591 542 2
379 549 4
625 114 2
311 724 1
11 708 1
715 632 5
482 833 5
349 568 5
621 683 2
505 152 2
904 517 5
551 897 2
728 136 3
589 877 2
66 759 5
21 537 4
394 548 5
586 554 3
330 60 3
53 222 1
301 295 1
728 343 5
355 890 5
745 20 1
824 290 4
599 532 4
497 837 4
534 484 5
532 857 4
215 195 3
126 386 4
319 464 1
223 142 4
126 267 5
174 766 1
849 88 1
890 399 3
226 536 3
112 1 5
827 270 4
509 330 5
23 325 2
227 248 3
529 666 2
36 900 1
649 688 3
113 871 1
779 568 3
641 226 4
454 503 5
388 459 3
620 424 4
828 4 5
233 122 5
351 580 5
575 350 3
292 18 5
219 97 1
150 735 2
515 272 3
728 218 2
314 30 3
474 225 4
124 345 4
401 429 5
787 122 3
766 469 4
868 192 2
106 601 5
272 378 4
461 143 3
65 621 3
399 550 1
128 551 2
557 14 5
124 205 1
146 863 3
893 365 4
636 731 5
375 440 2
612 450 2
765 694 4
29 154 1
874 267 5
682 739 2
215 643 4
677 367 2
332 697 1
322 281 1
50 268 2
765 5 1
238 474 2
850 95 3
228 379 1
82 683 1
369 494 2
746 872 4
113 117 3
393 587 1
410 559 1
495 625 4
881 454 1
75 888 1
357 420 5
720 225 4
26 743 4
263 551 3
475 197 2
401 182 5
589 675 2
763 418 4
342 576 4
258 247 1
865 672 2
759 10 3
636 496 3
397 4 3
893 4 4
436 465 4
424 30 5
607 350 3
22 680 3
49 38 5
419 874 1
493 836 2
343 10 5
300 83 3
707 192 4
356 144 2
790 268 2
373 850 2
490 209 5
266 641 1
78 763 2
663 572 1
233 677 1
549 301 2
336 386 1
399 690 1
749 627 4
389 665 4
587 29 5
479 402 2
188 315 4
250 110 2
499 838 5
21 198 4
704 414 1
335 339 3
237 536 5
292 644 3
877 484 2
230 536 1
119 289 1
562 824 5
643 509 5
174 207 4
26 814 3
719 222 5
707 386 2
773 832 2
694 676 5
90 288 4
348 834 1
430 22 4
116 150 4
849 396 3
24 70 5
667 201 3
542 622 1
775 532 5
45 629 1
710 304 1
758 32 1
69 215 2
465 22 3
101 794 5
94 4 1
244 85 1
678 540 5
611 599 3
280 575 1
120 113 3
255 690 2
291 279 2
687 338 3
355 683 3
114 901 1
650 630 1
634 464 5
403 170 2
881 148 1
712 158 1
803 56 3
8 732 2
507 350 2
301 115 3
307 174 2
188 647 1
718 45 2
858 867 5
483 402 3
630 858 5
263 215 3
903 544 3
220 902 1
860 177 5
343 606 5
373 541 5
688 101 5
466 82 3
752 417 4
769 285 1
510 693 3
453 578 3
732 552 5
625 84 1
639 748 3
804 606 1
340 806 3
717 193 4
270 701 2
738 619 2
89 172 5
879 691 4
26 281 5
448 671 1
77 652 5
203 245 3
864 808 5
728 851 3
559 791 4
11 166 4
123 796 2
260 163 3
837 664 1
206 221 4
11 843 4
444 384 4
334 120 3
26 156 3
594 10 4
854 471 3
437 685 1
244 309 4
779 746 3
497 774 3
627 421 4
444 129 2
716 866 1
477 703 5
213 46 3
270 641 4
443 190 5
628 31 4
546 507 1
778 432 3
507 881 5
851 460 2
809 106 4
732 81 2
356 634 1
229 863 2
446 790 4
734 11 1
795 321 2
645 378 4
559 284 1
166 789 4
88 179 4
793 641 5
247 850 2
647 585 5
302 52 3
47 386 5
534 352 2
831 707 2
760 54 5
897 545 3
394 175 3
231 624 2
649 666 5
276 296 4
509 511 4
809 687 2
670 311 5
878 169 3
279 273 1
19 306 4
316 265 3
122 5 1
410 878 3
869 799 4
186 8 1
557 45 3
231 401 4
207 224 4
170 578 3
352 302 5
475 38 2
724 636 1
554 340 3
587 422 2
223 610 1
148 691 2
71 833 2
409 889 1
757 833 5
849 240 1
638 71 5
697 658 4
199 264 4
354 284 2
295 412 3
197 24 5
785 612 2
425 720 2
553 465 1
521 196 4
380 124 2
88 660 5
290 537 1
710 734 1
57 768 5
99 400 5
286 836 2
163 193 2
31 898 2
555 91 1
69 549 1
462 632 2
325 72 4
816 633 4
463 14 3
589 319 3
156 787 4
651 476 5
677 739 3
192 499 3
710 580 2
4 868 2
232 879 1
250 189 3
15 300 3
878 21 1
83 812 5
622 350 5
694 592 1
354 14 5
676 562 2
441 503 2
531 426 3
617 575 5
491 26 5
294 403 2
507 340 2
328 92 5
757 26 5
692 904 5
645 312 5
454 463 2
321 653 4
286 96 5
592 788 2
60 253 5
93 713 1
690 248 2
606 295 3
648 517 3
263 780 1
817 264 2
657 287 2
219 757 1
225 862 5
651 157 2
8 358 5
730 796 2
836 117 1
465 41 5
319 388 5
478 608 5
418 743 5
295 81 2
896 270 2
400 749 1
758 328 1
595 672 4
313 737 5
484 603 4
434 692 3
847 838 4
570 573 4
45 303 1
681 232 3
179 553 4
459 183 3
745 123 5
427 94 4
573 318 3
497 684 2
464 677 5
851 602 3
38 138 4
7 279 4
160 498 2
449 584 1
870 530 1
701 368 5
76 739 3
531 791 2
54 58 1
285 116 3
378 480 3
105 417 1
677 904 3
884 506 5
75 103 5
393 432 4
864 645 1
351 326 5
814 697 2
426 312 3
350 496 1
490 290 3
779 842 3
441 799 2
166 640 3
381 154 5
371 651 4
890 758 5
391 85 3
779 640 5
120 226 2
471 551 1
372 630 4
2 324 3
711 581 1
337 851 5
260 725 5
423 571 4
218 838 4
639 251 3
15 897 3
678 744 1
527 354 3
341 504 2
382 124 5
691 300 5
436 237 1
248 393 5
372 313 2
70 463 4
65 314 1
243 376 4
152 549 2
775 522 2
768 46 5
175 456 5
477 658 1
456 658 3
608 270 5
687 644 4
429 640 3
429 570 1
230 347 1
39 316 3
400 721 2
811 583 5
347 73 1
885 370 3
540 516 1
649 22 2
6 748 5
356 643 2
244 592 4
701 858 4
141 355 4
200 491 2
151 271 2
173 749 3
48 5 4
153 133 4
769 752 4
890 573 5
784 99 5
896 829 3
594 137 1
423 830 4
790 235 4
764 899 5
564 796 5
139 328 2
105 343 2
402 472 3
535 251 3
336 355 2
161 856 1
469 514 5
181 74 1
166 433 2
699 511 1
78 619 5
648 539 3
163 663 4
753 903 2
174 89 5
686 718 4
379 796 4
322 479 5
445 742 3
64 283 2
397 132 1
324 437 3
668 533 2
204 329 5
180 297 1
227 484 2
790 657 2
427 688 4
469 525 3
260 64 5
285 668 2
712 214 4
426 662 4
773 701 3
7 763 3
735 842 5
321 156 3
298 595 5
239 707 1
258 305 2
671 241 1
558 837 5
131 165 1
698 0 3
99 401 2
393 391 1
873 349 2
385 240 3
229 720 2
667 235 5
238 501 3
743 488 4
559 39 5
792 610 2
506 253 3
257 839 4
878 613 1
643 708 4
146 43 2
309 359 1
89 364 3
121 675 3
269 762 5
558 159 4
421 535 2
425 713 5
141 128 5
815 752 2
235 561 1
895 86 1
600 156 3
140 148 2
154 268 2
758 574 3
459 870 5
537 151 2
719 824 1
543 636 4
649 783 2
727 20 3
775 124 4
447 363 5
156 899 5
650 780 1
322 782 3
493 317 5
543 661 2
858 854 4
41 97 5
436 765 2
749 251 5
516 651 1
658 744 2
91 193 5
691 727 1
328 220 4
148 653 2
661 789 4
27 670 3
12 201 4
458 431 4
102 336 1
160 705 4
751 773 5
21 103 2
698 633 4
446 576 2
646 711 5
416 421 2
104 764 5
361 904 2
609 125 1
129 61 3
721 666 5
131 764 1
201 388 4
655 323 5
689 635 5
758 460 5
735 206 3
108 650 2
180 95 5
552 402 2
670 578 5
400 872 4
757 418 3
224 92 5
128 92 3
841 536 2
428 854 2
417 726 3
771 513 1
160 685 1
711 275 4
894 715 5
219 553 2
534 567 1
213 637 1
431 122 3
751 597 2
843 115 4
211 321 1
175 18 3
328 636 1
163 832 4
573 301 1
238 23 1
29 873 3
638 736 2
536 498 5
537 724 1
425 521 4
718 132 2
79 697 4
484 205 5
591 340 3
502 328 3
510 335 1
886 766 3
19 429 1
540 801 4
459 94 1
739 314 5
590 373 2
466 198 1
517 812 2
594 100 4
676 563 2
97 638 2
75 737 4
283 251 3
351 191 3
571 893 5
384 340 5
750 543 3
450 20 4
830 112 4
32 320 3
473 801 5
797 123 2
587 533 4
28 352 5
278 236 1
635 532 2
508 434 4
285 421 2
99 509 4
683 28 4
849 595 5
46 409 2
345 688 3
483 600 5
160 739 1
469 710 4
330 375 4
105 532 5
214 178 3
615 212 4
645 231 2
174 566 4
438 536 5
507 184 3
776 627 5
900 568 5
17 751 2
898 591 4
85 89 4
860 175 5
166 430 5
350 131 5
32 107 4
886 153 1
452 441 4
30 639 5
558 879 3
291 266 4
563 687 5
544 606 2
223 258 2
540 480 5
653 525 4
285 323 1
9 765 2
742 228 2
829 416 1
462 231 1
904 480 5
135 871 2
168 432 3
712 531 1
318 245 3
629 673 5
565 869 4
220 544 2
25 703 3
416 181 2
40 475 3
255 721 3
299 647 3
40 88 1
505 23 5
457 647 4
831 663 3
542 243 5
187 314 2
790 78 5
493 405 5
575 224 3
819 92 2
388 240 1
701 855 3
89 163 4
85 233 3
338 386 1
835 495 3
248 677 4
93 691 3
730 51 2
267 135 3
353 229 4
47 266 3
871 428 5
570 586 1
649 194 4
809 587 3
444 719 2
54 505 2
91 792 5
525 560 2
190 350 4
600 306 4
444 731 3
183 248 1
496 511 1
131 295 4
559 79 4
84 359 5
884 722 3
547 610 1
198 567 2
442 308 2
143 489 3
740 460 4
282 345 4
880 453 5
278 837 5
840 333 5
504 31 4
512 504 1
451 23 3
49 329 4
321 395 3
241 827 2
821 198 5
107 662 2
773 512 3
389 312 3
81 521 2
626 11 5
853 851 1
260 543 4
561 315 1
236 121 3
763 482 5
864 639 1
524 556 3
486 127 1
756 646 3
881 537 5
283 885 2
503 520 5
600 602 3
655 56 1
382 155 4
559 875 5
464 184 4
276 230 2
100 178 4
491 389 5
644 214 1
324 794 4
166 795 3
231 71 4
822 825 4
225 466 1
565 149 3
517 467 5
317 545 4
852 15 2
3 111 1
788 187 1
816 426 1
542 315 1
444 487 3
222 416 2
527 309 1
201 474 3
537 543 3
19 374 1
276 328 5
97 780 3
391 570 5
709 688 3
238 245 5
635 190 5
724 809 3
478 899 2
572 60 4
624 263 4
559 775 5
870 336 4
653 666 1
45 505 4
425 840 1
724 839 4
163 695 5
85 627 2
751 202 2
808 693 4
888 701 4
835 3 2
111 449 5
768 269 2
659 217 5
705 518 2
33 305 4
466 513 4
863 765 2
22 71 3
162 521 3
504 786 2
769 660 3
409 673 5
676 143 2
289 875 1
888 718 2
770 203 5
653 657 4
330 243 1
299 205 4
883 566 4
753 894 3
359 410 1
484 838 3
589 831 3
105 62 2
857 49 3
751 724 4
44 138 1
320 613 1
861 449 3
835 373 3
900 458 1
204 762 2
199 719 2
360 76 1
456 778 5
280 275 2
272 47 2
568 779 2
2 341 2
518 137 3
453 204 2
764 563 2
259 836 2
77 830 2
548 210 1
748 375 5
699 563 1
231 131 2
216 427 5
103 270 1
112 56 4
118 95 4
539 285 1
303 23 5
314 418 2
296 347 1
717 572 3
128 233 3
252 862 2
96 254 2
489 397 5
124 373 4
723 352 2
219 837 5
810 184 5
441 774 2
790 431 2
716 36 1
353 115 1
698 637 1
713 709 3
175 412 4
841 348 5
121 848 3
541 723 5
47 469 3
515 705 4
409 494 1
283 801 2
281 828 4
81 818 1
764 661 3
253 699 2
794 557 5
422 698 4
481 6 2
77 683 2
786 423 4
619 427 3
494 812 5
350 225 1
480 68 4
433 474 5
721 601 2
228 63 1
691 806 1
118 195 4
217 435 3
881 839 4
366 613 3
136 894 4
76 355 5
780 526 1
46 543 5
140 364 5
111 20 1
36 669 1
446 515 4
507 634 1
30 341 1
420 398 5
777 482 5
671 808 1
40 378 3
592 36 1
815 71 4
743 678 5
719 508 1
692 447 1
258 149 1
711 855 3
667 402 2
357 396 5
886 317 5
745 41 1
635 467 4
224 513 4
79 547 3
730 90 1
439 392 1
877 279 5
506 788 3
594 136 1
119 130 3
753 693 2
704 273 2
439 866 5
309 819 5
90 243 2
223 213 2
472 114 2
798 796 1
228 532 5
687 285 3
162 52 2
753 842 4
137 102 1
115 606 3
719 522 2
353 320 4
532 339 1
224 843 3
351 466 2
192 823 4
294 803 2
810 550 4
483 850 2
903 230 2
345 19 2
496 349 5
817 752 5
849 217 4
774 663 4
219 577 3
829 663 3
726 394 4
23 659 4
300 821 3
470 778 4
561 734 5
133 859 1
691 48 1
679 141 5
400 689 1
354 95 4
345 366 5
643 164 1
524 602 3
630 424 5
620 245 2
559 225 1
796 855 5
622 901 3
622 118 3
804 346 5
91 555 5
645 330 3
754 535 5
346 616 1
248 224 1
629 211 2
878 448 4
47 810 3
654 837 3
59 50 1
349 704 4
25 238 3
39 756 3
457 892 2
343 30 4
343 820 1
687 623 4
351 862 5
502 783 1
389 25 3
2 310 5
466 116 3
43 213 4
416 389 5
21 701 5
579 29 5
224 820 3
303 520 2
610 39 4
249 780 2
576 316 5
550 824 1
644 664 3
697 647 5
531 603 1
647 193 1
823 244 2
297 400 2
835 144 5
96 16 2
42 291 2
21 429 2
355 369 5
98 65 5
34 258 3
689 528 1
283 540 5
386 475 4
329 663 4
114 371 4
46 609 1
654 658 3
494 667 2
627 218 1
744 322 4
507 710 3
440 608 3
683 677 2
164 613 5
518 129 1
107 229 4
249 713 1
575 635 1
635 308 5
532 669 5
776 311 4
50 223 4
463 564 2
536 759 5
495 601 2
428 230 4
805 875 1
734 567 5
142 440 5
610 435 4
215 442 3
339 870 4
179 462 5
309 234 2
96 55 5
198 641 3
131 281 2
888 647 5
235 541 2
133 224 3
241 208 3
532 231 1
227 765 5
8 572 3
761 288 1
631 382 1
508 817 1
821 525 4
480 707 4
565 563 3
206 503 4
584 94 4
433 511 1
584 132 5
149 236 4
860 125 5
371 288 3
197 63 5
861 140 1
175 128 5
259 489 4
862 167 1
295 890 2
104 154 1
790 537 4
91 205 5
70 13 1
560 490 2
743 229 2
373 332 3
119 123 2
151 645 1
648 625 4
142 157 1
118 840 1
297 516 5
8 416 5
104 374 1
506 695 1
331 76 2
311 314 5
677 48 5
537 123 4
661 734 4
847 615 2
478 125 3
191 664 5
106 750 1
804 330 4
6 282 4
303 593 3
634 519 2
393 555 2
354 248 1
482 77 3
780 868 5
358 284 3
685 302 2
790 136 5
639 855 4
103 394 2
232 253 4
684 789 4
477 225 2
480 251 2
425 288 1
851 496 1
568 130 4
257 226 1
506 163 4
622 42 1
402 694 3
332 50 2
149 632 3
176 178 1
642 543 1
124 398 1
655 829 1
403 110 5
571 586 4
362 733 4
37 721 5
309 734 1
67 471 2
244 33 4
537 82 1
22 285 1
321 710 3
636 791 5
290 50 2
705 225 2
166 279 3
330 142 4
126 326 2
374 587 5
751 434 2
272 798 4
666 174 4
59 566 5
783 778 3
105 180 2
622 376 4
700 42 4
731 682 3
890 319 1
449 538 3
664 639 1
645 419 5
450 526 2
841 28 2
394 750 5
529 271 1
492 744 3
838 671 2
242 287 4
127 717 3
851 9 3
676 654 3
206 899 1
756 783 4
157 325 4
29 336 5
748 79 5
513 625 4
417 44 5
586 37 4
831 595 1
360 93 3
207 393 2
373 534 3
49 58 3
719 58 3
173 300 4
781 9 1
198 357 5
484 285 1
187 28 1
687 409 2
642 542 3
788 605 4
54 634 4
675 774 5
790 867 3
51 538 4
365 731 3
585 31 2
385 79 5
124 626 2
330 436 3
531 120 1
704 687 1
572 664 1
667 10 5
48 687 5
337 23 1
219 846 2
467 117 5
374 31 5
724 880 1
377 486 1
243 534 2
279 45 4
316 832 4
355 686 2
575 285 1
748 698 4
167 749 3
874 285 1
60 880 4
294 401 2
536 414 2
486 228 2
8 726 3
748 100 2
353 709 4
347 6 1
345 65 5
376 254 5
576 842 4
328 282 4
158 100 3
561 630 2
273 662 3
356 801 3
729 124 4
601 809 1
781 230 3
669 812 5
631 376 5
636 561 5
481 115 1
214 672 4
731 724 4
684 748 5
208 651 2
524 689 5
480 830 4
484 136 4
347 674 4
328 17 1
616 829 2
246 532 5
202 86 2
74 404 4
651 478 3
195 763 2
483 459 3
207 190 2
653 778 1
86 414 1
851 278 4
334 615 1
91 490 5
169 801 5
770 91 1
266 601 2
696 565 1
470 449 1
539 770 3
604 531 3
607 819 4
283 416 1
671 398 4
735 898 5
633 714 1
361 168 3
503 860 2
527 23 4
434 532 5
674 488 4
375 828 3
283 370 3
697 577 5
487 378 5
860 113 4
607 231 1
774 367 2
280 368 1
704 690 2
402 536 2
181 439 3
75 433 2
572 784 3
170 69 5
865 583 1
485 890 1
609 767 2
738 852 3
143 234 5
463 575 3
703 799 2
376 104 1
381 233 2
510 658 4
55 659 3
830 160 4
663 475 4
284 466 4
219 627 2
753 584 1
23 863 4
788 351 5
297 122 1
116 886 4
162 417 3
457 611 2
831 250 1
473 396 2
638 644 5
705 557 1
633 255 4
475 605 1
118 399 1
19 634 2
738 612 4
133 614 1
607 307 5
712 588 2
365 104 2
470 413 5
341 367 4
110 354 3
78 2 3
422 675 2
288 720 2
323 682 3
752 461 1
412 342 4
689 864 5
158 771 2
2 686 4
863 434 1
244 460 2
263 416 3
380 168 4
4 550 4
712 852 3
91 853 1
269 251 1
142 402 2
730 57 4
212 300 3
746 683 3
885 508 1
737 86 5
162 712 4
768 30 5
172 862 5
698 48 5
36 251 2
327 622 3
161 775 3
850 817 5
779 802 3
225 726 5
237 123 3
655 712 2
117 570 2
153 382 3
226 124 1
710 227 3
558 721 2
425 210 5
462 509 5
711 572 4
458 230 1
261 199 5
331 344 3
360 566 5
338 828 2
152 794 1
262 155 1
899 695 4
104 888 1
124 726 2
314 272 5
690 795 3
132 104 1
712 493 5
160 678 1
879 17 4
574 746 5
893 709 4
167 45 2
585 252 1
453 392 4
359 626 4
897 175 3
848 360 4
148 299 4
291 34 5
518 457 4
499 889 1
490 169 4
770 492 5
791 507 5
150 490 2
396 499 5
371 727 4
86 875 1
551 446 1
732 789 2
770 501 5
651 238 2
230 562 3
838 177 3
286 847 5
705 201 1
139 799 2
669 349 5
580 119 2
132 740 1
531 776 2
51 343 2
505 105 2
14 777 2
624 203 2
138 371 4
894 563 2
525 344 4
175 816 3
218 728 3
156 616 2
816 237 3
639 311 3
22 14 1
600 291 2
32 816 4
513 91 2
870 811 5
542 308 4
465 357 2
480 417 5
228 199 3
16 183 3
150 216 2
430 813 1
270 247 2
551 435 3
162 495 5
253 810 4
421 681 4
353 484 1
861 403 1
843 89 4
190 4 1
396 567 5
546 126 5
59 366 4
694 397 2
603 334 2
486 430 5
627 447 1
282 648 2
597 579 2
671 458 5
11 87 5
419 670 4
735 325 5
641 828 2
331 169 1
527 401 3
329 392 3
476 10 5
707 486 2
36 160 3
899 224 3
68 733 3
335 521 2
187 23 3
412 795 1
890 868 4
62 814 5
530 426 5
36 881 5
141 761 3
230 617 3
198 241 4
236 665 2
696 468 5
243 79 5
347 380 3
240 891 4
472 519 5
566 319 5
339 556 4
24 475 4
397 57 2
225 29 5
761 242 1
665 803 1
272 269 2
221 42 3
843 291 5
474 544 4
826 58 1
774 370 5
372 531 2
82 672 3
297 292 1
774 484 2
355 805 2
665 874 3
235 533 5
629 768 3
123 557 3
606 787 2
400 610 3
801 554 2
98 439 5
872 804 1
864 510 2
388 541 5
320 832 2
225 636 4
742 604 4
640 389 2
411 446 3
116 323 2
469 630 4
759 181 4
807 660 1
831 787 5
237 95 2
376 820 2
317 783 4
596 74 1
727 708 2
569 701 1
183 144 3
528 140 2
621 160 3
408 567 4
290 892 2
620 841 3
173 361 1
47 56 1
178 368 2
111 790 2
253 13 4
755 580 1
60 288 5
426 832 3
464 298 4
31 411 5
355 861 4
35 127 5
644 863 3
478 901 4
574 420 2
443 533 2
104 474 4
526 513 3
778 349 3
501 510 4
689 643 3
506 235 2
720 898 2
49 804 5
770 540 2
402 158 1
878 430 1
350 87 4
315 124 5
505 366 1
462 199 3
294 430 5
333 488 1
860 112 3
592 714 4
137 379 4
901 549 1
177 150 1
729 613 4
770 736 1
618 101 1
346 481 5
108 667 2
819 688 3
536 506 3
602 25 2
726 465 4
443 196 2
619 289 2
472 595 2
903 506 5
262 502 2
56 78 2
685 650 3
878 464 5
37 43 2
721 855 1
223 210 5
251 868 3
62 606 2
41 355 1
197 2 3
121 27 2
895 23 2
34 397 4
891 234 2
54 747 3
896 716 3
220 685 3
871 195 2
405 240 5
209 251 5
262 468 4
85 27 4
808 704 1
306 362 1
348 366 2
17 697 2
521 503 3
437 582 1
592 771 5
426 364 2
540 523 3
548 810 1
268 471 1
853 718 1
569 368 5
428 488 2
61 865 5
884 88 4
17 498 4
457 300 5
904 65 5
502 571 1
256 473 5
297 626 4
477 787 5
204 26 2
624 715 5
111 574 1
723 864 5
665 732 5
213 374 3
139 317 4
904 877 2
229 459 1
200 857 1
364 2 3
474 253 4
149 142 5
45 622 4
228 250 3
820 319 2
264 451 3
644 544 5
324 347 2
97 519 5
123 621 4
674 187 5
898 120 5
516 898 2
883 791 3
801 65 1
65 686 1
288 875 5
377 81 2
315 534 4
366 354 3
287 384 4
383 120 1
496 766 1
824 651 1
38 471 5
443 796 2
242 544 5
712 289 4
540 535 5
604 874 3
847 376 1
479 692 2
254 167 4
824 270 3
865 444 1
89 672 3
482 513 4
359 799 1
168 602 1
56 730 1
398 207 5
94 446 4
218 242 1
313 117 2
51 590 3
106 716 5
573 750 3
777 720 1
817 269 5
137 686 3
426 829 4
775 464 4
626 588 1
582 823 4
123 2 5
578 274 1
863 591 3
507 760 4
557 899 4
835 355 5
191 496 2
178 283 3
189 351 3
729 137 5
301 810 3
60 619 2
266 60 4
207 355 5
139 859 2
432 782 4
731 878 2
562 468 5
267 73 4
657 540 3
483 447 1
561 389 3
80 589 3
809 592 2
75 1 4
892 19 5
801 105 5
408 584 3
66 698 4
772 579 3
197 439 2
848 729 1
476 806 2
63 846 2
464 141 4
246 528 4
238 538 2
406 838 4
100 49 5
441 173 5
108 583 5
274 732 2
538 615 2
635 38 3
429 660 4
369 335 4
703 413 5
709 746 1
572 702 1
100 11 5
788 454 3
31 896 4
145 500 1
879 25 2
880 366 1
119 456 5
881 725 4
152 150 1
344 12 3
128 498 4
534 448 1
652 497 5
213 59 1
617 466 1
359 629 1
705 105 4
225 493 4
41 228 4
6 103 3
289 548 3
897 65 1
49 137 1
98 360 4
305 382 5
612 603 3
570 373 5
894 902 2
417 399 4
826 699 3
282 558 5
672 705 1
465 741 2
702 466 2
581 821 1
517 373 4
484 800 4
859 728 2
744 730 4
838 334 4
282 814 1
386 872 2
801 734 3
240 890 1
129 685 2
565 410 1
892 690 5
33 86 5
157 688 1
666 169 4
779 58 2
870 117 4
67 338 3
697 25 2
665 220 1
429 741 3
612 242 2
888 286 1
112 815 5
453 780 1
518 483 3
723 555 3
518 43 2
881 516 4
635 651 5
692 417 5
72 107 4
807 88 1
629 557 3
27 809 5
351 1 5
459 747 1
110 92 2
348 619 1
769 200 3
642 830 2
764 784 3
604 190 5
850 194 4
750 585 1
45 586 5
641 704 3
269 411 4
883 146 3
512 311 2
275 755 2
171 305 1
795 403 3
70 424 5
758 264 2
842 894 2
614 701 3
727 491 1
548 87 3
390 697 3
263 229 5
475 802 4
402 622 2
511 807 2
761 170 5
279 459 3
208 111 4
379 349 3
336 98 4
360 586 5
589 886 4
194 616 1
854 73 2
46 731 3
145 246 5
69 247 5
182 404 3
53 758 1
484 734 5
547 589 2
58 203 4
497 80 4
548 562 4
278 439 1
250 853 2
451 95 4
70 876 1
240 172 3
435 505 5
494 189 1
860 284 3
65 316 4
353 38 4
736 210 1
555 347 2
754 239 5
327 578 3
523 22 4
846 887 3
709 498 1
34 886 2
527 41 1
813 499 3
345 899 3
728 789 3
423 768 3
32 505 5
175 796 3
527 571 2
374 842 1
466 281 1
597 844 4
737 539 4
723 774 3
72 76 4
750 174 4
457 184 5
713 386 5
896 812 5
517 698 2
98 621 3
418 325 1
584 61 3
789 91 3
534 749 2
263 894 3
474 654 4
409 277 3
647 562 4
167 22 2
552 588 1
345 90 4
308 229 1
743 544 2
425 754 1
11 232 5
408 481 1
660 114 5
858 233 2
251 897 1
794 19 2
490 902 5
284 754 1
149 830 2
763 30 5
723 546 1
634 728 2
542 636 4
424 500 2
190 83 4
559 682 2
546 686 3
72 327 3
769 509 2
99 543 1
414 715 2
827 205 4
658 258 1
888 278 5
731 216 4
464 694 3
37 579 1
499 98 4
656 43 1
250 409 2
660 417 2
512 340 5
863 274 2
94 125 1
234 51 1
194 557 5
487 289 1
476 224 5
57 731 4
900 535 2
621 465 5
876 402 4
1 186 2
301 1 2
168 905 3
523 163 4
712 239 1
93 209 3
327 726 4
600 87 2
771 762 1
749 815 5
735 535 1
66 604 1
113 525 4
90 318 2
564 348 2
485 651 1
426 395 5
612 340 5
209 39 3
313 208 5
396 656 2
10 190 2
85 540 2
533 676 1
129 340 1
879 261 3
491 451 3
449 94 2
101 897 4
585 54 4
490 502 2
652 580 2
735 569 1
694 135 5
562 776 1
790 20 1
902 277 5
114 522 1
352 845 4
460 855 1
49 232 5
731 512 2
161 374 1
55 548 1
142 613 1
875 75 2
212 270 2
622 764 2
307 611 4
446 302 4
857 891 4
305 839 3
487 846 3
181 271 4
438 856 2
0 623 4
397 782 4
284 543 5
711 520 3
780 540 5
208 129 4
261 21 4
683 837 5
712 901 4
149 354 5
561 632 2
218 525 2
755 206 4
331 859 4
223 822 4
598 703 5
41 322 4
376 537 2
278 259 4
419 9 2
135 827 4
622 100 3
44 37 4
314 721 1
553 526 2
704 663 4
101 361 1
287 93 3
359 556 3
873 658 4
605 577 5
206 515 4
441 270 2
780 162 5
864 189 2
747 501 2
801 0 1
826 101 5
13 357 4
772 747 4
366 726 2
65 352 5
800 818 1
801 496 4
328 612 4
353 725 3
10 113 2
811 114 3
289 423 1
154 89 3
629 402 2
277 110 2
890 129 1
2 159 2
216 814 2
283 254 2
598 451 5
715 424 4
132 388 3
113 397 4
313 554 3
900 193 3
471 94 4
642 885 3
331 218 1
339 785 2
235 198 5
31 826 4
764 810 4
487 460 4
89 791 2
717 490 5
190 286 2
853 39 2
855 360 2
529 551 3
335 178 5
257 279 2
456 879 5
185 781 3
562 50 5
700 46 3
151 299 5
562 563 2
17 48 1
529 421 4
765 496 2
11 670 1
11 598 5
198 90 1
478 475 1
698 866 4
366 52 2
164 106 5
166 400 2
321 382 3
884 541 1
100 694 3
726 310 4
29 117 5
831 588 3
276 763 4
283 557 1
258 392 4
786 159 5
581 469 1
27 42 4
420 405 1
369 789 1
260 339 1
826 211 3
650 510 4
129 341 2
365 136 2
893 558 2
483 876 1
891 648 5
334 888 1
449 903 2
158 493 2
331 687 4
350 836 1
737 235 1
716 286 2
284 741 4
536 20 2
583 67 4
646 888 4
529 489 2
887 364 4
628 169 3
663 439 4
162 456 5
28 859 2
625 308 1
635 442 1
818 735 4
285 278 5
262 602 1
399 479 2
414 834 2
181 866 4
734 453 1
92 388 4
276 149 3
630 774 5
809 836 2
572 458 3
829 421 2
600 175 2
727 823 2
684 754 4
214 384 4
420 179 5
23 284 1
516 846 5
834 390 5
226 90 3
225 449 4
778 688 1
313 705 4
457 22 3
663 409 3
294 295 4
541 262 3
188 577 4
684 622 1
86 378 4
888 782 1
174 286 5
80 544 2
486 273 2
801 670 3
29 892 3
219 379 4
503 609 3
437 645 4
602 481 4
186 897 4
731 611 1
572 839 1
451 246 5
846 330 2
869 442 4
874 311 1
555 587 3
828 375 3
199 61 1
619 82 4
94 428 4
491 616 2
6 208 4
706 652 1
102 135 3
704 451 5
662 722 4
350 884 4
609 44 1
382 496 3
777 798 3
180 626 2
514 710 4
153 676 1
249 665 4
683 810 2
898 605 5
769 208 1
295 454 3
320 222 2
449 230 1
557 171 2
885 789 4
53 639 4
17 511 4
804 905 1
312 181 1
484 454 3
833 526 5
758 496 1
751 859 2
549 534 3
161 419 5
536 182 1
799 52 4
327 641 3
40 402 2
484 414 1
416 94 1
645 794 5
266 285 4
231 198 3
462 292 5
176 233 1
66 478 5
421 135 5
514 468 1
733 588 1
657 223 5
241 703 1
874 203 4
576 471 4
76 552 1
892 94 1
324 231 2
213 130 4
473 880 1
192 268 5
197 619 1
274 738 1
562 658 1
141 406 3
259 544 5
193 902 1
319 441 2
182 466 3
239 171 2
510 289 5
425 545 1
526 287 4
457 320 1
401 302 5
288 879 2
198 342 4
816 246 1
665 623 1
300 882 2
843 740 3
387 514 1
17 222 5
43 159 3
626 557 4
87 806 5
452 98 2
869 399 2
426 412 5
531 721 5
749 191 1
486 836 4
791 249 3
96 719 1
625 617 2
547 340 3
338 283 2
900 259 4
80 156 5
652 648 1
252 631 3
331 459 3
57 770 3
92 22 5
109 816 2
442 362 1
300 493 5
534 64 5
839 675 3
736 861 2
752 678 4
699 396 1
498 173 4
409 423 2
180 814 2
537 242 1
125 671 4
119 565 4
299 471 4
634 390 3
452 71 1
41 646 1
184 858 5
226 856 2
121 340 3
706 655 2
91 716 5
750 258 1
386 639 5
381 555 3
157 552 5
506 794 5
126 170 3
572 755 3
799 444 5
244 349 1
677 239 4
698 29 4
890 284 5
574 670 5
726 732 2
662 607 4
495 776 3
231 867 5
543 525 1
833 202 1
197 201 3
196 760 5
72 3 1
19 672 2
94 671 4
749 431 1
811 342 1
357 739 1
156 506 5
862 791 1
634 674 1
107 60 3
389 595 3
295 617 5
242 440 4
791 154 5
802 607 1
584 712 5
361 334 5
90 694 4
530 896 2
622 170 2
894 904 1
155 477 2
536 98 4
15 542 4
809 386 5
384 298 5
507 733 2
253 852 4
464 195 3
525 891 1
604 861 5
426 900 5
541 812 3
311 618 1
698 417 4
788 700 4
499 539 3
564 605 3
122 37 2
267 80 4
20 19 5
193 500 5
153 752 2
54 812 3
719 483 1
92 245 4
451 153 2
651 117 5
212 454 4
326 631 5
704 733 5
361 164 1
364 471 3
574 216 2
817 296 5
292 659 5
437 177 5
370 77 2
724 236 4
12 544 2
357 808 4
773 626 4
526 219 5
270 870 4
422 443 2
561 234 3
38 294 5
443 352 3
505 446 5
569 728 5
1 405 4
27 500 2
152 422 5
221 842 4
261 712 4
527 364 5
137 100 4
0 229 3
824 192 5
96 450 2
191 426 1
161 227 1
53 511 4
224 875 1
399 48 4
871 401 5
603 172 1
278 336 4
402 778 4
704 389 5
270 828 5
445 330 5
328 522 1
636 488 5
268 861 2
525 238 3
658 680 4
444 160 2
754 224 4
517 872 3
377 87 4
232 162 5
47 740 1
617 496 2
59 298 5
297 304 2
462 603 2
837 579 1
589 512 3
126 803 4
127 61 4
225 546 3
156 292 3
138 690 5
765 868 3
13 103 5
128 707 5
57 126 3
433 24 3
662 306 2
430 265 4
437 718 3
785 900 2
102 394 5
517 368 2
50 623 2
238 496 3
227 645 4
15 37 3
822 257 3
283 674 4
429 375 3
121 339 3
727 695 1
718 796 1
482 643 3
304 199 1
381 290 4
628 208 5
777 455 1
115 381 1
454 230 5
424 173 5
827 101 3
453 14 4
516 887 5
63 25 1
250 870 3
75 473 5
497 719 4
13 340 3
483 901 1
666 670 2
566 794 5
580 430 4
276 154 3
786 443 2
187 389 1
58 45 2
806 408 4
884 296 1
244 581 4
63 321 2
500 529 1
831 758 2
707 806 3
473 189 3
893 499 5
55 41 1
728 496 2
652 880 3
585 806 5
699 12 1
23 520 3
256 730 2
5 801 3
707 452 2
364 613 1
754 218 3
422 446 2
884 11 1
145 828 1
363 457 2
710 849 1
556 459 2
248 286 4
348 315 5
342 277 3
364 852 5
693 383 5
400 794 5
763 836 1
403 413 3
449 860 2
288 637 1
134 696 2
462 354 2
330 837 2
820 300 1
465 17 3
465 304 2
245 671 2
166 573 5
690 630 4
283 186 2
94 261 1
469 584 5
326 216 5
52 735 5
902 57 4
639 116 5
115 605 1
142 659 4
13 793 2
563 72 2
485 258 5
5 653 3
29 666 1
475 616 3
630 121 5
205 12 3
889 239 4
371 296 5
795 728 2
499 70 1
215 252 2
599 72 1
701 122 2
450 146 5
379 243 3
128 253 5
500 533 2
616 728 3
551 346 1
723 436 5
659 207 3
120 653 1
152 559 4
679 743 4
450 225 3
506 547 1
331 494 3
415 834 2
406 686 1
518 708 2
280 372 5
505 401 2
323 198 4
48 581 1
592 531 4
811 738 5
301 493 2
308 847 3
231 213 4
100 306 2
119 745 1
504 659 4
677 623 1
312 588 4
247 649 4
76 203 5
44 833 4
898 833 3
723 183 2
340 470 4
529 549 4
800 265 3
856 484 5
391 508 4
353 889 5
721 850 5
537 147 1
143 827 4
152 502 5
410 222 4
255 538 1
781 312 3
331 90 5
90 28 3
43 270 2
40 904 1
453 557 2
307 829 3
428 828 1
413 536 1
232 503 4
397 676 1
405 190 2
486 268 4
7 261 3
313 186 2
163 168 1
771 369 2
876 258 5
526 856 2
536 126 2
303 603 5
257 260 1
897 763 3
295 430 3
514 182 2
794 656 2
232 80 2
167 883 1
315 729 4
524 318 3
574 261 5
43 597 4
329 306 2
522 126 4
745 853 2
156 465 4
705 620 2
510 606 5
664 388 3
763 710 1
416 767 1
362 562 3
534 557 2
472 203 1
888 169 5
407 371 4
232 502 1
444 156 4
663 124 3
670 155 5
551 754 4
623 646 2
80 300 2
843 143 2
435 491 5
268 174 1
885 31 4
709 178 3
478 876 4
545 449 2
897 892 2
580 58 1
758 781 3
436 895 5
335 363 2
543 899 4
614 448 3
104 378 3
223 5 4
395 368 5
516 392 5
149 688 3
645 783 2
215 363 1
403 614 3
789 839 2
256 328 1
748 306 2
496 744 5
62 360 4
207 742 1
447 519 3
328 236 3
191 227 1
629 798 2
417 698 1
538 316 3
762 869 2
476 515 1
855 517 2
770 676 5
399 46 1
24 530 4
658 573 5
550 371 4
145 69 1
10 547 5
555 259 2
144 804 1
519 480 3
120 298 1
899 591 3
350 166 1
545 442 2
777 346 3
620 515 1
625 886 4
198 336 3
385 500 3
585 562 3
856 295 2
98 75 2
731 22 3
502 149 5
36 774 2
647 579 5
51 619 5
267 330 2
878 229 5
150 521 4
900 92 3
411 13 1
377 635 3
890 512 4
347 789 3
538 540 2
322 616 4
181 646 1
894 865 5
86 387 5
904 347 3
293 617 4
844 15 2
598 542 4
296 700 3
102 448 2
174 887 5
179 190 3
327 118 3
156 427 1
15 194 4
38 628 3
144 15 3
856 341 2
591 304 1
255 87 3
459 433 3
662 664 3
727 812 4
331 836 2
397 50 5
92 379 5
587 672 5
608 383 3
456 587 4
879 1 2
141 15 5
205 257 5
222 311 4
418 92 3
223 112 5
279 732 4
115 627 2
833 228 5
773 576 2
488 700 5
181 597 2
469 123 5
127 432 2
716 694 1
385 828 2
82 353 4
597 894 4
139 126 2
540 594 5
397 672 3
275 111 2
843 342 4
712 784 3
864 550 4
735 502 3
219 463 2
777 670 2
839 650 2
624 135 5
346 622 2
439 319 5
442 635 4
652 542 2
626 73 2
445 282 5
305 57 3
43 494 5
65 649 1
157 555 1
779 239 1
513 657 4
277 580 5
10 756 4
472 3 1
862 185 5
210 363 1
244 573 1
357 235 1
594 521 2
312 751 4
283 152 3
28 463 2
830 610 5
766 482 5
409 599 3
385 527 1
517 595 4
384 295 1
223 361 4
533 383 5
271 38 5
629 442 1
765 360 1
241 464 2
581 715 1
840 449 1
739 111 3
44 458 4
319 116 5
641 512 5
318 592 1
451 298 3
434 295 1
530 551 2
0 528 3
198 194 4
770 656 2
477 419 5
871 88 1
81 455 5
901 327 1
324 605 1
372 51 3
60 763 3
28 325 1
774 503 4
205 149 5
591 69 2
234 496 2
435 864 5
360 595 1
355 391 1
390 501 2
315 338 2
581 137 2
718 460 3
417 288 2
540 87 4
405 531 1
665 320 2
816 247 4
353 765 1
161 654 3
882 725 1
291 895 2
50 524 3
858 81 1
369 200 1
776 275 5
172 446 1
268 633 5
681 571 3
340 228 3
28 299 3
111 655 5
73 654 4
483 475 5
855 761 5
722 508 1
243 769 4
87 341 3
398 473 5
892 27 1
592 872 4
286 704 4
875 181 2
8 760 1
455 335 5
81 268 3
426 192 3
684 589 2
550 568 4
769 777 5
775 392 3
654 87 4
300 567 3
451 140 4
303 533 4
360 651 5
137 752 4
751 836 2
667 899 2
459 536 3
223 620 3
863 445 4
675 408 4
772 73 2
396 641 3
141 785 3
643 800 3
412 175 5
61 328 4
492 441 1
235 336 5
830 52 4
415 745 4
884 486 3
201 536 3
617 92 1
60 677 5
393 470 3
689 904 2
851 380 5
783 894 2
91 846 5
247 404 4
167 795 4
129 727 2
371 447 3
108 24 1
450 438 4
722 726 1
794 109 1
790 117 5
620 20 4
228 861 1
314 848 5
100 905 2
533 870 3
473 451 2
57 609 4
622 62 2
25 35 5
29 387 4
397 332 4
386 472 1
94 504 3
155 597 3
259 545 5
502 636 4
377 127 5
36 180 1
263 582 3
139 905 5
710 157 5
202 623 3
121 565 3
612 119 2
271 559 4
161 658 4
501 406 4
407 116 4
460 209 1
622 484 4
183 671 5
476 83 2
300 392 5
642 464 2
476 635 2
217 57 2
430 120 1
683 798 2
842 592 4
880 780 2
222 707 4
859 10 4
559 337 5
208 739 4
905 719 3
863 643 1
895 266 3
282 20 3
853 338 3
659 37 2
712 447 5
503 206 3
701 245 4
503 311 4
427 470 1
667 76 1
32 522 2
515 545 1
562 380 5
45 7 1
117 849 3
401 892 1
578 83 1
304 516 5
887 266 3
166 681 3
284 237 2
156 16 3
206 293 2
73 302 4
426 664 5
584 115 1
654 324 3
288 384 3
215 813 1
75 558 1
18 140 2
788 25 3
582 848 2
78 544 2
168 394 2
412 718 4
740 388 2
534 21 3
306 385 2
728 570 2
475 176 5
810 654 3
296 391 2
247 20 5
271 296 5
137 131 3
454 64 4
757 854 2
435 654 3
395 887 3
443 859 3
156 710 1
3 719 3
716 194 1
738 757 5
899 618 4
711 197 3
247 168 3
319 651 2
105 351 2
481 480 5
23 160 3
261 505 2
95 817 3
107 765 4
208 319 1
787 249 2
94 662 4
490 814 1
881 79 2
718 697 5
377 308 2
271 186 4
364 531 1
376 571 4
146 627 2
828 401 5
95 113 5
135 56 5
885 616 5
509 759 1
223 384 1
698 510 5
758 337 4
718 357 5
102 635 3
610 194 5
770 25 4
670 556 1
658 435 2
455 775 1
606 59 2
132 487 3
734 842 5
274 160 2
895 598 5
898 115 4
780 236 4
522 646 5
43 845 1
89 541 1
825 833 5
330 321 3
679 810 2
452 47 5
277 611 4
776 343 5
405 64 2
893 337 4
121 671 4
205 85 2
35 593 4
893 7 3
419 423 1
630 293 4
182 426 2
62 182 3
187 38 4
229 769 5
875 732 2
702 879 5
462 286 4
371 875 5
696 344 2
270 881 5
755 614 1
463 397 5
580 236 4
339 64 5
203 65 1
799 205 3
813 734 2
284 266 3
729 887 1
149 219 2
257 585 1
799 877 4
820 305 4
831 187 2
518 344 3
459 325 3
75 356 5
91 86 5
523 147 4
870 400 2
240 579 4
451 352 5
571 121 1
601 790 4
129 547 3
898 851 4
386 219 3
289 737 1
801 2 4
260 298 4
147 382 1
777 333 4
705 6 1
317 775 3
251 501 3
596 762 2
194 558 5
689 506 1
357 463 4
66 580 5
835 425 4
135 681 5
264 814 5
522 146 2
779 893 1
286 57 5
252 49 4
717 169 1
565 495 2
533 550 1
443 325 5
791 91 4
614 110 1
700 181 5
300 166 5
598 274 1
435 713 3
206 278 3
404 500 3
148 168 3
257 40 5
440 302 3
285 342 5
888 760 3
6 98 4
524 809 1
512 555 2
633 868 2
321 248 5
123 71 3
105 53 1
156 347 1
514 656 5
481 388 5
374 789 3
378 851 2
726 686 4
398 505 2
253 799 5
254 845 4
347 688 1
206 413 3
839 57 4
773 404 1
258 328 4
269 882 4
317 713 1
0 538 4
637 227 1
529 412 2
267 450 5
772 521 2
513 652 1
880 164 4
870 860 4
2 389 1
530 812 3
187 397 5
448 419 3
531 550 2
604 30 4
825 238 1
221 248 3
846 866 1
715 440 1
93 864 4
778 863 4
173 91 1
410 654 1
59 865 4
718 639 2
383 15 1
837 683 5
225 804 5
747 529 2
588 199 3
610 280 4
313 722 1
333 203 2
724 102 4
201 710 5
743 210 3
868 329 4
448 382 5
744 475 2
379 79 4
180 27 1
334 275 3
287 171 2
117 313 2
321 369 2
744 405 3
863 813 2
439 647 4
640 880 2
384 271 3
210 246 1
881 679 4
45 214 4
344 893 4
870 752 2
706 517 3
496 87 2
324 644 2
214 37 3
823 357 5
895 32 2
663 610 5
773 776 5
750 354 3
324 512 3
251 165 3
855 718 2
315 738 4
456 5 5
371 308 4
273 711 5
524 842 1
627 863 1
120 792 2
819 742 4
226 477 1
797 478 3
726 234 3
367 263 4
289 756 1
432 358 1
615 128 1
339 57 4
900 882 4
642 241 4
787 575 4
237 838 5
825 155 1
317 496 2
138 254 1
317 364 1
451 306 5
128 648 3
59 77 1
264 845 4
330 251 4
480 307 3
50 535 4
311 463 5
836 138 2
147 633 3
429 695 2
645 110 3
575 894 3
291 617 4
883 328 2
806 403 4
508 506 1
202 281 5
265 805 3
300 872 3
289 879 2
85 564 4
29 363 5
209 629 5
599 53 3
281 449 1
2 155 2
829 63 1
213 877 5
771 765 5
715 815 3
198 177 3
684 136 3
339 655 4
197 51 3
321 60 2
72 303 3
771 193 1
25 48 2
202 884 2
659 269 5
313 56 3
20 152 3
54 70 1
828 623 3
365 353 5
543 157 1
308 219 4
699 546 2
80 756 5
118 775 4
636 781 1
593 372 3
10 192 4
435 571 3
543 487 3
602 687 4
234 531 4
34 486 5
568 595 3
721 468 5
378 855 2
273 76 1
546 277 4
517 488 3
694 746 4
291 402 1
379 196 5
696 379 3
471 862 1
403 785 1
587 710 1
687 460 5
751 843 3
140 691 5
19 712 1
462 239 4
494 106 3
400 675 4
415 678 4
593 707 5
69 675 5
271 687 4
217 706 3
354 577 5
302 783 1
178 125 3
151 716 4
211 603 5
207 719 2
304 313 2
595 189 5
584 703 1
864 173 4
765 667 1
615 249 3
452 691 2
784 667 5
777 467 3
284 749 2
579 193 3
371 256 1
418 758 2
506 481 4
96 378 1
576 824 4
163 317 5
818 89 2
299 186 4
4 571 3
673 80 4
49 162 2
559 514 2
294 40 2
288 721 2
703 228 3
331 675 5
124 119 1
859 94 1
120 261 5
407 224 3
896 241 1
894 805 4
160 13 4
613 510 2
417 894 4
864 425 1
172 538 2
901 399 4
210 502 5
677 248 4
444 565 5
506 468 4
798 297 1
397 516 2
767 260 2
268 83 5
894 810 4
745 82 4
398 177 5
499 105 3
197 0 5
458 808 2
498 61 4
814 175 5
57 477 4
110 728 1
532 221 5
492 841 3
424 601 5
19 852 3
258 692 4
177 155 5
447 702 1
394 471 3
613 682 3
213 625 5
572 902 5
701 685 2
286 471 3
486 584 1
423 538 5
506 265 4
414 556 1
843 896 4
722 856 3
397 248 2
357 502 1
523 288 1
290 117 4
121 716 4
537 284 4
19 620 5
591 857 1
660 175 3
880 397 1
611 67 5
610 397 5
107 343 3
858 424 5
243 777 3
109 761 2
330 511 4
331 142 2
141 440 3
783 346 3
490 870 4
847 381 1
671 494 4
6 62 5
292 694 1
256 327 5
516 331 3
678 34 1
192 91 1
195 580 5
160 349 2
364 127 1
857 258 1
266 77 3
614 325 5
595 294 2
577 487 4
327 696 5
663 474 5
262 839 4
645 144 4
430 463 4
680 701 1
471 831 2
879 325 4
365 185 1
7 503 4
316 409 1
848 286 5
98 819 2
765 729 3
794 811 1
535 91 2
659 150 2
634 707 2
11 217 1
239 174 1
616 115 2
459 698 2
385 435 2
291 294 2
897 533 5
520 854 4
867 819 2
277 121 2
883 776 1
892 187 5
660 278 2
776 30 5
381 896 5
137 673 5
191 283 4
116 646 2
628 573 5
236 630 1
259 691 2
857 382 1
772 317 2
656 323 3
303 201 3
521 766 3
657 579 2
728 160 4
698 704 5
863 730 1
434 779 1
586 477 3
168 395 1
669 504 5
111 230 4
262 11 4
53 852 4
222 808 3
888 433 4
300 452 3
243 858 5
460 689 5
612 234 4
229 305 4
609 776 2
179 361 1
561 533 1
220 175 1
20 33 3
413 492 3
862 499 3
521 310 2
616 82 3
671 850 1
617 510 4
296 345 4
740 860 3
615 820 3
586 804 4
666 371 1
546 402 3
69 582 2
248 643 5
811 536 5
43 436 3
550 756 1
95 364 2
612 88 3
612 775 3
282 181 1
600 168 4
209 190 4
313 357 3
593 692 3
584 670 3
429 114 5
471 889 4
230 896 3
789 786 2
499 279 4
475 391 1
167 194 1
406 680 3
680 614 3
269 401 4
291 663 5
80 422 5
855 214 2
105 120 3
393 678 4
720 512 4
176 531 3
603 384 1
402 19 1
702 855 4
354 637 5
176 883 2
68 405 4
187 291 3
506 272 3
765 886 4
434 738 4
81 760 1
691 81 1
105 651 3
314 790 4
105 552 2
167 364 1
323 790 2
507 622 2
870 327 5
80 568 2
554 458 1
898 590 3
829 163 4
496 434 4
763 562 5
245 397 5
807 265 2
466 902 5
134 276 5
586 13 1
129 772 4
780 337 2
15 337 5
595 566 4
391 869 3
468 269 1
677 584 4
893 408 2
618 801 1
407 619 3
887 113 5
660 139 3
36 350 3
425 618 4
613 456 5
642 637 5
291 89 2
247 693 3
518 901 2
548 218 2
171 224 5
79 87 2
739 794 3
658 739 5
193 647 5
287 510 4
373 201 4
255 104 3
577 555 4
368 15 4
64 680 4
642 143 2
328 234 4
604 208 3
192 403 1
571 270 5
214 697 2
659 501 1
193 352 2
787 685 2
522 138 1
710 611 1
149 685 2
857 352 4
837 463 1
751 323 4
875 502 1
904 582 4
501 397 5
274 555 3
349 268 5
677 791 2
846 25 1
139 816 2
322 115 1
324 488 1
785 729 5
491 288 4
588 413 4
45 864 4
104 413 2
863 460 1
84 773 3
727 260 5
566 222 5
425 558 1
438 377 1
24 236 4
192 383 3
603 205 4
213 348 5
635 61 1
229 663 1
442 503 1
132 839 4
401 317 5
68 29 4
725 440 2
644 842 2
349 105 1
591 577 1
578 613 4
379 904 1
31 847 4
366 184 1
426 285 1
852 196 5
354 296 3
364 214 5
714 417 4
282 258 2
794 576 1
97 747 4
470 194 2
27 563 1
770 208 5
461 610 2
700 379 3
281 359 1
393 828 5
881 722 3
553 294 4
47 205 5
738 363 3
726 772 3
777 494 1
91 298 5
654 401 5
734 777 4
323 849 3
425 893 3
326 670 4
42 482 5
592 140 4
29 275 1
97 402 3
357 40 3
634 737 2
250 732 5
568 418 5
903 792 4
740 375 5
332 791 1
617 860 2
0 766 4
453 13 1
461 189 3
412 388 1
478 760 1
34 310 5
901 386 1
866 862 5
655 39 2
416 184 2
517 344 5
144 618 2
727 144 3
82 450 5
75 315 2
540 525 2
698 588 2
819 148 1
537 308 1
315 297 5
684 96 4
503 554 5
85 18 2
143 654 1
663 730 2
841 160 1
803 583 2
539 279 5
241 837 1
495 438 2
750 352 3
564 847 1
265 581 4
68 473 5
207 161 3
796 440 3
708 624 3
109 263 1
697 502 3
245 34 5
902 844 5
808 895 2
601 468 2
212 860 4
887 765 5
686 292 3
35 774 1
339 705 4
494 859 4
223 237 1
706 729 3
360 546 3
334 753 3
438 139 5
334 39 5
76 555 3
113 310 1
289 760 4
428 325 3
742 881 4
52 548 5
659 512 3
200 729 1
113 555 4
840 321 4
214 491 4
57 92 2
166 773 4
667 226 1
798 339 4
516 866 1
787 671 2
859 697 1
176 161 2
235 878 4
638 170 3
722 153 5
158 807 5
829 562 1
575 905 1
257 309 5
391 492 1
695 338 4
18 691 2
206 702 2
275 644 5
117 564 2
557 505 2
393 717 2
793 717 1
746 648 2
23 717 4
536 48 1
734 711 2
237 432 2
671 633 4
658 770 5
258 520 2
622 127 5
857 759 3
701 710 2
202 137 1
517 245 1
159 454 3
583 793 5
511 254 2
200 315 5
642 757 2
679 442 1
820 29 5
668 828 2
485 601 4
260 347 5
605 901 3
535 261 1
586 214 3
861 105 2
125 408 2
524 219 1
177 513 2
123 372 5
109 241 5
65 130 1
809 560 1
285 597 4
432 890 3
102 803 3
585 331 2
502 194 5
196 184 2
100 208 4
372 145 1
752 397 5
185 336 3
24 723 4
136 537 2
814 490 3
611 648 4
83 229 2
655 344 3
74 208 1
281 500 2
457 468 3
735 247 2
395 905 4
583 272 1
555 25 2
711 698 3
644 73 4
51 688 1
162 520 3
504 814 1
517 466 5
787 810 3
153 163 3
221 480 1
849 342 4
641 894 3
23 253 2
74 514 2
657 714 5
650 50 3
63 297 4
896 25 2
851 476 1
893 282 1
556 417 4
9 245 1
156 734 2
504 740 3
790 837 2
250 335 3
881 460 2
782 373 2
548 802 1
105 451 2
595 310 4
244 529 2
466 93 2
226 474 2
120 668 3
569 133 3
846 105 4
403 549 3
343 85 4
83 518 5
249 484 2
419 88 3
567 842 2
704 252 1
713 390 4
207 421 2
129 143 2
243 319 5
460 484 2
712 343 4
809 586 2
205 44 1
492 871 3
728 866 2
497 218 3
659 290 5
198 95 2
718 860 1
473 595 1
129 538 5
527 274 2
26 182 2
888 63 2
219 521 4
450 27 4
262 110 5
810 800 3
711 847 3
589 276 3
451 181 1
225 655 5
11 138 1
394 555 5
284 480 5
704 827 4
543 534 1
269 504 4
20 394 4
201 48 4
626 170 2
398 726 3
100 766 3
606 835 5
628 496 5
781 372 4
629 169 2
740 121 2
452 195 4
71 59 1
171 536 1
734 346 3
655 797 5
854 403 2
473 155 3
51 219 5
484 881 1
359 204 2
532 452 1
75 49 3
432 805 4
227 319 3
396 799 1
105 862 5
585 53 4
627 120 1
681 44 5
751 721 4
337 98 1
721 166 5
21 770 4
371 482 4
211 272 4
130 485 5
427 825 3
678 312 3
81 758 2
321 273 1
428 465 4
336 427 4
89 883 4
694 669 1
559 842 1
632 271 5
579 88 4
362 707 3
201 461 3
774 74 3
863 790 2
108 168 5
539 17 2
881 136 3
429 620 1
543 149 1
135 549 5
139 365 4
127 688 3
899 628 2
490 16 2
87 372 4
459 767 5
231 65 3
471 115 5
334 216 5
262 392 4
362 273 3
65 42 4
481 85 1
443 868 3
208 357 4
824 875 5
435 118 5
751 788 3
612 477 5
229 571 2
303 756 5
568 537 4
459 302 3
460 678 3
450 321 3
136 448 3
693 157 4
804 779 2
69 662 3
596 527 5
449 898 5
680 249 3
397 118 2
390 174 4
232 796 1
792 10 4
167 394 2
805 586 5
279 140 3
386 636 2
746 710 2
563 336 1
519 81 4
669 670 3
195 354 1
807 179 5
386 313 3
146 142 5
618 45 3
656 360 4
726 674 2
547 560 4
328 338 3
571 88 5
178 221 2
615 818 5
362 70 2
252 483 1
643 114 2
434 700 2
17 31 2
368 797 1
494 348 2
415 125 5
687 434 3
8 516 2
798 444 4
856 818 4
246 564 5
119 242 3
498 706 3
896 78 1
670 509 1
194 569 5
284 123 3
484 886 4
604 220 3
837 276 4
215 333 1
126 300 5
627 303 1
288 528 4
707 715 2
156 69 3
578 509 5
870 510 4
390 169 1
867 429 3
405 264 1
163 534 2
385 619 3
230 512 3
175 530 5
570 670 4
137 431 1
57 850 5
548 40 1
495 186 4
857 295 5
899 267 4
711 865 4
778 347 2
592 776 2
281 43 5
56 552 4
29 259 1
158 355 2
854 691 5
174 439 1
166 732 5
536 732 5
800 524 2
35 100 4
825 789 3
112 811 3
283 864 4
757 737 2
67 625 4
25 873 1
859 92 2
413 862 5
476 79 1
230 81 1
81 228 2
318 485 1
171 348 3
28 550 4
130 804 1
256 544 2
397 394 5
157 808 1
376 88 1
896 649 3
121 729 5
696 509 5
346 286 2
496 644 4
397 178 1
168 100 3
407 806 5
702 204 4
151 23 1
745 231 1
286 446 1
437 90 2
98 395 5
212 562 4
826 869 1
140 39 2
419 267 5
415 794 3
12 486 5
408 158 2
790 266 1
288 460 5
111 827 1
670 575 3
365 358 4
876 438 5
441 748 1
630 25 2
290 251 2
894 304 1
439 861 4
249 335 5
674 786 3
828 466 3
469 511 4
246 435 2
521 571 3
161 622 3
135 530 4
276 783 4
474 14 1
822 555 5
899 842 5
777 489 4
463 316 1
419 91 4
716 413 1
884 162 4
831 600 3
892 33 5
78 727 3
883 188 4
749 342 3
623 297 2
403 169 5
408 897 5
695 163 3
423 0 1
10 461 2
530 317 1
802 865 3
587 16 5
569 581 2
797 603 2
681 659 4
755 422 1
166 713 4
292 751 3
137 716 2
750 628 4
722 510 2
208 311 2
874 666 5
678 108 4
420 87 3
288 369 5
292 23 4
75 153 2
586 689 3
560 60 1
457 20 1
687 189 5
766 295 5
154 446 4
787 872 2
517 131 1
245 854 3
699 889 5
830 905 4
242 410 5
637 735 3
595 388 3
624 454 2
829 890 4
798 161 2
384 835 2
904 379 2
71 242 2
6 905 3
856 659 1
691 495 5
691 102 5
454 736 5
684 162 1
491 733 5
378 143 4
829 561 5
903 464 2
336 90 5
546 779 4
197 94 2
595 329 2
856 815 4
848 114 1
230 179 3
135 876 4
675 298 4
794 287 1
785 468 5
530 678 4
672 603 3
635 594 1
766 487 1
730 501 4
848 793 2
319 494 2
718 412 1
570 677 4
420 113 5
141 92 3
297 25 5
389 552 5
236 381 1
146 286 5
320 94 4
348 449 1
252 276 3
435 359 5
160 56 5
489 659 3
561 314 5
125 903 3
827 403 5
376 304 1
22 17 1
673 416 3
619 840 2
19 821 3
270 660 4
12 669 1
121 600 4
654 276 1
64 112 5
497 436 4
801 614 2
672 461 2
41 668 2
80 498 5
538 148 5
120 740 5
812 781 5
318 784 1
507 322 2
440 46 5
47 830 2
858 699 1
320 665 4
342 777 1
220 869 1
808 220 4
1 515 4
792 93 1
475 805 5
328 148 5
68 592 4
871 318 3
177 402 2
2 269 2
551 894 3
402 594 2
687 833 2
724 122 4
738 48 2
496 195 3
240 820 5
209 181 1
878 643 2
840 832 2
132 115 1
564 853 5
736 549 1
439 38 4
85 668 2
302 838 2
637 250 3
497 89 3
905 78 3
838 213 5
704 46 2
867 806 3
578 693 4
847 122 2
408 339 5
791 645 5
835 869 4
400 395 2
42 852 3
518 369 5
125 483 5
271 787 2
581 555 5
593 820 3
807 743 4
430 153 5
730 613 5
798 741 3
619 273 4
122 784 4
11 368 5
131 712 1
543 717 3
12 858 1
873 187 1
384 625 1
205 670 4
683 765 1
161 782 2
390 525 3
414 721 4
524 462 5
441 471 2
404 412 1
48 875 3
461 681 4
141 302 4
805 899 3
601 70 2
740 286 4
597 324 3
847 300 4
864 341 5
310 549 2
409 203 3
233 763 2
190 884 4
136 742 5
222 899 4
693 249 2
901 140 2
420 415 4
437 44 5
460 149 4
173 782 4
575 358 2
335 678 1
312 739 3
26 275 3
541 306 5
570 99 1
158 172 2
51 681 2
634 586 1
346 866 2
418 788 4
889 478 3
119 356 1
674 417 2
377 606 3
401 682 3
191 77 1
732 720 1
15 272 5
526 523 2
176 206 3
550 784 2
833 277 1
873 394 3
635 792 4
319 181 2
453 754 5
478 176 5
881 226 3
688 289 3
688 526 2
448 593 1
116 749 5
661 133 5
832 542 3
573 519 4
539 177 5
114 95 1
113 236 1
686 575 3
298 813 2
506 546 4
283 342 1
253 310 2
850 849 1
453 609 1
804 397 1
53 900 3
706 883 3
726 843 1
493 887 2
292 359 4
159 863 4
153 35 1
453 200 5
92 669 1
802 799 5
312 549 5
499 147 5
287 874 1
811 270 3
233 589 1
487 288 1
891 187 4
272 222 4
516 539 1
29 37 4
734 897 4
655 686 4
484 283 1
187 132 1
527 811 1
675 209 3
114 789 2
277 785 1
425 107 3
18 761 4
596 164 2
114 93 4
16 245 4
205 492 3
461 417 1
769 573 1
283 42 1
411 460 5
294 116 2
123 649 1
600 237 4
98 717 4
726 361 3
314 195 5
109 83 5
221 165 2
217 332 3
711 804 4
321 286 5
567 389 2
686 796 4
520 345 1
790 179 4
625 268 3
43 330 3
28 53 3
105 111 5
859 416 4
240 259 3
236 540 5
81 671 2
219 52 4
490 539 3
194 721 1
801 370 2
44 234 3
515 116 5
66 4 5
360 876 3
359 786 5
896 259 1
111 5 4
489 688 1
822 215 1
79 618 2
273 401 5
411 57 3
379 303 1
537 644 3
527 179 2
155 825 3
452 40 5
883 442 2
10 718 3
442 735 2
77 325 5
319 64 1
513 263 2
262 713 4
207 228 2
798 536 5
206 240 1
647 446 1
505 516 1
86 403 5
493 572 1
198 724 5
529 758 1
715 126 2
691 475 5
373 719 5
548 611 1
155 860 2
375 637 2
856 900 1
344 420 4
601 795 2
750 100 1
431 108 3
237 309 2
416 272 5
507 68 4
716 317 1
20 249 2
310 116 2
146 853 4
598 489 4
237 451 3
132 704 4
620 472 3
836 300 2
257 126 3
257 402 2
733 819 3
421 2 3
117 432 5
689 319 1
221 278 4
827 216 5
62 231 1
811 840 1
543 704 2
208 857 1
557 755 1
96 619 1
610 846 5
816 640 3
653 893 1
108 328 2
438 648 2
26 599 4
894 872 1
562 340 3
562 324 3
740 207 2
0 413 4
523 812 5
847 311 1
50 165 1
238 197 3
197 531 1
470 308 4
305 510 1
377 468 4
118 9 4
595 498 2
677 106 2
243 806 1
165 398 5
666 275 1
142 251 1
264 663 4
520 614 5
98 117 2
272 455 1
560 346 4
75 2 4
283 614 1
707 148 5
564 639 2
58 749 5
687 696 3
696 817 5
840 335 4
310 755 3
65 801 4
262 92 4
369 665 5
333 170 5
800 109 2
8 773 3
471 716 2
162 545 1
39 292 2
18 700 3
772 622 4
95 680 5
164 449 5
197 673 3
366 452 4
378 769 1
377 737 5
265 289 4
25 12 1
622 8 1
35 117 1
136 57 4
94 36 4
786 765 3
405 465 4
595 870 1
534 139 2
194 326 1
533 623 1
501 52 5
819 307 4
617 730 5
466 840 2
736 359 4
245 321 2
495 335 2
101 183 5
162 474 4
256 66 5
334 64 3
164 448 4
646 12 1
3 28 5
516 484 4
288 648 3
110 106 4
292 843 1
681 80 4
48 398 1
495 104 5
568 296 5
872 313 3
494 628 2
334 550 4
424 529 2
576 255 1
666 758 5
585 411 3
68 849 1
760 126 3
879 375 1
638 818 5
859 427 2
644 300 3
641 650 5
485 567 2
686 862 3
394 832 2
840 71 3
461 100 3
454 612 2
512 593 2
610 325 3
637 279 5
788 774 4
206 780 2
873 252 5
897 25 3
251 487 4
151 419 4
197 281 3
390 518 2
407 869 5
570 150 3
496 454 2
199 174 3
363 731 4
360 712 1
140 791 3
316 464 3
166 180 1
180 732 1
270 265 4
204 7 4
207 398 3
776 319 5
220 711 1
691 60 5
437 775 2
398 350 3
281 194 5
837 118 2
98 437 4
23 90 2
836 136 3
411 397 3
235 504 1
167 604 1
757 502 2
800 182 3
35 403 3
22 636 3
373 645 3
523 538 3
808 723 3
713 238 2
148 794 4
746 380 2
549 297 2
554 700 1
814 591 5
1 538 3
635 506 3
613 0 1
270 432 5
206 191 4
312 64 3
483 38 5
424 815 4
798 363 1
262 204 3
762 810 2
414 176 5
227 736 5
235 41 3
99 546 5
672 821 5
220 750 2
235 322 1
848 501 5
46 539 5
676 324 5
138 366 3
200 784 3
30 24 1
396 589 3
366 276 4
649 811 4
520 715 1
656 532 2
361 298 3
79 73 2
735 39 1
520 206 3
663 777 1
198 582 1
767 695 1
176 137 3
212 253 4
752 899 5
280 161 3
268 828 3
425 554 1
460 176 3
848 802 5
269 482 1
830 175 2
133 58 2
54 657 2
536 55 2
564 456 2
435 85 3
239 86 5
748 57 5
647 476 5
292 723 1
118 412 2
108 435 5
684 431 1
76 226 5
690 408 4
669 493 1
265 815 3
860 600 4
879 184 2
704 492 4
476 893 2
263 826 3
176 650 3
836 844 4
497 893 4
457 228 3
130 680 4
204 286 1
734 532 4
16 528 2
565 188 4
905 239 1
301 211 1
144 271 3
850 162 1
71 660 4
796 462 3
859 370 5
501 165 5
485 518 5
502 546 1
635 88 4
9 427 2
883 35 5
256 190 3
887 568 5
508 569 5
309 281 5
516 746 2
734 389 4
550 252 4
552 137 4
669 420 2
173 423 1
426 91 4
44 360 3
732 380 3
569 295 4
636 575 5
567 877 5
105 639 1
330 687 1
770 584 4
412 203 5
776 447 2
547 210 2
587 570 2
152 537 3
164 143 1
8 892 2
349 769 3
848 534 5
763 454 1
851 574 1
281 276 3
818 789 2
692 211 3
343 167 4
475 645 1
625 69 2
152 101 2
813 313 5
515 371 4
597 450 3
297 312 2
579 179 3
814 437 4
162 687 2
647 110 5
349 397 4
404 826 1
572 659 4
43 361 1
631 418 1
630 794 3
600 841 5
132 483 4
609 713 5
242 298 4
583 634 3
278 120 4
696 539 3
905 519 2
65 723 4
550 42 5
818 444 4
510 692 4
495 374 1
202 773 1
611 149 4
37 245 5
596 865 2
258 96 5
885 413 5
298 616 1
707 274 3
427 570 2
866 245 5
213 483 1
462 97 2
829 660 2
562 253 5
151 524 5
848 174 3
893 2 1
3 466 4
413 532 2
67 674 1
101 122 2
352 12 2
181 664 5
227 575 4
298 649 3
68 240 1
489 523 1
826 467 1
873 361 1
50 188 4
260 115 1
351 490 4
70 92 1
801 63 3
651 429 3
838 808 3
666 664 2
106 848 5
421 392 2
217 48 5
885 263 3
747 321 4
833 21 3
350 78 5
752 485 2
305 894 1
117 902 4
794 901 2
361 445 5
488 328 2
511 172 2
567 227 2
97 177 1
155 247 2
558 872 4
233 687 1
491 370 1
453 882 3
250 645 4
352 691 5
22 720 4
363 174 4
758 662 5
651 380 3
322 639 3
862 628 1
828 730 5
746 372 3
191 151 2
219 78 2
188 571 2
563 186 5
718 277 4
650 812 4
590 644 3
100 416 5
728 621 5
674 831 3
265 195 4
775 31 3
55 640 4
72 395 4
551 34 4
516 27 3
699 50 2
379 879 2
525 318 2
558 770 4
144 188 1
810 336 1
186 675 1
767 107 3
664 429 2
664 775 2
673 554 5
494 139 5
712 199 1
786 877 3
855 305 1
312 47 3
892 879 3
356 432 1
610 15 4
585 720 4
653 93 2
546 743 5
551 93 3
637 36 3
195 705 1
529 894 5
473 606 3
222 138 3
121 55 2
748 725 1
222 410 1
858 47 4
836 807 2
70 897 5
139 214 2
869 437 2
38 526 1
338 409 4
683 430 4
139 469 3
463 686 1
677 274 4
197 794 2
283 449 3
328 755 4
388 706 3
27 324 1
825 21 1
69 676 2
879 749 4
795 526 1
146 438 2
445 510 4
651 299 2
737 576 1
614 508 4
777 560 1
77 290 5
787 126 3
606 364 5
848 617 5
469 226 2
388 49 4
723 440 2
321 499 3
712 617 5
864 903 3
320 628 2
731 441 2
497 245 2
158 885 4
239 733 2
145 123 3
226 662 5
262 809 3
16 385 5
554 561 2
144 302 2
851 501 5
490 404 2
477 50 5
491 660 4
277 766 5
299 657 5
687 157 3
820 751 5
15 761 3
387 683 2
765 149 2
444 265 5
785 153 1
845 869 4
679 198 1
367 411 5
581 745 2
773 682 4
29 680 5
431 176 2
63 292 1
549 216 5
714 517 1
110 501 3
704 62 5
876 828 3
769 260 3
830 904 1
424 647 2
175 764 5
528 317 4
393 333 1
17 687 1
353 883 4
231 233 3
250 858 3
700 715 2
867 37 2
503 28 1
129 794 5
791 845 4
137 806 3
714 806 2
195 65 2
345 206 1
706 12 4
26 636 2
795 576 3
470 823 1
570 463 5
774 596 5
754 37 2
402 560 5
28 897 4
804 310 3
730 446 3
794 21 3
500 755 1
799 896 5
645 443 1
134 587 2
873 189 2
178 527 5
587 508 4
366 604 2
697 284 1
362 524 5
702 118 1
744 482 4
92 436 2
548 635 4
388 84 3
674 708 1
669 461 4
241 47 3
409 241 4
765 596 1
201 531 5
90 276 2
675 819 4
776 469 5
146 678 1
449 485 2
129 450 4
687 164 1
11 267 5
355 214 5
905 134 5
729 803 1
367 867 4
62 338 3
745 209 3
700 419 2
868 694 4
347 518 5
891 836 5
597 646 1
84 491 4
348 673 5
316 491 1
844 294 3
404 594 4
869 384 1
454 321 1
394 82 4
499 397 4
899 163 5
359 638 5
409 685 2
680 630 1
905 854 2
319 8 4
869 564 2
305 334 1
330 730 3
427 162 1
435 678 2
372 221 1
761 401 2
790 313 4
719 845 5
524 903 3
444 672 2
176 818 4
8 689 5
477 386 4
548 28 5
638 55 5
293 782 1
168 579 3
320 875 2
572 501 4
555 263 2
168 192 2
674 281 2
398 354 1
436 178 5
676 874 2
689 591 3
652 288 5
121 276 2
876 334 5
868 317 1
545 756 3
260 877 2
411 398 2
592 178 4
298 456 4
343 210 2
188 421 4
508 307 3
279 730 4
379 309 5
217 294 1
320 701 3
90 286 5
183 696 1
40 385 1
31 196 3
546 495 4
450 758 3
311 156 4
130 226 5
23 276 5
758 20 3
143 752 2
827 558 3
455 99 4
126 659 5
734 724 4
60 544 3
177 653 1
873 256 3
862 103 3
369 19 1
352 720 5
168 548 5
423 46 5
31 175 2
181 320 5
721 400 4
98 259 3
693 890 5
54 64 2
52 738 3
708 799 3
245 870 2
715 92 5
607 378 1
609 131 3
171 503 2
753 95 4
72 307 1
489 496 4
761 474 2
615 147 3
475 795 1
688 348 3
439 206 4
53 807 4
221 702 4
60 154 1
569 541 1
234 369 2
722 305 5
601 871 2
841 698 5
854 441 4
191 240 5
158 759 2
170 613 4
421 25 2
109 279 3
592 166 3
650 571 3
469 876 4
755 502 2
670 639 3
386 122 5
35 99 3
193 790 2
526 50 2
748 428 2
180 605 1
792 200 1
387 578 3
187 362 3
525 894 2
118 885 3
577 39 2
500 752 3
239 542 4
681 82 3
14 665 3
478 529 1
530 454 2
302 231 2
86 891 5
167 288 5
348 863 5
461 205 5
881 727 1
588 9 2
580 411 3
381 326 2
205 126 3
690 144 3
456 777 1
731 303 1
105 147 2
320 727 3
468 657 4
219 37 3
95 388 3
276 206 1
682 66 1
277 270 5
839 659 2
398 689 4
718 711 1
501 121 3
709 158 5
251 799 1
819 221 4
786 494 1
813 610 4
352 340 1
100 532 5
901 208 1
28 226 4
559 42 4
597 633 3
448 247 4
843 259 5
798 311 4
518 309 3
293 447 1
322 370 3
616 818 2
110 458 3
776 823 3
229 532 1
424 343 1
847 628 3
741 356 3
350 850 4
296 643 4
388 830 3
439 260 3
266 174 5
160 193 2
900 654 4
110 74 2
840 323 5
246 827 4
601 779 1
87 112 1
774 136 4
317 500 1
623 58 4
894 583 3
87 533 5
223 855 4
596 493 5
197 446 2
424 11 5
778 391 3
600 773 4
230 655 5
559 44 3
197 887 1
872 417 5
390 740 1
690 770 5
92 298 3
898 551 3
461 900 4
697 488 1
389 446 4
829 688 3
161 683 3
543 192 5
570 320 4
858 878 3
800 878 4
732 802 3
612 17 2
902 663 1
476 112 5
59 724 3
786 339 3
615 741 1
900 252 5
679 307 5
491 696 2
257 871 4
158 140 5
902 573 1
692 764 1
882 584 4
544 321 3
558 537 5
873 719 5
900 312 1
482 484 4
566 16 2
486 608 3
158 823 1
590 96 2
321 123 4
587 831 1
685 814 4
65 482 4
460 429 2
28 392 5
830 831 2
326 654 1
130 667 1
60 373 3
188 26 1
262 749 3
687 749 5
448 87 4
608 1 3
280 289 4
742 160 5
464 685 2
748 545 4
141 142 1
151 307 5
778 26 5
110 664 2
412 5 1
866 6 1
244 842 1
361 478 5
856 491 5
118 217 2
422 94 3
353 220 5
566 501 1
523 384 3
685 775 1
613 475 3
422 58 3
208 184 3
20 879 4
601 472 1
110 674 4
367 674 4
674 114 1
35 114 1
252 406 4
48 807 2
819 686 4
401 167 1
835 899 2
213 110 3
520 686 2
12 154 2
686 900 5
265 521 5
331 26 3
694 381 3
748 813 4
894 691 4
839 481 3
102 561 4
59 94 2
189 615 5
176 467 5
878 210 2
767 547 5
586 778 1
365 823 1
733 742 5
387 474 4
245 342 3
467 215 1
892 485 4
51 620 5
243 4 3
367 655 4
827 23 2
478 619 1
7 782 5
796 699 2
642 692 3
332 757 2
619 298 4
251 492 2
115 361 3
231 19 4
468 548 2
500 271 4
660 229 3
571 518 2
767 607 3
572 314 2
155 141 5
205 103 3
222 226 3
384 64 3
541 493 4
697 388 2
216 144 2
226 61 1
733 762 3
800 760 3
583 827 4
242 302 2
573 80 1
813 219 1
472 161 3
747 253 3
398 139 1
146 898 5
280 671 5
63 633 4
876 797 3
197 54 2
559 130 4
73 868 3
169 272 5
175 431 4
553 703 1
864 364 5
560 389 1
453 818 3
875 41 3
550 454 3
708 13 5
217 2 2
865 876 4
214 603 5
140 713 4
623 12 3
319 334 4
826 72 2
30 523 5
520 558 3
320 559 2
744 880 1
806 214 4
95 560 4
570 446 4
429 511 1
522 527 4
277 112 5
248 154 1
520 859 5
370 182 2
202 89 4
688 800 5
166 343 2
594 801 3
897 418 5
630 54 4
126 181 5
703 363 4
140 613 5
626 860 5
765 181 3
246 898 5
607 769 2
370 126 2
860 394 3
179 135 3
618 816 4
819 251 5
64 887 4
616 896 2
53 727 4
742 155 1
373 459 5
830 152 4
331 323 4
321 768 5
445 822 5
158 657 4
120 278 3
286 9 1
484 674 3
522 699 3
837 213 3
387 736 3
419 274 1
254 435 1
585 801 1
21 502 5
709 759 4
179 302 5
532 218 2
164 822 5
516 498 2
598 604 4
680 737 2
60 455 2
497 253 5
884 657 1
135 694 4
404 887 3
697 903 2
183 436 3
564 593 1
814 168 4
419 329 1
424 85 3
896 584 1
881 321 4
260 426 2
770 23 5
755 836 2
102 504 2
158 215 5
851 634 4
109 675 4
377 291 1
726 96 2
24 492 5
729 869 5
315 418 3
2 77 4
823 745 4
278 639 5
547 87 4
25 496 1
728 302 4
613 507 2
552 113 5
849 496 2
356 101 2
13 905 2
186 473 4
718 33 1
444 686 2
1 585 2
844 753 3
258 805 5
770 821 3
150 795 1
490 413 1
240 457 5
98 425 3
760 212 2
260 212 1
188 88 2
244 820 4
560 621 4
781 62 5
16 483 1
429 363 2
785 169 3
858 84 3
768 9 4
660 632 3
660 582 5
459 681 1
525 377 4
91 451 1
79 862 1
388 882 5
222 19 5
824 370 4
281 610 5
121 359 4
877 143 1
74 351 3
129 1 1
381 413 1
848 743 4
312 351 2
98 331 3
750 164 4
746 577 4
763 59 5
511 805 5
261 753 1
604 579 4
815 275 1
581 669 1
251 781 1
720 340 5
387 880 3
840 146 2
110 356 1
575 789 2
782 585 3
890 746 2
525 196 2
3 355 2
905 483 5
184 485 5
574 69 1
819 712 4
577 366 4
680 817 5
716 394 5
713 819 2
731 278 2
164 899 3
768 317 5
123 890 3
765 76 3
683 263 3
264 892 5
642 249 3
12 625 2
680 705 1
479 306 3
855 755 5
522 890 5
781 7 3
361 390 2
217 437 5
818 151 2
551 472 5
806 256 4
352 683 2
26 21 2
333 566 5
349 741 3
208 145 5
781 722 5
411 635 3
146 134 4
246 222 5
288 636 4
262 783 4
783 214 3
293 655 2
263 515 3
130 780 3
682 323 5
150 615 3
504 401 5
399 140 2
780 80 1
234 752 4
885 369 2
77 298 5
660 192 5
171 267 3
48 823 5
153 199 5
293 72 4
391 179 4
833 434 1
84 45 5
800 654 2
737 571 5
855 686 2
633 85 3
407 560 3
661 149 2
782 671 2
161 218 4
427 838 4
84 786 1
731 560 3
364 176 2
314 529 4
503 778 4
136 713 1
500 322 4
366 16 3
489 471 4
623 866 4
739 897 5
845 61 2
135 740 2
184 43 1
588 806 3
341 544 5
382 391 2
133 867 3
402 101 3
621 487 3
593 487 2
634 270 1
146 304 4
221 831 2
739 327 4
897 762 1
580 1 5
389 767 2
426 430 3
509 108 3
862 302 5
574 354 2
510 861 5
397 572 2
131 743 4
671 140 3
11 238 3
424 447 1
335 729 1
270 739 2
484 410 1
311 590 5
61 64 3
280 903 5
675 422 4
403 89 5
784 681 4
248 18 2
556 347 5
714 621 2
459 150 5
139 158 4
758 540 2
519 658 5
306 585 1
388 22 3
477 769 1
753 31 4
51 632 5
161 201 4
502 255 2
602 478 5
186 324 2
391 901 4
370 187 3
374 506 5
356 220 4
436 71 3
640 671 2
441 242 3
26 478 1
448 348 5
84 297 5
377 625 4
418 395 5
832 174 5
305 441 5
110 418 3
438 349 4
730 771 3
630 600 5
375 381 5
438 294 1
889 432 4
400 889 2
872 184 5
7 238 1
366 248 3
632 267 3
367 418 3
430 200 5
223 129 3
771 174 4
43 32 3
124 475 2
602 242 2
820 310 2
709 660 1
548 5 2
73 327 2
63 189 4
304 854 3
565 257 3
203 86 3
835 67 2
354 403 2
506 692 4
714 585 1
358 139 1
553 156 4
575 432 2
490 589 2
762 898 1
103 612 3
87 693 5
586 460 5
322 658 2
603 819 5
221 521 3
454 300 2
67 778 4
389 263 3
167 321 3
779 565 3
239 301 2
758 453 5
353 764 2
436 280 1
526 605 5
599 395 3
660 441 4
146 173 2
670 47 1
602 651 3
102 169 4
609 269 3
463 205 2
888 794 5
334 441 2
42 332 2
312 835 3
63 689 1
690 790 5
705 856 4
240 391 4
496 483 2
586 251 4
548 815 3
410 488 1
2 407 5
877 66 1
442 210 2
179 358 2
643 143 4
721 829 3
28 418 2
351 205 1
720 403 2
684 611 1
309 193 1
70 288 4
324 473 4
196 287 4
302 503 3
169 891 3
101 905 5
471 213 4
394 611 1
192 713 2
862 221 2
903 711 4
610 675 5
714 272 3
587 341 1
388 454 3
332 861 1
234 189 1
503 673 1
841 608 2
197 375 4
468 520 5
223 711 4
426 903 3
352 867 3
406 460 2
256 128 2
462 551 1
315 688 2
429 747 1
519 272 1
39 27 4
738 110 3
780 4 1
285 91 1
476 242 1
733 272 3
182 40 1
839 468 5
844 268 5
89 107 1
493 330 4
626 645 4
557 58 5
322 135 3
798 316 4
81 179 4
340 682 5
525 334 4
727 587 2
817 851 5
285 469 2
213 55 4
370 843 3
728 745 3
860 819 3
610 571 4
790 791 3
703 2 2
428 69 3
126 393 2
310 320 5
68 765 5
258 299 5
380 865 4
530 882 3
308 194 4
811 38 1
281 389 4
10 83 1
118 569 1
721 633 2
734 367 1
146 861 4
710 623 4
403 23 1
83 626 4
363 18 4
901 312 3
736 27 5
650 527 2
597 286 4
424 734 4
357 329 1
684 253 3
605 562 1
702 560 2
684 103 4
500 824 3
630 737 5
98 340 2
234 197 4
717 787 5
214 877 4
674 152 4
490 510 3
832 800 2
108 199 1
400 723 2
418 474 4
446 240 3
652 547 2
662 489 1
701 902 2
771 68 1
273 10 3
814 325 1
709 842 3
853 36 1
344 89 3
548 379 3
460 152 2
499 281 5
237 307 1
39 365 4
372 93 2
656 201 2
364 473 5
30 780 4
372 798 4
652 390 2
135 825 5
884 80 2
179 655 4
777 341 1
833 32 1
308 713 4
301 799 3
150 590 4
374 655 1
309 369 5
743 13 4
819 388 2
679 527 1
651 742 4
869 379 1
470 552 2
1 400 1
551 357 4
510 188 1
108 337 1
472 377 1
727 886 5
286 331 4
509 658 3
330 11 5
87 74 2
76 376 2
317 593 1
303 440 3
864 574 5
238 514 1
114 86 4
672 56 2
488 344 1
448 844 2
148 590 2
109 577 5
562 868 2
82 195 2
171 614 5
417 790 2
627 49 2
132 77 1
636 603 4
661 456 2
740 292 4
33 55 5
270 636 4
877 260 3
704 25 3
33 127 3
252 243 5
473 517 3
544 461 5
464 31 3
179 57 3
20 34 3
324 443 3
866 845 2
205 806 4
789 825 5
584 641 1
865 149 4
194 321 1
97 156 3
119 409 2
538 633 5
780 203 2
618 278 1
469 795 4
634 340 4
129 155 3
615 359 2
155 203 3
864 242 4
453 312 5
804 679 3
436 177 1
161 313 5
274 309 5
637 482 3
504 624 1
159 14 3
84 11 3
484 833 5
95 642 5
806 712 1
503 495 3
460 434 5
501 248 3
102 366 2
602 551 3
112 867 5
29 240 3
285 73 3
747 175 1
315 901 1
135 22 3
316 194 3
708 843 1
601 849 5
23 44 5
339 746 1
443 398 4
689 514 3
839 115 5
749 63 4
284 378 4
826 519 1
278 41 4
381 552 2
667 789 2
263 391 1
240 581 3
105 530 2
782 604 1
35 476 2
844 150 4
643 828 4
249 716 4
148 133 3
529 378 4
477 607 5
459 516 3
57 833 2
397 63 2
98 761 2
288 260 4
399 27 1
618 829 1
516 354 4
182 708 2
589 660 3
492 598 1
163 657 2
142 131 1
644 856 1
38 499 2
230 846 4
878 382 4
225 299 4
671 734 1
769 137 5
187 40 3
316 76 1
836 132 4
325 892 5
345 771 1
202 238 1
651 200 5
551 704 2
590 762 5
226 698 2
773 281 5
529 144 3
888 829 2
173 827 4
762 253 1
107 846 1
375 399 2
290 710 3
177 453 3
437 573 4
743 365 3
819 479 2
154 581 3
381 751 5
326 278 2
817 755 3
829 247 1
706 622 3
796 884 4
800 539 4
314 442 1
646 3 1
483 359 5
787 478 4
795 117 4
531 46 4
674 763 3
465 386 3
579 741 4
115 61 3
869 439 5
186 274 3
365 240 4
103 281 3
607 210 1
662 791 1
245 558 3
492 54 1
483 608 3
382 259 5
715 634 5
783 538 2
37 174 1
282 875 5
434 297 2
167 354 3
503 246 1
481 302 2
421 716 1
259 716 3
601 507 3
66 567 3
293 68 4
120 670 1
498 569 2
662 125 4
787 82 2
241 109 3
703 30 4
653 602 1
867 439 3
253 460 4
511 133 2
551 680 2
408 688 3
625 307 3
386 670 4
198 422 4
326 807 2
887 409 1
775 486 1
194 820 1
622 612 2
753 186 1
605 638 4
32 737 1
625 443 3
22 883 4
465 548 2
23 878 5
546 415 4
73 249 4
568 335 3
634 658 5
694 586 3
711 352 5
846 67 2
744 466 3
153 524 4
681 747 2
227 601 2
289 302 1
271 702 2
585 167 1
581 804 3
372 29 3
829 125 3
238 811 1
338 49 1
194 238 1
543 600 1
289 209 2
479 217 5
119 62 1
663 621 3
176 458 2
625 55 4
633 443 2
175 652 1
24 557 3
265 84 2
339 256 5
186 295 4
211 434 3
774 623 4
394 573 2
242 94 3
763 344 1
408 743 2
637 73 2
24 437 1
415 868 3
497 828 5
128 884 4
591 712 5
604 465 2
535 379 2
454 376 5
814 385 2
397 754 5
37 781 5
110 382 1
804 28 3
464 385 4
752 66 3
759 530 3
340 739 5
269 245 5
22 638 1
447 28 4
297 522 4
255 608 4
876 42 5
73 115 4
881 103 2
291 687 5
56 564 2
779 253 4
327 688 2
157 896 4
485 229 2
100 31 5
86 600 5
385 864 1
634 263 3
154 277 1
604 648 3
432 106 4
754 195 4
516 214 3
625 572 1
483 875 5
480 831 5
800 626 3
838 799 1
411 318 5
175 441 3
430 741 1
83 611 3
344 486 2
3 139 3
741 717 1
815 498 4
745 715 4
605 647 2
763 178 4
607 496 2
795 224 5
827 161 1
622 760 1
109 336 1
408 600 1
96 837 4
536 427 5
762 115 3
354 714 3
57 128 3
508 234 3
602 787 2
108 604 4
724 670 2
863 387 1
642 38 3
496 489 2
254 154 5
409 345 5
672 12 4
329 300 1
538 472 3
71 649 1
837 391 5
59 26 3
458 804 5
564 56 2
91 854 1
148 63 2
226 678 2
700 64 4
652 321 4
287 879 1
390 264 2
838 143 3
777 521 1
470 663 3
734 127 2
176 499 5
361 159 5
375 410 3
741 368 1
805 33 1
28 710 1
463 784 5
137 43 1
55 419 2
738 124 3
212 884 3
600 895 3
709 727 2
4 454 3
15 630 3
277 601 3
164 647 3
430 162 1
510 649 4
465 520 1
328 421 4
341 679 4
445 532 2
138 261 2
47 883 1
902 833 3
48 727 4