329 2319 4 171 26 
1 0 3
2 1 2
3 2 1
4 0 2
5 0 2
6 0 1
7 2 2
8 0 2
9 0 3
10 6 4
11 3 4
12 1 4
13 12 3
14 5 1
15 9 2
16 8 1
17 4 2
18 0 3
19 2 4
20 4 3
21 11 4
22 3 2
23 3 2
24 10 3
25 0 4
26 16 4
27 16 1
28 10 3
29 17 2
30 19 3
31 1 3
32 9 1
33 14 3
34 0 3
35 19 1
36 19 1
37 25 4
38 29 1
39 12 3
40 6 1
41 7 4
42 29 3
43 9 1
44 12 3
45 43 2
46 38 2
47 5 4
48 12 4
49 40 2
50 45 2
51 41 1
52 28 3
53 2 4
54 29 1
55 39 3
56 3 1
57 34 1
58 0 2
59 34 1
60 15 4
61 47 2
62 60 4
63 43 1
64 59 2
65 18 2
66 36 1
67 46 4
68 26 3
69 2 1
70 57 2
71 65 1
72 34 3
73 13 3
74 3 1
75 38 1
76 24 1
77 60 2
78 49 1
79 34 1
80 30 1
81 9 3
82 78 4
83 1 4
84 61 2
85 43 2
86 81 3
87 62 4
88 55 1
89 65 4
90 12 2
91 17 3
92 77 1
93 77 2
94 63 4
95 87 2
96 41 2
97 12 1
98 14 2
99 80 3
100 8 3
101 75 3
102 99 1
103 19 2
104 0 3
105 51 1
106 59 3
107 87 3
108 77 1
109 79 4
110 86 4
111 87 1
112 52 3
113 104 1
114 87 1
115 38 4
116 62 4
117 76 2
118 7 1
119 32 4
120 45 2
121 93 1
122 5 3
123 101 1
124 30 4
125 48 2
126 26 2
127 107 4
128 108 2
129 9 2
130 30 3
131 31 1
132 80 3
133 71 3
134 31 3
135 116 1
136 89 2
137 80 2
138 98 1
139 75 3
140 45 2
141 103 3
142 51 4
143 42 2
144 74 3
145 99 3
146 113 3
147 30 1
148 108 4
149 66 3
150 147 2
151 129 2
152 81 3
153 24 1
154 73 1
155 153 1
156 95 1
157 109 3
158 87 3
159 135 3
160 39 1
161 101 2
162 110 1
163 13 2
164 10 1
165 41 4
166 25 2
167 19 1
168 92 4
169 90 2
170 136 4
171 11 3
172 78 3
173 3 4
174 60 4
175 22 2
176 165 3
177 51 3
178 10 4
179 54 4
180 93 3
181 16 2
182 102 4
183 53 1
184 97 4
185 44 2
186 50 4
187 128 2
188 182 2
189 44 4
190 136 1
191 136 1
192 127 3
193 110 4
194 42 3
195 175 3
196 177 4
197 77 4
198 149 2
199 157 1
200 194 1
201 16 4
202 56 4
203 40 3
204 104 4
205 96 3
206 198 2
207 103 3
208 17 2
209 171 3
210 71 4
211 143 4
212 20 3
213 102 3
214 146 2
215 103 2
216 201 2
217 53 4
218 216 1
219 119 3
220 164 1
221 10 4
222 60 2
223 100 4
224 40 1
225 124 2
226 177 4
227 15 1
228 220 2
229 62 2
230 181 4
231 22 2
232 211 2
233 107 1
234 37 2
235 196 3
236 225 2
237 227 2
238 26 1
239 196 1
240 92 2
241 49 4
242 32 4
243 148 3
244 214 4
245 236 1
246 47 4
247 136 2
248 119 1
249 238 3
250 183 3
251 24 1
252 209 2
253 196 4
254 137 3
255 192 4
256 94 4
257 2 1
258 126 2
259 48 3
260 158 4
261 76 3
262 197 1
263 230 1
264 157 2
265 10 1
266 2 2
267 102 1
268 258 4
269 112 3
270 117 4
271 201 3
272 212 2
273 203 2
274 273 1
275 249 1
276 244 4
277 142 2
278 258 2
279 5 4
280 39 2
281 202 4
282 264 4
283 96 4
284 216 2
285 128 1
286 99 4
287 201 4
288 116 2
289 233 4
290 20 4
291 215 2
292 260 4
293 112 1
294 267 3
295 148 2
296 27 3
297 181 4
298 113 4
299 44 1
300 221 1
301 155 4
302 124 2
303 11 3
304 65 4
305 63 3
306 94 4
307 70 4
308 104 2
309 46 4
310 74 2
311 146 2
312 74 2
313 160 1
314 24 4
315 95 1
316 273 4
317 144 3
318 71 2
319 146 1
320 110 1
321 267 3
322 321 3
323 310 1
324 113 1
325 212 3
326 240 2
327 240 4
328 69 4
288 255 4
87 242 4
216 206 2
252 70 4
64 137 2
10 308 4
33 142 4
201 256 2
177 89 1
23 174 2
249 119 1
108 169 3
125 215 1
251 74 1
141 45 3
157 151 4
257 143 1
22 98 2
292 258 1
83 13 4
163 184 2
163 59 1
99 304 4
319 204 4
327 314 3
116 134 1
237 168 2
145 228 4
209 125 3
147 314 1
273 224 3
62 84 3
145 187 2
91 169 4
187 275 2
228 173 2
298 284 3
260 59 1
214 48 3
298 97 1
303 194 1
210 76 4
227 152 2
305 148 2
42 158 2
203 25 2
134 8 3
91 32 2
223 298 1
122 213 3
250 101 4
128 133 4
234 321 3
137 253 1
306 97 4
196 55 1
283 191 3
169 200 2
304 228 3
128 298 2
69 138 3
324 21 2
73 172 2
181 100 2
274 195 3
307 11 3
91 102 3
298 235 4
201 3 3
146 293 3
68 289 3
54 325 3
283 26 1
301 135 1
279 78 1
199 122 2
289 126 1
71 77 1
272 235 1
237 204 4
259 149 2
194 28 3
130 238 1
315 27 2
233 120 4
108 265 3
216 43 1
125 193 1
311 226 1
266 170 4
257 204 2
216 138 4
2 135 2
229 254 3
280 10 4
245 44 4
165 16 1
132 115 4
13 131 1
54 202 2
222 285 4
268 38 4
13 264 3
135 102 1
3 250 2
249 235 2
161 229 3
215 222 3
275 125 4
35 78 2
304 144 2
221 3 1
256 181 2
181 312 1
46 30 4
28 98 3
270 15 3
10 105 4
135 262 1
151 118 1
173 239 1
144 96 1
216 56 3
62 2 2
97 108 2
222 250 4
72 185 1
69 226 1
86 225 4
285 246 2
9 93 4
197 92 3
69 247 2
249 20 4
315 228 3
61 168 2
74 88 3
311 168 1
284 276 3
126 288 2
203 309 1
169 97 1
72 175 1
46 63 4
198 208 2
195 301 4
168 68 1
307 299 3
50 40 4
20 264 3
160 2 4
196 21 1
254 159 1
176 33 2
267 207 3
13 269 3
28 235 3
256 9 1
312 160 4
249 304 1
310 246 3
176 84 4
131 149 1
307 58 1
325 268 1
63 296 4
228 90 4
241 278 3
74 270 4
197 258 2
135 5 4
266 42 2
37 128 4
229 97 2
127 17 2
186 264 3
189 319 4
67 306 3
250 266 2
75 138 4
167 124 4
70 252 4
48 33 4
64 232 1
4 286 4
297 151 1
63 168 4
207 303 4
193 140 1
305 119 2
266 4 4
211 158 1
85 153 1
226 28 3
75 141 1
287 326 3
6 108 1
296 136 4
207 255 2
280 273 2
315 202 3
19 58 4
202 40 3
210 128 1
317 16 3
121 316 3
211 80 4
58 238 3
290 32 4
305 158 4
172 186 3
216 137 2
160 121 3
25 289 1
177 218 3
115 274 1
323 136 4
317 111 1
270 195 2
63 242 2
230 63 3
94 156 4
300 64 1
76 104 2
64 16 4
204 197 3
278 214 4
119 160 4
120 105 2
106 110 1
95 261 1
175 211 1
44 52 2
246 143 3
216 289 1
202 216 4
277 315 3
27 15 2
40 148 4
5 61 4
101 126 3
24 26 1
32 14 4
261 204 4
315 204 4
235 59 4
57 59 3
267 191 4
144 129 2
17 134 2
291 239 2
116 328 3
255 82 3
159 131 3
249 325 1
39 115 1
112 17 1
266 235 4
174 108 2
28 233 4
137 265 4
56 63 2
168 135 2
199 273 2
132 179 1
169 214 3
160 101 1
110 5 2
25 170 1
32 221 4
148 28 4
54 21 1
54 49 3
63 150 4
220 123 1
258 17 1
91 5 2
316 109 2
215 95 3
318 80 4
88 160 4
265 117 3
53 48 2
236 77 4
44 226 3
323 326 1
194 325 2
106 191 1
182 122 4
57 3 4
76 258 3
174 292 4
183 50 4
44 181 3
31 154 1
305 38 2
6 270 3
21 274 3
286 45 4
172 156 2
167 233 1
306 29 4
275 243 3
63 202 4
223 73 1
142 271 4
226 67 4
127 239 2
1 12 3
164 8 1
38 187 4
286 236 1
242 203 2
38 182 1
56 175 2
210 268 2
210 16 3
267 204 4
85 202 2
131 63 1
281 294 4
53 252 2
11 195 1
279 208 3
40 232 2
216 11 3
53 175 3
55 180 4
160 259 1
294 121 3
212 204 3
31 219 3
105 215 4
80 218 1
295 25 1
46 20 2
193 178 4
9 119 2
243 66 2
199 104 3
281 264 3
74 146 4
220 150 2
304 95 2
175 298 3
211 167 2
70 144 3
5 41 3
85 170 2
323 75 3
92 181 3
237 198 3
176 153 3
159 321 2
184 54 3
235 252 3
301 260 2
282 157 2
290 257 1
310 62 1
182 322 4
194 181 1
279 219 4
304 197 1
261 39 4
149 249 1
304 130 4
304 133 2
144 28 2
325 311 1
69 127 1
18 298 4
16 271 4
301 280 1
193 79 1
206 11 4
23 21 4
141 211 2
181 158 1
176 211 2
297 70 1
44 72 2
119 94 3
215 55 4
153 275 2
169 239 1
39 1 2
150 42 3
110 159 2
193 305 4
181 162 2
56 92 1
38 18 3
82 122 3
23 313 2
58 206 1
93 227 1
150 316 1
228 170 3
205 12 2
171 28 1
151 136 4
133 106 3
253 307 2
86 61 2
192 59 2
191 28 1
303 217 3
136 26 1
110 263 4
244 243 4
141 251 4
205 140 3
172 117 2
69 132 4
31 61 4
215 88 1
322 4 1
253 145 4
26 115 1
89 131 4
98 306 4
258 191 4
237 76 1
135 327 3
266 111 2
168 292 2
310 77 3
326 167 2
296 177 3
102 44 4
90 36 4
103 84 2
99 200 3
91 211 2
128 327 3
87 229 3
155 303 2
222 65 3
260 238 1
304 92 4
221 50 2
242 111 1
38 62 1
189 22 4
18 209 1
186 216 4
155 281 4
46 298 2
70 309 3
124 211 4
300 313 4
200 99 3
108 73 4
68 46 2
19 91 3
140 159 1
71 88 2
85 65 1
250 217 3
153 102 1
89 140 3
164 248 3
7 29 2
26 78 4
186 11 3
157 34 4
260 9 1
269 209 3
296 144 4
57 277 2
306 156 1
144 24 4
45 66 2
303 132 2
95 194 4
63 270 4
308 167 3
72 273 4
141 193 2
84 211 3
4 65 3
68 169 4
112 130 4
111 145 3
154 159 1
288 98 2
195 89 4
20 298 1
259 283 1
285 34 3
167 112 3
135 285 1
121 137 1
57 312 1
175 319 1
217 197 2
216 312 2
264 3 1
181 257 1
113 109 2
10 128 4
113 107 4
189 311 3
91 123 3
260 103 2
123 293 3
225 76 3
89 115 2
224 144 4
36 164 1
51 102 3
26 144 1
149 36 4
227 275 1
214 122 3
168 79 4
309 215 4
316 150 3
206 64 4
96 275 2
128 127 4
24 143 2
73 295 1
252 178 1
222 20 4
20 197 4
299 18 1
87 129 3
200 11 3
150 197 4
320 127 1
312 31 1
227 82 3
220 223 1
229 42 1
267 82 4
197 55 1
247 292 4
254 99 4
97 8 3
174 315 2
179 189 1
311 162 3
70 188 1
44 220 3
13 254 2
180 224 2
266 92 4
267 236 3
167 177 2
103 54 3
30 325 2
13 24 4
308 260 3
23 266 4
192 46 2
80 238 3
39 107 4
257 161 3
307 163 2
321 162 1
253 6 2
274 63 1
121 305 4
10 108 2
93 124 1
72 51 3
184 258 1
118 279 2
202 48 2
99 241 1
27 319 3
310 197 3
107 191 1
108 173 2
66 97 2
258 84 2
94 198 4
27 190 3
25 320 2
76 202 3
271 0 2
321 328 2
221 146 4
276 325 4
72 0 1
277 270 1
113 3 4
105 169 3
131 228 4
96 218 4
40 10 1
57 174 4
181 8 3
286 46 3
20 215 2
160 81 2
77 108 1
164 65 4
30 141 4
55 295 2
258 47 2
137 141 3
79 16 3
268 119 2
123 227 3
9 23 1
120 127 4
10 163 3
168 107 2
139 243 3
253 175 4
115 270 3
3 303 1
256 58 4
110 56 3
199 251 2
170 193 1
186 136 1
153 208 2
2 58 1
220 23 1
2 298 2
226 3 4
202 237 3
193 257 2
304 204 1
208 50 3
54 72 4
141 206 4
116 108 4
58 230 3
152 175 2
52 276 2
76 239 2
168 177 1
304 110 1
216 34 4
75 148 1
25 217 2
226 61 3
326 310 4
87 122 4
253 310 3
236 134 4
226 47 2
55 108 2
38 286 2
325 85 1
162 165 1
169 40 1
127 276 4
109 7 3
7 68 1
87 249 3
138 37 2
231 108 1
315 266 3
169 96 4
33 3 4
132 54 2
239 274 1
287 127 4
203 184 4
320 19 3
69 33 3
96 229 2
124 55 1
145 189 3
139 189 1
3 27 1
21 24 4
289 313 3
204 273 1
217 202 1
203 156 1
208 278 2
148 167 2
13 50 2
267 72 2
42 276 2
117 42 3
209 140 3
227 207 3
105 117 2
183 110 3
34 198 2
222 287 1
28 326 4
218 100 4
235 71 3
59 46 3
281 192 4
44 31 4
196 186 1
290 312 3
65 284 1
311 262 3
4 162 1
85 106 1
259 125 1
1 188 2
253 204 1
255 76 2
129 287 3
187 25 4
286 303 3
82 9 1
319 28 3
9 42 2
110 326 3
221 292 4
212 183 3
175 43 3
235 25 2
95 196 1
206 283 3
143 17 2
234 322 2
277 239 2
159 209 2
42 179 3
295 237 2
41 116 2
88 61 1
223 169 2
237 147 3
47 278 1
82 259 3
82 282 2
88 46 1
22 281 4
191 239 3
253 214 4
151 20 1
81 254 2
166 164 4
117 22 3
318 325 1
13 170 4
226 59 2
230 175 2
148 14 1
30 66 3
302 35 4
138 283 1
55 236 2
114 188 1
205 4 1
21 177 1
302 314 2
66 148 2
254 181 2
225 86 3
250 149 1
56 318 2
168 294 4
188 286 4
113 196 2
3 159 2
14 58 2
245 87 1
50 176 1
28 267 2
15 246 3
310 268 1
282 281 4
192 5 1
194 267 3
24 18 1
72 323 3
217 61 2
230 169 4
75 319 1
1 81 1
50 317 1
11 82 1
140 33 4
123 107 2
290 17 4
119 95 2
261 196 2
273 295 3
281 326 3
133 244 4
211 152 3
306 161 2
310 295 3
115 229 2
56 17 3
265 243 3
94 99 3
140 170 3
271 297 2
159 210 3
226 156 3
133 23 3
206 317 1
2 175 1
184 241 4
268 223 2
28 123 2
173 327 1
190 107 2
227 281 3
315 112 1
221 90 4
183 115 2
84 17 3
294 17 1
117 168 3
135 48 2
102 41 3
106 94 4
100 294 1
68 293 4
73 70 1
56 61 2
92 282 2
181 272 4
25 111 4
47 233 1
133 238 3
161 319 2
74 7 4
39 216 1
98 224 4
304 277 2
255 70 2
237 225 2
217 215 1
35 20 1
118 226 1
119 150 3
306 180 2
320 153 1
296 222 1
288 78 3
188 237 3
317 173 1
56 199 2
87 135 4
197 238 4
175 216 3
233 38 2
240 310 4
70 243 1
95 179 2
170 71 1
191 130 4
284 191 3
18 120 3
5 129 3
109 70 4
197 148 4
126 199 1
176 202 4
244 261 1
48 249 1
251 108 2
209 309 1
28 242 2
46 276 2
148 201 3
303 106 3
196 109 1
317 70 3
271 278 4
82 277 3
94 289 1
230 182 4
249 61 1
60 224 1
148 51 3
206 33 2
182 91 4
182 239 2
139 289 2
247 282 1
308 231 4
107 150 2
50 277 1
230 301 3
242 15 1
80 207 2
110 199 1
82 152 2
104 287 4
83 117 4
28 20 4
32 199 1
76 14 2
182 269 1
324 91 1
154 199 3
257 87 4
143 149 2
141 305 1
250 193 2
249 189 4
12 80 4
311 40 2
76 174 2
49 233 2
273 113 3
223 8 1
326 87 1
204 54 1
229 141 1
251 129 1
295 80 4
89 119 4
271 171 2
48 32 4
157 155 2
110 42 1
35 81 3
305 188 1
170 264 2
139 254 3
319 198 1
138 189 4
244 30 1
292 172 4
97 68 1
111 155 3
205 327 4
128 246 3
243 151 1
26 89 3
253 132 3
94 5 3
163 169 2
268 323 3
60 2 4
31 217 2
192 133 2
320 148 4
221 224 4
91 287 4
105 182 1
89 42 1
189 9 1
92 104 2
180 164 4
285 261 3
37 161 4
182 267 2
177 299 4
266 265 1
145 304 4
226 216 1
146 144 2
207 10 3
317 205 2
263 198 1
134 126 1
234 188 4
53 174 1
79 234 3
276 42 2
120 4 4
249 183 3
326 215 1
80 285 1
182 112 1
195 59 2
306 307 2
101 132 3
96 145 4
9 233 4
13 108 1
248 7 3
166 211 1
58 296 1
261 230 4
241 52 2
269 149 3
33 258 2
172 307 4
268 82 2
188 40 4
155 229 1
159 308 3
43 103 1
10 97 1
22 227 3
111 257 2
160 278 3
93 293 2
88 224 1
142 177 1
131 309 4
162 67 4
144 33 4
186 76 3
54 161 4
176 73 4
145 224 3
326 84 2
253 163 4
269 55 3
313 118 2
242 73 3
173 316 4
110 313 1
248 38 4
24 256 1
87 10 3
233 46 4
265 168 2
181 72 3
150 153 3
226 215 2
11 262 2
191 103 1
54 189 2
295 182 3
150 55 2
174 287 3
157 217 4
7 288 3
227 79 3
233 75 3
286 88 3
262 28 3
282 102 3
286 240 1
18 286 4
158 156 2
233 249 2
86 287 3
223 285 4
18 17 3
95 314 4
20 87 2
248 264 2
257 96 4
67 171 2
120 76 4
230 46 4
281 71 4
281 206 3
135 1 3
146 255 2
222 84 2
34 284 4
255 251 4
323 105 2
328 257 2
137 197 3
296 65 2
296 28 4
165 216 3
224 28 3
193 185 4
161 116 3
50 287 3
180 90 1
231 261 4
318 283 1
194 1 4
140 144 4
39 3 4
180 143 4
52 101 3
88 292 1
256 190 2
103 203 2
158 17 2
136 180 2
192 246 1
11 118 3
67 265 4
36 113 4
306 249 1
53 3 2
212 233 4
198 316 3
83 138 4
309 49 3
193 121 2
27 270 2
300 95 2
313 6 4
312 273 3
314 169 2
226 164 4
153 288 2
260 1 3
229 129 2
185 310 2
2 158 4
193 37 4
249 56 1
285 203 4
189 83 3
328 215 4
199 304 1
97 103 3
203 268 1
57 161 3
220 248 3
170 117 1
211 301 1
255 14 3
189 327 4
248 208 1
108 314 1
212 199 2
2 271 2
143 212 4
107 218 1
24 116 2
253 276 1
208 289 2
251 144 2
191 286 3
56 79 2
116 115 4
130 300 4
67 187 4
162 309 3
282 36 2
59 278 3
306 92 1
55 147 1
44 210 3
174 11 4
287 156 4
8 161 1
33 15 2
157 224 3
327 154 4
269 152 3
270 287 4
327 261 2
38 63 3
279 209 1
56 194 3
105 98 2
65 98 4
57 91 1
209 186 2
98 86 4
173 253 3
293 57 2
318 15 3
267 120 4
190 131 4
99 65 4
53 34 4
326 247 1
213 236 2
292 308 1
262 228 4
69 188 3
169 105 1
83 327 4
168 305 1
240 216 1
303 76 3
71 63 4
85 296 3
218 118 1
296 199 1
52 29 4
195 317 2
300 252 3
169 5 4
49 27 2
234 226 1
250 85 3
293 124 4
4 45 3
78 296 1
280 235 2
175 185 2
92 299 4
79 139 3
111 114 4
50 165 1
3 76 1
284 237 4
73 204 3
306 13 4
195 298 2
48 276 2
37 44 2
290 241 4
258 142 3
106 2 1
295 104 3
200 89 4
273 118 2
208 151 3
227 166 2
253 208 1
214 206 3
143 239 4
21 220 1
308 222 2
314 215 4
44 158 3
203 19 1
195 160 3
12 209 2
127 264 3
80 211 3
153 127 3
283 179 3
101 233 1
157 87 4
188 105 1
193 19 3
173 294 2
192 283 3
81 280 1
303 227 2
77 289 2
93 51 1
234 14 3
111 328 3
206 263 4
300 117 3
28 136 3
42 196 1
312 215 3
139 109 2
259 76 1
56 142 2
301 166 4
57 86 2
283 173 4
264 24 1
247 237 3
295 168 4
102 8 4
238 144 1
76 204 3
247 314 4
56 147 2
251 229 1
145 67 4
225 50 3
111 74 1
118 77 4
25 261 4
274 266 1
67 154 1
100 261 2
65 192 4
268 16 2
320 131 4
39 263 2
112 34 1
18 302 4
159 6 1
18 142 1
157 226 3
229 211 2
225 272 1
294 59 3
272 324 3
88 23 4
172 235 2
293 147 2
316 17 4
81 221 3
156 88 1
246 125 4
8 313 1
32 247 4
71 211 3
51 53 4
128 114 1
327 176 1
189 139 4
94 265 2
261 244 3
19 78 2
143 205 1
72 219 4
71 16 3
163 158 1
87 304 2
90 169 1
114 36 4
65 48 3
204 32 2
152 146 3
224 202 3
229 80 1
32 211 2
231 43 1
142 160 2
37 145 3
70 300 3
269 223 2
39 32 4
172 124 3
135 141 1
4 145 2
56 293 3
276 115 3
129 167 4
242 265 3
148 325 4
39 310 3
312 205 4
4 105 2
97 307 2
36 258 4
140 186 4
138 251 1
55 212 3
287 27 3
323 44 3
23 283 1
311 251 3
35 256 1
240 148 2
210 118 1
218 56 3
271 91 1
75 56 2
190 36 2
70 177 2
301 275 4
115 138 4
85 78 4
249 91 3
217 44 4
69 319 4
250 128 2
308 312 4
0 144 3
298 96 3
192 267 2
234 249 2
281 194 3
219 114 3
191 13 1
49 96 2
290 153 1
328 211 4
136 173 2
72 230 2
257 43 1
283 121 2
328 117 3
323 239 3
207 289 2
101 202 4
3 236 2
162 18 1
244 324 4
47 227 4
2 165 2
234 303 1
20 232 3
266 306 4
186 294 3
282 214 3
225 166 3
207 179 3
209 160 2
221 222 3
65 323 1
90 240 1
235 193 1
188 180 4
36 273 3
48 6 3
112 158 2
24 130 3
318 236 4
319 276 2
25 292 4
183 326 4
111 190 2
291 127 3
323 96 2
85 1 3
12 214 2
15 28 1
279 234 2
216 196 2
41 111 1
196 280 3
316 137 4
225 192 4
161 175 3
203 67 3
148 65 3
156 2 2
77 122 1
10 162 4
63 49 3
73 34 1
167 36 2
54 80 1
0 43 2
195 52 3
98 126 4
94 161 3
50 124 2
70 12 2
204 326 1
133 20 2
118 297 4
283 297 4
2 27 4
311 37 4
222 76 4
128 210 2
242 103 3
51 217 1
72 322 4
136 15 4
212 112 4
137 229 3
74 60 2
11 17 1
211 217 1
244 178 1
100 23 4
81 320 2
135 185 3
324 152 2
113 18 3
5 12 1
62 121 1
298 130 1
106 172 2
271 207 2
145 321 4
304 107 2
197 109 4
260 139 1
129 294 4
127 181 1
288 310 4
36 315 1
215 307 3
315 14 1
66 35 3
197 243 3
67 313 1
327 284 4
88 116 2
80 110 3
13 203 4
177 126 1
33 270 4
217 328 4
263 248 3
270 217 2
114 47 3
67 116 1
161 42 4
61 150 3
12 262 2
107 179 4
278 274 3
219 272 3
262 258 4
239 111 1
139 57 4
229 157 1
176 116 2
258 113 3
169 94 3
37 143 2
156 203 3
194 237 1
32 212 1
4 26 3
316 3 2
256 234 3
230 208 1
272 218 4
86 309 3
7 137 3
88 244 4
149 34 1
129 271 1
225 134 3
227 242 3
186 282 3
20 49 4
305 315 1
28 196 1
189 5 1
280 3 2
205 209 1
136 96 1
220 26 1
198 169 3
296 160 2
38 70 4
123 22 1
201 94 2
58 107 2
193 311 3
251 178 1
45 116 3
118 54 3
260 214 3
159 269 3
310 16 3
179 79 3
93 109 4
36 101 2
278 248 4
59 129 3
204 21 2
117 312 3
217 320 3
160 64 1
294 124 2
218 260 4
16 125 2
81 326 4
127 258 1
86 172 2
109 92 3
3 128 1
116 147 3
199 51 1
193 96 4
196 28 3
33 240 1
192 247 3
234 124 4
33 204 3
26 174 1
180 25 4
292 135 1
88 275 1
103 208 2
175 9 1
71 234 1
292 269 1
177 120 2
12 224 3
278 198 1
217 323 3
188 82 1
251 80 2
238 24 3
253 191 4
37 3 1
23 295 2
250 13 2
87 49 1
4 48 2
29 323 1
30 312 2
83 259 4
242 84 3
205 37 3
241 158 3
166 82 2
243 24 2
137 257 4
80 193 1
277 132 2
302 271 4
184 160 2
250 23 1
29 26 1
301 215 4
153 131 3
87 163 2
305 247 2
286 287 1
141 317 3
287 205 3
46 73 3
22 190 4
161 265 2
208 94 2
6 193 1
38 141 3
105 216 3
256 118 4
280 106 2
213 46 1
201 40 3
94 307 1
10 31 1
316 155 1
202 124 4
227 2 2
25 212 3
222 128 2
266 23 2
192 313 1
91 163 1
297 239 4
241 262 3
320 214 2
87 128 1
121 4 2
263 4 4
249 293 2
233 202 1
271 95 1
179 318 1
35 123 4
83 96 4
27 282 4
53 326 3
108 80 3
32 110 1
5 160 2
284 92 2
47 149 4
8 105 4
96 244 3
55 322 1
285 1 4
140 196 3
78 287 2
312 12 4
112 185 2
258 325 2
191 165 4
307 60 2
253 323 2
297 255 4
238 262 4
252 157 4
229 155 1
94 88 1
301 237 1
175 163 2
245 32 4
119 193 3
17 95 4
225 80 1
207 105 4
170 320 4
253 229 3
215 135 4
238 27 3
171 132 3
255 231 3
60 9 3
137 144 3
285 102 4
29 257 1
235 97 1
290 151 4
254 317 4
156 57 4
306 201 3
260 252 2
168 226 1
49 68 3
249 217 4
323 43 3
124 270 2
128 119 1
28 91 1
191 246 3
318 161 2
228 122 3
245 129 3
284 263 1
204 292 2
162 248 2
261 237 4
283 254 2
259 22 4
91 165 4
59 262 4
325 112 2
199 40 1
184 19 3
251 189 3
21 27 2
118 151 4
302 205 4
96 73 1
296 202 3
34 68 1
84 99 2
119 120 2
293 121 3
76 248 3
136 317 2
159 30 4
252 159 4
175 293 3
157 51 4
145 231 1
117 46 2
229 138 2
59 123 2
130 144 3
64 245 1
85 102 1
14 43 2
115 102 2
157 328 3
138 83 2
33 160 2
292 229 4
200 281 1
117 49 4
48 319 2
298 15 1
62 254 4
218 39 2
283 308 2
167 326 1
79 6 4
125 298 2
104 283 4
151 77 4
179 127 2
45 296 4
49 209 3
171 41 3
16 293 1
322 325 1
155 49 3
195 81 2
142 176 4
86 15 3
328 179 2
98 119 4
125 90 1
10 73 3
46 283 1
105 187 2
90 209 2
8 296 4
156 218 3
127 179 2
301 149 3
139 204 4
226 126 2
246 221 3
180 51 3
56 204 3
215 185 1
149 266 4
155 310 1
99 16 2
100 213 1
64 86 1
215 57 3
85 266 2
214 181 3
93 270 1
300 159 4
233 238 1
77 38 2
94 103 1
296 200 2
62 38 1
294 299 2
277 33 2
18 175 4
219 138 3
311 119 3
227 292 4
68 57 3
214 314 2
103 100 2
75 71 3
71 321 2
72 89 3
209 296 1
137 134 3
200 57 2
70 96 4
139 61 3
310 218 3
209 47 3
229 59 2
20 124 3
112 90 2
209 88 2
11 238 1
310 69 2
150 40 2
153 160 1
245 23 2
1 65 1
92 166 4
116 210 4
179 255 2
31 251 2
328 20 2
10 255 2
25 213 1
264 122 2
306 178 3
123 75 2
238 321 4
148 249 4
97 151 2
286 180 4
244 224 4
9 217 4
189 291 2
188 274 4
101 284 1
10 249 4
21 240 3
29 2 4
205 25 4
215 167 1
182 209 2
176 107 4
136 228 2
315 213 1
152 98 1
292 1 3
63 321 1
132 61 2
294 108 4
312 191 1
53 260 4
263 278 3
56 174 1
309 243 3
27 98 2
202 257 4
12 200 1
246 74 1
136 99 2
288 325 4
21 168 3
179 16 2
252 262 3
240 39 2
93 198 3
109 156 2
269 257 1
141 88 3
43 252 1
218 41 4
177 70 1
97 236 2
325 208 2
152 111 2
214 225 1
158 13 4
136 72 4
260 60 1
311 24 2
216 324 4
85 33 1
46 130 2
320 100 2
209 277 3
266 292 4
88 238 2
162 60 3
56 256 4
170 228 4
133 122 3
302 203 2
167 250 4
79 97 3
294 316 1
103 229 4
276 210 4
170 235 2
101 250 3
82 104 1
30 203 1
62 226 1
240 184 2
182 302 1
144 167 2
241 126 4
195 168 4
159 318 1
284 253 3
26 168 4
175 152 4
231 148 3
30 148 3
248 291 3
135 256 4
274 199 1
116 291 4
107 69 2
225 141 1
328 134 3
229 277 4
290 224 2
204 176 4
65 43 2
244 241 1
51 135 4
57 278 1
239 95 2
234 146 4
136 152 4
273 327 1
318 29 2
92 297 2
156 197 2
260 28 4
209 264 3
160 232 4
249 109 1
246 82 1
133 302 3
283 125 2
36 192 1
126 181 3
17 72 3
269 247 1
192 73 3
315 152 2
55 31 1
156 263 2
217 300 3
126 303 1
189 225 1
242 76 4
172 92 3
195 313 4
51 43 3
127 204 4
194 301 4
270 57 1
202 66 4
119 236 4
89 0 2
229 126 3
161 71 1
98 206 1
153 176 3
193 142 3
266 322 3
10 311 1
248 209 3
19 0 3
6 251 4
146 145 1
109 327 1
266 10 2
46 101 2
116 271 2
60 313 3
20 131 3
241 59 2
49 223 1
64 96 3
102 280 1
83 264 1
287 177 4
176 137 1
140 29 1
238 163 4
59 173 3
97 187 4
175 76 1
251 152 1
250 271 1
310 178 2
301 264 3
192 280 1
191 91 1
95 70 1
252 233 4
3 242 3
95 149 4
42 90 3
106 14 3
163 136 3
206 144 1
221 296 2
290 26 3
281 310 4
269 296 1
309 90 4
42 149 2
126 192 3
256 239 2
296 304 2